grid_x 4
grid_y 3
num_cameras 1
camera 1244987049
0
  0

  0

  0

  0

  0

  0

  0

  0

  0

  0

  0

  0

1
  0

  0

  0

  0

  0

  0

  0

  0

  0

  0

  0

  0

2
  0

  0

  0

  0

  0

  0

  0

  0

  0

  0

  0

  0

3
  0

  0

  0

  0

  0

  0

  0

  0

  0

  0

  0

  0

4
  0

  0

  0

  0

  0

  0

  0

  0

  0

  0

  0

  0

5
  30
     <    255.000    207.625     75.000     29.750     16.125      9.650      7.917      8.083      6.054      6.661      6.206      7.188      6.925      7.000      6.545      6.229      5.344      5.733      5.192      3.831  > 
     <    117.000     99.625     52.250     24.650     14.583      9.350      8.417      6.458      7.679      5.804      7.088      6.906      7.200      6.870      5.443      5.354      4.708      5.448      4.842      3.774  > 
     <    111.000    108.750     57.250     25.650     13.458      9.550     10.306      7.312      7.411      6.482      6.662      7.359      7.088      6.685      5.943      5.958      5.896      5.448      5.267      3.809  > 
     <    131.000    104.250     59.312     26.550     14.958      9.400      7.583      7.354      7.304      6.268      6.471      7.031      7.225      6.174      6.614      5.760      6.115      5.655      5.217      3.811  > 
     <    176.000    132.125     57.875     25.100     15.250     10.500      8.833      7.146      6.857      7.089      6.765      6.234      7.400      6.717      6.364      6.292      6.531      5.241      5.042      3.865  > 
     <     38.000     79.125     52.125     24.150     15.500     10.425      8.806      7.667      7.018      6.768      6.574      6.922      6.862      6.739      6.784      5.073      6.323      5.319      5.575      3.827  > 
     <    128.000     86.875     59.812     29.900     16.667     10.675      9.944      7.062      7.161      6.804      6.882      6.172      7.025      6.380      6.318      6.104      5.510      5.276      5.400      3.778  > 
     <    253.000    172.250     73.562     35.650     17.250     11.250      9.000      7.812      7.464      7.000      6.279      6.672      5.963      7.130      6.682      6.115      5.812      4.853      5.400      3.953  > 
     <    209.000    134.125     77.312     40.350     20.292     10.950      9.333      7.312      7.161      7.268      6.176      6.406      6.362      7.098      5.739      6.760      5.740      5.888      5.275      3.893  > 
     <    255.000    151.625     68.500     35.400     17.542     10.325      7.889      7.167      7.518      7.429      6.603      6.938      6.575      6.565      7.091      5.896      5.802      5.500      5.642      4.013  > 
     <    255.000    230.125     65.688     27.800     18.542     11.325      9.722      8.125      8.161      6.929      6.853      7.609      7.287      6.413      6.352      5.979      5.219      5.595      4.992      3.852  > 
     <    173.000    118.875     48.812     21.850     12.167      9.625      7.806      7.271      7.411      7.054      6.588      6.391      7.162      6.641      6.557      5.896      5.562      5.612      5.492      3.811  > 
     <    203.000    124.000     50.125     25.300     15.750     10.575      9.722      7.542      7.036      6.893      6.235      7.625      6.375      7.707      6.193      5.635      5.667      5.181      4.817      3.884  > 
     <     64.000     75.250     53.688     24.600     16.375     10.700      9.639      7.521      6.107      5.714      7.191      7.438      7.050      6.609      5.716      4.938      5.240      5.172      4.942      3.817  > 
     <    104.000     91.875     48.562     24.750     14.875     11.125      7.250      8.625      6.839      7.339      7.132      6.438      7.213      6.359      5.807      5.885      5.500      5.362      5.158      3.850  > 
     <    255.000    163.625     45.625     21.700     12.250     10.550      8.917      7.375      6.321      5.893      6.618      7.203      6.950      6.902      6.284      5.781      5.531      4.974      4.958      3.865  > 
     <    195.000    135.375     59.562     29.150     17.167     10.775      7.639      7.667      7.589      7.107      6.544      6.859      6.388      6.946      6.182      6.052      5.865      5.284      4.717      3.848  > 
     <    255.000    144.625     61.000     31.600     16.292      9.400      8.583      7.188      6.143      6.429      6.456      6.625      7.200      6.457      6.886      5.948      5.292      6.043      5.158      3.837  > 
     <    232.000    139.250     52.250     20.850     12.667     10.525      8.139      8.083      6.464      6.482      7.162      7.094      7.175      6.565      6.136      6.917      6.062      4.914      5.458      3.834  > 
     <    109.000     85.750     42.188     21.150     13.958      9.050      7.500      8.083      6.446      6.643      5.868      6.797      7.213      6.750      6.693      6.302      5.552      5.621      5.083      3.924  > 
     <    223.000    105.375     41.812     22.650     13.500      9.350      7.861      7.562      7.089      6.732      6.529      7.078      6.275      6.750      5.773      6.427      6.281      5.543      5.125      3.918  > 
     <    121.000    113.625     69.812     30.650     17.542     10.900      8.833      7.792      7.000      6.929      6.279      5.547      7.862      6.848      5.875      6.479      5.990      6.250      5.717      3.869  > 
     <    206.000    135.875     60.188     32.000     16.625      9.575      7.611      6.250      6.464      6.786      6.544      7.250      7.088      6.467      6.443      6.031      4.729      4.793      5.133      3.722  > 
     <    185.000    133.875     66.062     32.500     18.208     11.300      9.750      8.354      7.125      6.714      6.294      6.469      7.350      7.054      6.864      6.021      5.229      5.250      5.317      3.948  > 
     <    163.000    122.750     47.312     24.650     14.583      8.900      8.250      8.021      6.446      6.839      6.309      7.531      6.987      7.533      6.170      6.396      5.583      5.069      4.925      3.920  > 
     <    227.000    113.250     42.312     21.900     16.375     12.175      9.139      7.500      6.714      6.982      6.882      6.859      6.775      6.587      6.455      5.698      6.156      5.284      5.350      3.831  > 
     <    149.000     83.750     39.000     20.950     14.292      9.975      8.694      7.938      7.304      7.214      7.603      6.828      6.612      7.663      6.239      4.802      5.188      5.328      4.667      3.788  > 
     <    255.000    157.500     66.375     27.950     12.917      9.850      8.722      7.458      7.357      6.786      6.750      6.766      6.588      6.935      6.614      6.667      5.979      5.698      5.125      3.941  > 
     <     99.000     91.625     52.500     30.700     19.500     12.025      7.500      7.312      6.482      5.946      6.147      6.312      6.412      6.587      6.489      5.615      6.135      4.879      4.950      3.831  > 
     <    155.000    121.625     65.062     26.700     15.167     10.300      8.167      7.854      7.464      6.982      6.882      6.281      6.562      6.978      6.227      5.906      5.583      5.448      5.267      3.905  > 

  33
     <     52.000     47.250     37.812     33.250     22.833     17.800     15.611     14.667     12.750     11.393      8.971      7.406      6.525      6.033      5.943      5.812      5.604      4.457      4.633      3.454  > 
     <    143.000    109.500     62.688     34.200     25.417     19.250     15.889     14.708     13.143     11.321      8.691      7.000      7.625      6.859      6.159      5.688      5.208      5.241      5.325      3.607  > 
     <    150.000    125.875     65.562     31.550     21.792     15.950     14.222     15.312     12.768     10.411      9.000      7.234      7.138      6.641      5.909      5.531      5.260      4.871      4.750      3.521  > 
     <    226.000    159.375     65.125     31.150     21.833     15.250     16.556     13.833     12.929     11.036      9.250      7.281      6.838      6.054      6.500      5.490      5.375      5.293      4.733      3.547  > 
     <     73.000     69.625     54.188     33.900     18.917     17.550     16.583     14.292     11.661     10.089      8.500      7.438      6.412      5.826      5.795      5.583      5.438      5.095      4.392      3.609  > 
     <     63.000     69.000     65.812     34.650     22.958     15.775     14.083     15.479     12.464      9.589      9.324      7.391      6.612      6.326      6.045      5.271      5.344      4.595      4.925      3.484  > 
     <    255.000    222.500     74.062     33.500     20.667     15.900     15.278     14.812     13.268     12.018      9.000      8.266      7.650      6.359      5.545      5.542      5.479      5.121      5.058      3.720  > 
     <     30.000     26.125     23.938     21.250     19.375     18.875     26.500     25.729     32.196     18.161     13.118     10.453      8.725      6.793      6.602      5.823      5.083      4.879      4.408      3.677  > 
     <    255.000    193.250     84.500     38.500     22.958     14.125     12.750     13.479     13.179     11.607     10.206      8.062      7.438      6.598      5.898      5.510      4.312      5.310      3.933      3.557  > 
     <     31.000     22.500     22.500     20.700     19.000     16.350     20.361     27.188     28.946     23.161     14.103     10.312      8.412      6.641      5.920      5.771      5.010      5.043      4.333      3.505  > 
     <    255.000    228.750     72.188     30.400     19.917     16.200     14.056     13.562     12.500     11.000      9.544      8.375      7.263      6.185      5.943      4.927      4.958      4.621      4.617      3.486  > 
     <    255.000    168.375     50.875     30.200     22.000     16.200     14.889     14.542     12.286     10.696      8.735      7.578      7.475      6.380      5.795      5.188      4.823      4.414      4.717      3.691  > 
     <    190.000    118.875     48.375     26.250     18.542     15.175     12.389     12.771     13.518     11.357      8.779      7.344      7.362      6.261      5.045      5.094      4.771      4.819      4.233      3.448  > 
     <    255.000    147.625     61.312     37.050     23.250     16.175     14.806     14.521     13.696     10.625      9.147      7.859      7.737      6.880      6.455      5.906      5.479      4.940      4.783      3.610  > 
     <    110.000     79.000     48.000     28.700     18.417     13.975     14.889     13.167     12.661     11.304      9.176      8.250      7.263      5.891      5.898      5.844      4.812      4.716      4.725      3.608  > 
     <    243.000    145.125     54.438     20.750     15.750     12.725     12.806     13.354     12.036     11.071      9.132      8.234      7.150      6.293      6.159      5.125      4.844      4.810      4.600      3.531  > 
     <    255.000    162.000     80.500     38.050     21.708     17.325     15.417     14.896     12.339     11.946      9.132      7.750      6.412      6.674      5.250      5.146      5.448      4.991      4.550      3.542  > 
     <    195.000    121.000     56.438     28.750     19.667     14.325     13.472     13.188     12.696     11.375      8.118      7.562      6.450      6.304      6.159      5.458      5.812      5.121      4.742      3.551  > 
     <    255.000    170.375     64.688     35.650     22.667     14.750     13.250     13.083     12.964     11.589      9.897      8.062      6.963      7.293      5.841      5.427      4.427      5.000      4.942      3.621  > 
     <    255.000    255.000     88.188     38.650     22.375     15.150     13.667     14.062     13.696     10.696      9.485      7.109      8.088      6.554      6.511      5.781      5.146      5.000      4.350      3.545  > 
     <    255.000    176.125     74.250     34.850     26.208     16.225     14.806     14.062     13.143     10.714      8.647      7.797      6.975      6.761      6.239      5.385      5.719      4.853      4.258      3.552  > 
     <     37.000     35.625     44.812     38.650     26.667     20.100     17.944     15.292     11.768      9.821      8.338      6.516      6.750      6.543      4.909      5.708      5.396      5.095      4.800      3.643  > 
     <    255.000    158.125     70.938     32.300     17.250     15.125     13.889     13.625     12.536     10.946      9.500      8.156      6.487      6.250      6.193      5.573      6.062      5.379      4.558      3.594  > 
     <    178.000    119.750     68.875     31.500     19.292     16.100     15.500     15.146     12.786     10.536      8.426      7.422      6.987      6.065      6.727      5.958      4.615      4.802      4.392      3.539  > 
     <    149.000    101.750     46.625     27.550     19.917     15.550     13.222     13.688     12.804     11.286      9.015      7.938      6.250      6.641      5.625      5.344      5.521      4.741      4.642      3.633  > 
     <    183.000    123.750     51.375     27.350     20.708     12.875     12.500     13.229     13.518     11.732     10.324      8.422      7.275      6.250      5.830      5.760      5.667      5.267      4.767      3.549  > 
     <     96.000     86.750     57.750     30.450     20.000     16.575     15.806     13.750     12.929     11.286      9.074      7.734      7.925      6.196      5.500      5.927      4.260      4.793      4.775      3.616  > 
     <    198.000    132.000     48.375     20.800     13.458     12.800     12.056     13.479     12.893     11.321     10.324      8.750      7.612      7.696      6.909      6.552      5.323      5.431      4.617      3.659  > 
     <     22.000     28.375     21.562     20.200     15.583     15.550     18.250     23.833     19.893     15.821     11.015      8.891      7.175      7.022      6.420      6.135      5.740      4.776      4.942      3.662  > 
     <    115.000     94.250     54.312     26.300     21.208     14.400     14.167     14.458     12.125     10.375      8.103      7.625      6.725      6.457      5.841      5.604      4.990      4.690      4.375      3.482  > 
     <    255.000    159.000     62.312     30.800     17.208     14.500     13.472     13.646     12.500     11.393      9.618      8.062      7.713      7.109      6.818      5.323      5.656      5.284      5.517      3.617  > 
     <     86.000     90.000     64.875     35.100     21.042     16.175     14.222     15.167     13.768     10.964      8.279      7.578      6.438      6.196      6.216      5.552      4.531      4.724      4.642      3.578  > 
     <    255.000    173.500    100.375     46.500     31.208     19.150     15.972     15.854     13.393     10.964      9.088      7.500      6.875      6.533      6.011      5.635      4.719      4.655      4.775      3.627  > 

  30
     <     65.000     63.875     45.562     24.050     15.208     11.350      8.194      6.896      6.161      5.696      4.912      5.141      5.175      5.130      4.864      4.781      4.490      4.819      4.525      4.047  > 
     <    107.000    105.750     60.562     31.700     15.000      9.825      6.444      5.771      5.107      4.679      5.559      5.000      4.550      4.065      4.784      4.094      4.760      4.319      5.050      3.927  > 
     <    130.000     96.875     61.312     28.900     16.458      9.950      6.639      5.417      5.000      6.107      5.985      4.406      4.662      4.000      4.409      4.594      4.625      4.302      4.992      3.956  > 
     <     28.000     47.000     55.062     43.200     22.625     13.250      7.222      6.771      5.607      5.214      5.059      4.109      4.612      4.228      4.352      4.490      4.323      4.009      4.550      3.862  > 
     <     79.000     50.125     41.438     26.250     15.292      8.825      8.972      5.896      5.518      5.125      5.368      5.438      4.963      5.141      5.080      4.292      4.500      4.681      4.408      4.093  > 
     <     53.000     43.875     33.062     29.800     20.000     11.450      6.972      5.104      6.054      5.179      4.912      4.688      4.525      4.696      4.307      3.823      4.510      4.509      4.875      3.926  > 
     <    161.000    114.750     63.062     36.650     18.750     10.650      7.222      5.167      5.196      4.786      4.941      5.281      5.338      4.207      5.511      4.990      4.802      4.621      5.575      4.252  > 
     <     91.000     74.125     46.062     24.100     13.292     10.800      8.028      7.458      5.071      5.518      5.015      4.625      4.237      4.935      3.943      4.479      4.135      4.819      4.158      3.990  > 
     <     64.000     51.750     39.938     28.700     15.042      8.975      7.194      5.500      5.161      5.179      4.176      4.656      4.725      4.402      4.659      4.479      4.406      4.974      4.283      3.991  > 
     <    169.000     96.875     57.750     33.050     16.708     11.825      9.056      7.229      5.482      6.089      5.382      5.297      5.250      4.467      4.864      4.979      4.677      5.078      4.625      4.081  > 
     <     93.000     71.750     39.688     24.150     17.708      9.100      6.139      5.354      4.643      5.643      4.662      4.797      4.662      4.533      4.568      5.146      4.490      4.845      4.450      4.014  > 
     <     89.000     61.500     39.812     27.300     16.583     10.850      6.444      5.583      5.911      4.839      4.809      4.938      4.938      4.120      4.455      4.573      4.573      4.586      4.733      4.077  > 
     <     80.000     49.375     35.500     29.350     19.208     10.525      6.444      6.604      5.161      5.500      4.765      5.391      5.162      4.380      4.216      4.781      4.458      4.310      4.058      4.020  > 
     <     29.000     52.500     41.938     28.750     18.042     10.750      6.861      6.708      5.679      5.661      5.426      4.125      4.213      4.435      4.818      4.104      3.760      4.836      4.517      3.850  > 
     <     50.000     59.750     46.000     25.600     16.708     11.225      7.111      5.812      4.518      4.607      5.588      4.422      4.325      4.554      4.102      4.396      4.021      4.638      4.517      3.958  > 
     <    119.000     70.500     32.938     27.300     16.625      7.825      8.250      6.042      5.875      5.304      4.382      4.781      4.487      5.011      4.682      4.750      4.896      4.595      3.883      3.970  > 
     <     58.000     47.125     35.438     24.400     16.083     11.125      7.250      5.833      4.964      5.089      4.941      4.828      4.625      5.174      4.693      4.906      4.302      4.405      4.792      4.078  > 
     <    142.000     93.750     44.625     26.900     19.583     11.800      8.972      6.938      6.750      5.554      5.000      4.812      4.750      5.011      4.114      5.333      4.990      4.621      4.892      4.023  > 
     <    130.000    124.750     76.000     32.350     18.167      9.850      7.722      5.875      5.536      4.214      4.794      5.297      4.475      4.576      4.818      4.812      4.156      4.440      4.292      3.966  > 
     <     26.000     40.250     33.750     25.150     16.375     11.750      7.278      7.042      5.946      6.071      5.603      5.531      4.588      4.696      4.170      4.583      4.656      4.621      4.725      4.048  > 
     <    128.000     84.000     54.188     32.150     16.542     11.075      6.028      5.125      5.179      4.571      4.765      4.172      5.225      4.457      4.364      4.521      4.031      5.086      4.308      3.925  > 
     <     55.000     48.375     37.250     22.300     17.083     11.125      8.222      5.708      5.714      5.143      6.162      5.172      4.938      4.598      4.261      3.958      4.646      4.155      4.050      3.995  > 
     <    154.000     90.375     39.000     29.500     17.208     11.075      8.556      6.104      5.411      6.554      4.794      4.578      4.562      4.609      4.534      4.354      4.542      4.284      4.667      3.952  > 
     <    163.000    106.000     52.875     26.100     16.292     11.650      8.417      6.000      5.107      5.411      5.132      3.859      5.438      4.533      4.727      4.490      3.875      4.629      4.850      3.879  > 
     <     64.000     68.500     56.312     33.050     17.583     11.400      6.500      6.188      6.071      5.250      5.147      5.484      5.213      5.315      4.455      3.979      4.552      4.871      4.417      3.969  > 
     <     66.000     72.750     56.375     34.550     19.958     10.825      8.056      5.250      4.911      5.339      5.221      4.703      5.125      5.348      4.136      4.677      5.021      4.569      4.717      4.063  > 
     <     44.000     67.250     55.000     33.450     24.625     12.300      8.528      6.042      5.857      5.393      4.824      4.844      5.438      5.022      4.148      3.896      4.896      4.750      4.900      4.077  > 
     <     58.000     71.750     62.188     35.600     17.958      9.075      8.389      5.958      5.393      4.643      4.309      4.781      4.600      4.478      5.091      4.583      4.625      4.345      4.892      4.075  > 
     <    176.000    127.875     58.812     28.950     23.750     12.225      7.444      6.646      5.464      5.375      3.985      5.109      4.938      5.054      4.045      4.688      4.979      4.526      4.750      4.049  > 
     <    129.000    119.625     59.625     28.300     23.458     12.275      7.917      5.646      5.625      5.875      4.500      4.656      4.875      4.761      5.352      4.448      4.812      4.802      4.100      3.846  > 

  30
     <     68.000     86.375     45.062     25.550     15.875      9.350      7.806      6.417      6.929      5.429      5.382      4.953      5.162      4.837      4.864      5.135      5.323      5.371      4.975      4.109  > 
     <    217.000    120.625     51.312     25.950     14.292     10.475      7.361      5.938      5.679      5.589      4.662      5.391      5.350      5.228      5.420      5.240      5.427      4.845      5.675      4.131  > 
     <    129.000     53.750     36.125     22.900     13.750      9.225      7.056      6.854      5.714      5.857      5.662      4.359      5.537      5.120      4.818      5.229      4.729      5.603      5.283      4.023  > 
     <    210.000    167.125     69.000     42.700     25.208     11.775      8.556      7.104      5.696      5.429      5.279      4.594      4.925      4.870      4.909      4.896      4.990      4.974      5.483      4.068  > 
     <    249.000    177.250    102.438     47.800     22.208     13.275      8.167      6.812      5.839      5.821      6.029      4.844      5.188      5.283      5.205      5.583      4.969      4.948      6.067      4.037  > 
     <    213.000    180.375    116.062     47.550     21.375     11.400      7.389      7.458      5.982      6.232      5.088      5.703      4.900      5.609      5.023      4.531      5.719      5.250      5.317      4.046  > 
     <     87.000    154.625     94.250     45.350     22.375     12.125      8.750      7.417      6.929      5.107      6.353      6.188      5.075      5.424      5.443      4.906      4.635      5.129      5.817      4.086  > 
     <    255.000    197.500     89.938     32.900     13.375     10.400      8.361      5.854      5.464      5.357      4.559      4.609      5.037      5.130      5.182      5.000      5.260      4.974      5.592      3.987  > 
     <    104.000     78.125     59.188     31.850     14.583      9.750      8.028      7.167      5.286      5.000      4.824      4.906      5.250      4.804      5.875      5.229      6.062      5.009      5.608      4.015  > 
     <     70.000    100.250     60.500     29.650     15.167     11.500      7.611      5.917      5.732      6.179      6.765      4.734      5.362      4.728      5.227      4.646      5.969      5.302      5.033      4.217  > 
     <     75.000     49.250     38.750     30.900     16.083      8.650      6.972      6.021      5.643      5.518      5.015      5.734      4.350      4.630      5.295      4.708      5.750      4.767      5.400      4.061  > 
     <    110.000     88.500     45.438     25.850     14.375      8.975      6.750      6.667      5.821      5.054      5.176      5.469      5.075      4.848      5.875      5.479      5.010      5.138      5.642      4.041  > 
     <     93.000     85.500     54.062     30.950     20.958     11.275      7.139      6.458      5.179      5.982      5.559      5.250      4.775      5.652      5.443      5.260      4.667      5.121      6.050      4.073  > 
     <     38.000     66.875     58.688     28.450     20.500     10.075      8.278      6.354      6.286      5.411      5.750      5.172      4.662      5.163      5.648      4.844      5.115      4.905      5.008      4.227  > 
     <    162.000     69.750     27.750     18.450     12.875      9.275      7.444      4.792      4.964      5.625      5.588      5.484      4.600      5.207      4.886      5.271      5.052      5.491      5.433      4.043  > 
     <     70.000     88.625     54.750     28.300     17.042      8.450      5.944      6.125      5.446      5.143      6.118      6.094      5.388      5.076      4.795      5.260      5.417      6.026      5.125      4.040  > 
     <    115.000     76.375     36.750     25.550     13.792      8.950      6.750      6.729      5.786      6.018      5.338      4.984      5.162      4.522      4.455      4.865      5.219      5.121      4.250      3.994  > 
     <    116.000     80.375     42.938     24.050     15.125      9.025      6.944      6.375      6.554      5.804      5.912      5.578      5.188      5.391      4.341      5.021      5.219      5.457      5.700      4.098  > 
     <     70.000     81.625     48.562     29.550     17.583     11.175      7.083      6.417      6.411      6.089      6.044      6.094      4.800      5.565      4.523      5.656      4.990      5.457      5.300      4.067  > 
     <    152.000    103.500     41.938     23.550     16.708      9.300      7.833      6.083      5.536      5.375      5.441      5.844      4.737      5.098      5.284      5.240      4.927      4.931      5.558      4.080  > 
     <     61.000     56.125     50.688     30.800     16.792     10.525      6.611      6.729      6.232      5.607      5.618      4.859      5.513      4.533      4.455      5.188      5.917      5.241      4.917      4.181  > 
     <    122.000     95.875     42.500     21.700     12.708      8.675      6.750      5.604      5.982      5.464      5.603      4.922      5.225      5.326      4.250      4.729      5.542      4.759      5.258      4.079  > 
     <     34.000     47.500     45.875     24.550     13.083      8.600      7.278      6.083      6.321      5.107      4.471      5.562      4.850      5.359      5.068      5.312      5.396      5.216      5.133      4.143  > 
     <     62.000     55.125     41.625     24.000     14.250      8.275      7.222      5.354      5.232      5.446      6.294      5.688      4.850      5.054      4.920      4.250      6.292      5.043      4.958      4.095  > 
     <     91.000     78.125     43.562     23.350     18.208      9.650      7.139      6.938      6.214      7.214      5.044      5.031      5.213      5.478      5.375      4.781      4.604      4.905      5.383      3.984  > 
     <     90.000    127.250     96.875     38.400     17.583      9.675      7.639      6.604      6.482      6.125      5.632      5.344      4.963      5.870      5.568      4.750      4.708      4.931      5.275      4.016  > 
     <     99.000     93.750     83.875     49.400     20.667     10.275      8.639      6.979      6.875      5.214      6.059      5.594      5.588      4.859      5.023      4.812      5.229      5.793      5.292      4.173  > 
     <     66.000    110.875     82.250     38.400     21.708     10.375      7.083      6.812      5.250      6.054      5.838      5.531      5.600      4.707      5.136      5.052      4.927      4.388      5.458      3.920  > 
     <    251.000    171.750     78.375     27.900     14.375      9.175      7.361      6.896      6.500      5.589      5.103      5.781      4.662      5.250      5.989      4.917      5.469      6.069      5.167      4.114  > 
     <     78.000     88.250     48.875     22.050     15.292     11.350      7.694      7.104      6.196      6.589      6.265      5.719      5.100      5.522      5.125      4.688      4.375      5.552      5.267      4.117  > 

  30
     <    159.000     97.125     31.875     18.150     13.583     11.575      8.556      7.333      6.982      6.643      7.853      7.016      8.137      7.141      7.716      7.292      6.833      6.560      5.642      4.042  > 
     <    160.000     92.500     41.438     18.150     13.417     10.500     10.528      6.875      7.393      8.143      7.088      7.984      8.150      8.065      6.886      6.469      6.427      6.552      5.442      3.910  > 
     <    139.000     84.125     47.938     24.600     14.208      9.625      7.778      8.229      7.286      7.750      7.044      7.406      7.250      8.413      7.659      6.938      6.135      6.466      6.242      3.962  > 
     <    133.000    114.750     52.812     21.750     14.542      9.225      8.778      7.479      7.196      7.482      7.294      7.422      7.750      8.033      7.909      6.354      7.188      5.819      5.375      3.952  > 
     <    122.000     78.625     38.438     20.100     11.917      9.675      7.694      6.688      6.786      7.464      6.985      6.906      7.912      8.272      6.739      7.156      6.260      6.560      5.542      3.979  > 
     <    171.000     98.625     37.375     22.500     12.667      8.600      9.833      7.062      6.750      6.750      6.956      7.672      8.125      8.000      6.932      6.771      5.656      5.793      5.508      3.887  > 
     <     79.000     91.625     45.438     19.600     14.708      9.975      9.667      8.750      6.732      6.232      7.471      8.047      7.588      7.543      7.784      6.365      5.802      6.466      5.608      3.936  > 
     <    255.000    148.875     52.250     28.450     15.417      9.925      8.444      7.625      6.946      7.411      6.838      7.594      8.000      7.435      6.818      6.875      6.500      5.974      5.500      3.965  > 
     <     69.000     63.250     37.438     17.900     12.792      8.275      8.750      6.854      7.339      6.429      7.118      6.906      7.763      8.152      6.864      6.823      6.438      5.655      4.883      3.848  > 
     <    227.000    125.625     48.312     24.650     12.042      8.950      7.583      8.292      7.000      7.232      7.029      7.172      6.888      7.815      7.773      7.031      5.760      6.233      5.325      3.867  > 
     <    255.000    142.250     54.625     29.100     14.458     11.875      8.167      7.688      7.339      6.161      7.382      7.344      8.438      7.641      7.386      7.135      6.271      6.216      6.025      4.012  > 
     <    127.000     84.125     37.562     18.000     11.583      9.025      7.389      6.271      7.304      7.625      7.397      7.562      7.425      7.511      6.898      6.927      6.677      5.233      5.083      4.005  > 
     <     91.000     85.500     41.438     19.500     13.917     10.100      7.583      7.438      6.607      6.804      6.926      7.578      6.875      7.870      7.398      6.365      6.125      5.664      5.783      3.944  > 
     <    255.000    213.875     69.438     30.000     15.708     10.900      9.639      7.854      7.125      6.518      7.588      8.578      7.450      7.717      7.841      6.583      6.948      5.690      5.317      3.946  > 
     <    167.000    117.125     48.250     24.200     16.708      9.975      9.750      8.958      7.554      7.214      7.485      7.922      7.900      7.674      7.068      6.802      6.906      5.776      5.692      4.066  > 
     <    255.000    152.375     61.938     24.350     14.958     10.150      8.222      8.646      6.518      6.232      7.118      7.203      7.612      8.207      7.295      6.615      6.406      5.983      5.383      3.915  > 
     <     87.000     71.125     39.562     17.550     10.125      8.700      7.778      8.271      6.464      6.536      6.926      6.969      7.588      7.685      7.284      6.771      6.969      5.276      5.142      3.866  > 
     <    135.000     91.250     40.250     20.150     14.000     10.175      9.000      8.062      6.875      6.286      7.559      7.266      7.338      7.859      8.080      6.448      7.083      5.345      5.558      3.934  > 
     <    116.000     66.125     36.562     16.250     12.500     10.275      7.750      7.646      7.768      7.286      7.191      7.656      7.338      7.674      7.614      5.656      5.875      5.845      5.742      3.914  > 
     <    229.000    120.375     52.812     27.250     12.500      9.525      7.583      8.625      7.625      7.411      7.456      7.500      7.500      7.783      7.136      6.771      7.500      5.810      5.875      3.987  > 
     <     50.000     50.000     41.625     26.450     14.417     11.425      8.222      8.667      7.018      7.232      6.779      7.328      7.537      6.924      6.182      6.906      6.875      6.509      4.700      3.929  > 
     <     72.000     66.750     33.312     19.950     14.667     11.375      9.889      8.292      7.839      7.232      7.397      7.469      7.963      7.239      7.489      6.323      6.062      6.216      5.508      3.953  > 
     <     94.000     83.125     55.500     26.800     14.917     10.825     10.222      8.125      6.929      6.839      7.000      7.328      8.150      7.565      8.068      7.604      6.042      5.836      6.017      3.992  > 
     <     96.000     92.500     56.812     25.700     15.042     10.600      9.472      6.708      7.411      6.732      7.632      7.203      7.388      7.707      7.852      6.458      6.698      5.862      5.333      4.020  > 
     <    165.000     97.125     49.188     27.800     16.083     10.600      9.333      7.938      8.107      7.107      7.779      7.156      8.250      7.152      7.398      7.583      6.417      5.810      4.842      3.981  > 
     <     36.000     88.375     77.125     33.800     19.042     11.775      8.750      8.021      7.571      7.518      7.676      6.781      7.112      7.141      7.909      7.521      6.115      6.543      5.358      3.972  > 
     <     66.000     69.375     52.625     30.350     15.750     10.850     10.306      7.375      8.268      8.018      6.912      8.078      7.075      7.837      7.875      7.208      6.927      5.672      5.192      3.948  > 
     <    160.000     89.375     48.000     23.300     14.625      9.775      8.194      7.438      6.714      6.214      7.485      6.922      7.500      7.957      7.864      6.333      6.896      5.483      6.200      3.989  > 
     <     87.000     65.750     51.812     30.950     14.917     10.225      8.444      8.271      7.393      6.446      7.250      7.094      6.862      7.728      7.023      6.448      5.823      6.578      5.525      3.934  > 
     <     58.000     46.750     37.750     21.650     13.542      9.500      9.972      7.229      8.321      7.679      7.412      7.484      8.100      7.413      7.125      6.927      6.062      6.043      5.467      3.819  > 

  33
     <     27.000     37.875     42.812     43.850     38.125     26.625     20.944     18.625     15.661     14.179     11.882      9.172      7.688      6.978      6.545      5.958      5.125      4.991      5.367      3.601  > 
     <    251.000    160.875     56.625     28.750     18.250     15.125     14.944     16.625     17.554     13.732     12.103     10.078      9.075      8.207      7.511      6.958      6.010      5.638      5.108      3.697  > 
     <     35.000     25.625     31.875     25.300     21.708     19.075     17.111     14.688     17.143     23.089     21.382     14.906     11.075      8.326      7.398      5.990      5.573      5.586      4.983      3.682  > 
     <     57.000     60.500     62.875     57.200     50.583     30.075     21.889     19.042     16.339     16.071     12.868     10.016      8.463      7.826      6.182      6.604      4.865      5.086      5.317      3.596  > 
     <     41.000     35.500     37.000     51.950     52.208     34.600     23.333     19.104     17.357     15.500     12.515     10.047      8.025      6.620      5.932      6.156      5.510      5.112      4.142      3.677  > 
     <     80.000     77.500     76.000     61.250     35.292     24.850     21.722     16.500     16.500     14.875     12.191      9.312      8.512      6.891      6.591      6.396      4.917      4.888      4.750      3.386  > 
     <     35.000     39.000     39.938     50.350     54.625     32.925     22.528     20.188     17.143     15.286     12.779     10.125      7.975      7.533      6.159      6.167      4.417      4.802      4.992      3.623  > 
     <     43.000     50.125     64.562     60.300     45.125     26.475     21.833     16.896     16.446     13.982     12.265     10.531      7.725      8.011      6.239      5.865      5.990      5.612      4.300      3.595  > 
     <     32.000     40.500     53.875     48.300     32.958     23.950     19.111     17.729     17.054     14.625     11.794      9.281      9.200      7.652      6.761      5.938      5.667      4.603      4.658      3.519  > 
     <     27.000     33.625     48.000     47.750     31.250     25.125     21.000     19.458     17.518     13.946     11.368      9.141      8.275      6.696      6.727      6.521      5.688      5.578      4.883      3.664  > 
     <     71.000     73.125     68.312     52.400     28.667     20.300     18.972     16.583     14.375     14.911     11.529      9.594      8.338      7.489      5.830      5.510      5.823      5.328      5.158      3.536  > 
     <     61.000     54.250     61.562     59.050     35.667     23.350     18.944     18.646     17.411     14.750     12.176      8.875      8.450      7.424      6.284      5.552      5.740      5.405      5.425      3.646  > 
     <     34.000     54.250     61.375     46.150     27.083     23.225     19.389     17.354     16.714     13.304     10.941      9.188      8.363      7.543      6.443      5.292      5.417      4.888      4.592      3.561  > 
     <     30.000     39.250     43.062     46.750     35.708     21.225     18.500     16.229     16.839     15.286     11.647      8.453      9.113      6.728      6.841      5.552      5.438      5.034      4.775      3.604  > 
     <     54.000     62.750     64.688     48.800     33.667     22.375     20.028     18.333     15.571     13.643     12.338      8.734      8.537      7.576      6.580      6.198      6.062      5.026      4.408      3.587  > 
     <     41.000     38.000     35.438     32.050     28.958     27.175     21.278     16.688     16.357     14.946     12.235     10.031      8.262      6.837      6.000      5.479      5.750      5.448      4.192      3.608  > 
     <     31.000     26.875     28.250     38.200     35.708     28.525     21.972     18.604     17.500     14.893     10.941      8.422      8.350      6.685      6.727      6.167      5.792      5.440      4.967      3.580  > 
     <     67.000     72.750     67.875     51.350     29.208     20.325     18.750     18.896     17.232     12.946     11.368     10.047      7.662      6.815      6.352      5.292      5.844      5.638      4.483      3.496  > 
     <     33.000     38.125     46.125     54.500     46.292     24.250     19.750     16.542     16.554     12.714     11.441     10.484      8.662      7.739      6.602      5.885      5.885      4.466      4.625      3.584  > 
     <     28.000     32.625     33.250     48.450     48.625     26.925     20.333     16.167     16.786     13.875     10.868      9.078      8.012      7.359      6.193      5.802      4.906      4.948      4.792      3.619  > 
     <     33.000     32.375     36.625     39.200     36.583     23.975     17.972     15.771     14.161     14.679     11.662      9.656      7.825      7.467      5.977      5.604      5.167      4.422      4.658      3.538  > 
     <     40.000     34.125     35.688     34.900     28.750     21.950     20.972     18.000     15.839     14.036     10.632      8.609      7.912      7.120      5.625      5.958      5.094      4.431      5.125      3.562  > 
     <     29.000     28.125     23.688     17.600     19.708     19.100     17.611     18.854     17.679     17.393     14.397     10.078      8.375      7.902      7.250      6.958      5.656      5.293      4.300      3.560  > 
     <     40.000     31.875     33.188     41.700     36.292     25.300     22.306     17.542     16.875     13.839     11.074      8.375      8.275      6.902      6.159      5.812      5.458      5.491      4.492      3.586  > 
     <     33.000     31.000     27.562     27.950     31.917     28.675     20.833     17.708     16.268     13.821     11.353      9.406      7.425      8.033      6.511      5.781      5.521      4.819      4.508      3.545  > 
     <     56.000     55.875     62.125     41.500     31.708     24.825     18.750     17.208     15.339     13.911     11.574      9.266      8.600      7.261      6.614      5.292      6.031      4.681      4.533      3.510  > 
     <     59.000     55.375     66.000     58.150     35.042     23.475     20.417     17.375     16.179     14.786     11.618      9.750      8.262      7.543      6.068      5.792      5.833      4.103      4.867      3.616  > 
     <     58.000     63.125     71.500     50.350     28.292     20.825     17.694     16.688     15.304     13.464     11.176      8.781      8.162      7.185      6.068      5.750      5.323      5.647      5.083      3.592  > 
     <     28.000     32.000     32.250     43.900     42.167     23.150     19.417     17.250     16.839     13.821     11.147      9.031      8.037      6.663      5.727      5.792      5.760      4.853      5.100      3.598  > 
     <    212.000    120.625     48.438     28.450     17.125     15.600     14.944     16.312     16.804     14.357     11.912     10.109      9.688      8.685      7.330      6.302      5.958      5.086      5.217      3.742  > 
     <     43.000     35.250     27.000     26.400     20.625     19.075     20.611     21.021     23.554     18.125     13.912     11.391      8.113      7.641      6.955      6.490      5.771      5.052      4.817      3.731  > 
     <     54.000     59.875     70.125     48.300     30.375     23.950     17.667     16.354     15.946     14.804     11.221      9.797      8.200      7.511      6.080      6.240      5.969      4.819      4.317      3.659  > 
     <     31.000     40.000     48.312     36.850     28.958     25.525     19.750     17.979     18.393     14.214     11.324      7.781      8.275      6.696      5.977      5.688      5.854      4.621      4.925      3.719  > 

  0

  0

  30
     <     64.000     78.750     60.062     38.850     20.417     12.000      7.750      6.104      5.679      6.643      5.676      5.750      5.312      5.576      4.989      5.115      5.823      5.957      5.258      4.046  > 
     <     29.000     49.125     43.812     29.450     17.292     11.375      7.944      7.354      5.536      5.196      5.618      6.109      5.475      5.163      5.670      5.448      5.271      5.233      5.692      4.276  > 
     <     45.000     44.250     47.875     30.600     14.750      9.825      7.806      5.750      5.411      6.464      5.779      3.984      6.100      4.467      5.352      5.135      5.146      5.371      5.192      4.103  > 
     <     47.000     75.500     60.500     24.050     15.583     11.225      6.750      5.833      5.321      5.661      5.809      4.734      5.525      5.663      5.534      5.396      4.823      5.362      5.083      4.147  > 
     <     70.000     66.625     38.625     26.400     17.625     12.575      9.528      6.542      6.179      5.714      6.000      5.000      5.175      5.348      5.080      5.469      4.979      5.603      5.283      4.171  > 
     <    137.000     98.500     46.250     30.150     20.292     10.500      7.361      6.042      5.482      5.982      5.397      4.984      5.112      4.652      4.943      5.719      5.344      5.534      5.125      4.068  > 
     <     32.000     45.375     30.125     22.900     16.125      9.850      8.722      7.729      6.518      5.625      5.956      5.703      5.138      5.587      5.330      4.802      4.677      5.431      5.708      4.101  > 
     <    106.000     73.875     37.750     30.650     17.500      9.975      6.889      7.583      7.125      6.054      5.426      5.031      5.675      5.576      5.057      5.052      5.667      5.672      5.725      4.100  > 
     <    138.000    128.625     67.500     28.350     16.417     11.100      7.861      6.333      6.321      5.500      6.265      4.578      5.375      5.207      5.216      5.583      4.938      5.302      5.342      4.175  > 
     <     79.000     69.500     42.812     26.900     15.875     10.625      7.667      4.979      4.821      4.857      5.353      4.578      5.062      5.793      5.409      5.281      4.667      5.569      5.617      4.029  > 
     <     57.000     75.500     57.500     27.650     13.667      9.750      8.083      6.208      5.643      6.839      5.897      5.203      5.037      5.196      4.670      6.135      5.021      4.957      4.925      4.082  > 
     <    127.000     87.750     59.438     34.900     17.875     12.350      6.583      6.792      7.071      5.643      5.471      4.953      5.638      5.348      5.375      5.583      5.438      5.940      5.150      4.093  > 
     <     87.000     48.625     37.125     26.250     17.125      9.900      7.694      7.333      5.732      6.839      5.456      4.953      4.700      5.391      4.330      5.281      5.427      5.259      5.200      4.182  > 
     <    149.000     81.500     38.750     24.050     17.042      8.900      7.750      5.229      6.071      5.714      5.529      6.094      4.763      5.717      5.920      4.979      5.552      5.586      5.842      4.024  > 
     <    238.000    137.125     51.250     27.100     17.458     11.225      7.944      6.375      6.946      6.000      6.059      5.922      6.050      5.011      5.068      5.354      5.865      4.966      5.517      4.277  > 
     <    137.000    129.750     53.125     25.250     17.667      9.850      7.583      6.542      6.161      5.821      5.618      6.344      5.987      5.283      6.330      5.625      5.594      5.371      5.758      4.196  > 
     <     52.000     60.875     63.250     36.650     19.417     11.150      8.000      6.479      6.000      5.321      6.029      5.109      5.700      4.924      5.920      5.396      5.365      5.664      5.500      4.077  > 
     <     60.000     66.500     55.250     33.200     16.333      9.325      7.139      6.896      6.125      4.964      5.721      5.156      5.213      5.380      5.330      5.458      5.719      5.259      5.317      4.143  > 
     <    101.000    100.625     59.375     31.900     19.917     11.400      9.472      7.479      6.375      5.304      6.147      5.312      5.175      4.848      4.898      5.292      5.677      5.276      5.517      4.188  > 
     <     60.000     79.875     50.625     27.350     19.250     11.050     10.000      6.458      7.054      5.679      5.574      5.703      6.112      5.663      5.352      5.448      5.021      5.560      5.058      3.994  > 
     <    179.000    125.625     50.812     24.500     18.458     10.025      7.583      7.292      7.161      5.518      5.662      5.469      5.250      5.380      5.455      4.948      5.427      5.500      5.800      4.053  > 
     <    139.000     85.625     53.062     33.500     15.875     11.625      8.111      6.583      5.839      6.000      5.353      5.438      5.388      5.500      5.295      5.479      4.240      5.767      5.433      4.062  > 
     <     97.000     59.125     70.312     45.150     21.375     11.500      8.722      6.104      7.089      5.214      5.824      5.078      6.225      4.946      5.386      4.927      5.781      5.448      5.817      4.259  > 
     <    122.000     67.625     39.875     29.700     18.042     11.850      9.000      6.354      7.161      5.804      5.191      5.828      5.100      5.174      5.284      5.479      5.062      5.379      5.417      4.071  > 
     <     89.000     69.375     42.938     23.550     12.542      9.650      8.722      7.333      5.964      6.250      5.235      5.094      6.075      5.120      4.886      5.750      5.865      5.474      5.500      4.109  > 
     <     49.000     64.250     54.000     28.250     17.708      9.225      7.472      5.875      6.125      6.107      5.809      5.141      5.763      5.022      4.795      5.500      5.219      5.888      5.392      4.130  > 
     <     58.000     58.375     33.688     27.150     16.667     11.900      7.778      6.542      5.661      6.179      5.221      4.641      5.438      5.609      5.420      5.510      5.312      5.371      5.817      4.284  > 
     <    255.000    144.750     38.438     18.300     15.958     12.650      9.000      6.646      6.482      5.196      5.265      5.125      4.350      5.337      4.727      4.531      4.875      5.552      5.533      4.169  > 
     <     80.000     73.750     53.125     32.250     17.833     10.100      8.250      7.125      6.839      6.250      4.456      6.031      4.963      6.174      5.886      5.688      5.312      5.509      5.383      4.175  > 
     <    178.000     79.000     41.875     30.450     17.875      9.225      7.694      7.771      5.821      5.661      5.382      5.500      4.812      5.750      4.943      5.250      5.917      5.103      5.617      4.246  > 

  30
     <     61.000     65.000     43.625     26.450     16.375     10.625      9.167      8.125      9.143      7.107      6.721      6.219      6.312      6.815      6.170      6.396      6.344      6.569      6.008      3.956  > 
     <    165.000    109.500     54.750     31.300     13.917     11.250      7.778      7.104      6.911      6.232      6.515      5.891      6.850      6.750      6.261      6.792      5.802      6.086      5.883      3.923  > 
     <     65.000     53.875     35.875     22.750     16.750      9.500      7.778      6.854      6.571      7.321      7.235      6.453      6.013      5.685      6.409      6.115      6.250      6.759      6.217      4.023  > 
     <    114.000     92.375     50.812     23.050     13.958      9.950      8.583      7.854      6.911      6.821      6.882      6.328      6.487      6.761      5.727      6.521      6.177      6.164      6.683      3.956  > 
     <     66.000     78.000     50.312     29.000     15.500      9.950      9.083      8.396      6.304      6.964      7.015      6.328      7.162      7.174      6.318      7.125      6.302      6.259      5.558      4.040  > 
     <     39.000     36.625     31.062     23.750     12.417      8.925      8.944      7.417      7.036      6.286      6.059      6.328      6.775      6.391      6.398      6.135      5.802      5.793      6.067      3.982  > 
     <    143.000     76.875     38.625     20.900     14.250      9.475      9.500      7.062      6.946      6.750      6.735      6.125      6.763      6.239      6.693      6.250      6.490      5.698      5.933      3.978  > 
     <    238.000    123.875     52.062     26.450     13.250     10.625      8.917      8.229      6.839      7.161      7.029      6.312      6.438      6.913      6.580      5.750      5.844      5.603      5.708      3.871  > 
     <     55.000     56.375     40.062     23.150     15.833      9.425     10.028      6.771      6.589      6.732      5.544      5.562      6.638      6.293      6.670      6.146      6.240      6.517      5.792      3.974  > 
     <    255.000    169.000     60.125     24.350     19.792      9.500      9.500      7.333      7.750      6.500      6.691      6.250      6.588      5.739      6.307      6.604      6.000      6.241      5.467      3.893  > 
     <     70.000     55.375     44.562     30.800     14.833     10.300      8.056      8.167      7.143      6.375      6.647      5.203      6.500      6.935      6.580      7.125      5.823      6.284      5.983      4.083  > 
     <     76.000     64.625     36.938     20.750     13.958     10.125      7.694      6.646      6.339      5.786      5.971      6.578      6.838      6.946      6.341      5.469      6.146      5.655      5.492      3.926  > 
     <    156.000     91.625     40.688     20.350     13.875      9.050      6.889      7.208      6.214      6.714      6.324      6.219      6.888      7.033      6.659      6.635      7.208      5.776      6.142      3.916  > 
     <    147.000    104.000     59.500     29.850     16.167     10.575      7.583      6.500      6.857      6.161      7.515      6.812      7.263      6.065      5.864      6.562      5.594      6.000      5.708      4.049  > 
     <    159.000     90.625     40.375     20.900     14.792      9.250      7.361      7.292      6.875      6.786      6.044      5.984      6.075      6.815      6.159      7.052      6.406      5.310      6.192      3.959  > 
     <    123.000     92.125     44.062     19.600     12.292      8.775      8.194      7.292      7.000      5.786      5.985      6.375      5.850      6.717      6.761      6.229      6.167      5.733      5.767      3.831  > 
     <    212.000    137.500     39.312     20.950     15.375      9.975      9.111      7.146      6.804      5.875      7.162      7.156      6.650      5.978      7.034      6.604      6.271      6.586      5.742      3.926  > 
     <    100.000     70.000     35.375     19.050     13.000      9.025      8.389      6.854      6.375      6.268      6.088      5.969      5.688      6.087      6.295      5.719      6.219      5.879      5.600      3.931  > 
     <     67.000     48.875     40.312     25.350     15.792     11.150      8.528      6.458      6.464      6.571      6.118      6.953      5.888      6.630      6.102      6.375      6.583      6.681      5.967      3.966  > 
     <     75.000     65.625     39.938     28.400     16.958     11.775      7.694      7.229      6.018      6.875      6.618      6.422      6.675      6.793      6.795      6.594      6.406      5.638      5.692      3.958  > 
     <    114.000     87.375     38.562     25.850     18.167     10.550      8.278      6.021      6.536      7.304      6.368      6.094      6.838      5.533      6.693      6.271      6.292      6.017      5.817      4.034  > 
     <     65.000     73.250     44.062     22.800     11.875      9.750      8.778      7.438      6.679      6.625      7.147      7.062      6.250      6.283      6.148      6.521      6.583      6.216      5.692      3.919  > 
     <     46.000     51.625     44.812     26.250     16.125      9.250      7.944      6.083      6.446      6.768      6.368      5.922      7.062      6.326      6.057      5.927      6.125      5.233      6.483      3.852  > 
     <     33.000     80.875     48.375     17.100     13.583      9.175      8.222      7.292      7.196      7.018      6.397      6.359      6.825      6.717      5.966      6.677      6.604      6.147      6.117      4.029  > 
     <    214.000    103.750     42.750     28.200     13.958     11.775      9.583      7.521      6.839      6.339      6.691      6.359      6.487      6.522      6.318      6.583      5.667      6.621      6.142      4.013  > 
     <    255.000    163.125     64.875     31.450     17.292     10.600      9.500      8.708      7.036      7.321      6.750      6.969      6.300      6.924      6.159      6.104      6.229      6.819      5.850      3.975  > 
     <    142.000    121.375     71.062     30.300     17.458     10.275      8.417      7.396      7.696      6.679      6.162      6.625      6.612      6.978      6.636      6.125      6.323      6.448      5.858      3.988  > 
     <    149.000    114.000     50.812     26.500     16.833     11.125      9.278      6.750      6.589      6.464      6.294      5.859      7.050      6.609      5.943      6.698      6.521      6.422      5.967      4.054  > 
     <    255.000    161.375     52.688     32.200     14.375     10.025      8.639      8.333      6.214      6.732      5.662      6.609      6.188      6.565      6.989      6.698      6.500      6.388      6.192      4.030  > 
     <     89.000     74.125     54.812     29.900     14.167      8.200      8.083      7.146      6.286      6.196      7.044      6.125      5.888      6.304      6.182      6.552      6.302      6.362      6.292      3.963  > 

  30
     <    180.000     97.875     41.375     26.100     17.000     14.225     11.639     13.625     11.214     11.482     10.029      8.781      9.537      8.207      7.307      7.115      5.865      5.466      5.092      3.595  > 
     <    255.000    198.875     70.250     27.700     17.750     14.825     11.944     11.354     11.000     10.821     10.309      9.516      8.425      8.054      7.455      6.573      7.229      5.009      5.367      3.584  > 
     <    255.000    129.250     50.062     24.400     16.208     12.900     12.111     10.312     10.982     11.732     11.132      8.969      9.025      7.804      7.443      6.771      5.729      5.414      5.017      3.603  > 
     <    100.000     59.375     26.375     18.450     15.000     12.050     11.306     12.062     11.375     10.321      9.897      9.156      8.400      8.652      7.250      6.969      6.135      5.060      4.683      3.633  > 
     <    187.000    159.000     79.938     28.150     17.917     12.675     13.222     11.250      9.768      9.964     10.015      8.938      8.600      7.957      7.341      6.958      6.250      5.586      4.625      3.565  > 
     <    218.000    159.750     73.750     34.100     19.792     13.450     11.778     11.938     11.161     10.982      9.706      8.531      8.325      8.174      7.534      6.198      5.604      5.534      4.967      3.679  > 
     <    154.000    123.375     55.500     28.350     16.292     12.575     12.472     11.188     10.018     10.661      9.912      9.594      8.137      7.707      7.716      7.062      6.406      5.069      4.867      3.630  > 
     <    122.000     76.625     44.938     25.650     18.625     13.800     11.333     10.812     10.214     10.696      9.882      8.812      8.825      7.815      7.250      7.500      5.927      5.879      5.067      3.686  > 
     <    255.000    143.625     38.875     22.200     13.750     11.450     10.167     11.104     10.321      9.750     10.029      8.703      8.650      8.413      7.648      7.604      6.427      6.224      5.258      3.714  > 
     <    255.000    142.625     44.500     23.450     17.042     11.150      9.722     10.375     10.625     10.411      8.603      8.422      8.387      7.533      7.841      7.417      6.594      5.862      5.633      3.664  > 
     <    124.000     97.375     55.062     28.300     16.875     12.900     10.611     11.417     10.286     10.268      9.515      9.891      8.412      8.217      8.352      7.365      6.906      6.491      5.225      3.579  > 
     <    189.000    113.500     58.000     28.550     16.167     11.550     10.389     10.208     10.411     11.054     10.103      8.875      8.325      8.054      7.375      7.250      7.594      5.845      4.975      3.705  > 
     <    255.000    151.375     61.688     28.500     18.417     12.950     12.861     11.167     11.036     10.750     10.103      9.297      8.750      7.924      8.125      7.479      6.802      5.638      4.992      3.771  > 
     <    255.000    144.000     58.562     34.700     21.208     13.875     13.694     12.396     10.768     12.214     11.029     10.125      8.287      8.609      7.898      7.021      6.271      5.457      4.733      3.669  > 
     <    255.000    197.375     72.250     33.200     21.208     13.050     11.333     10.958     10.482      9.875      9.500      9.234      8.287      8.293      8.057      6.750      6.406      5.319      5.067      3.641  > 
     <    186.000    155.000     84.125     35.650     22.292     13.725     12.222     11.375     11.107      9.446      9.544      9.797      8.825      7.870      7.989      6.604      6.583      5.940      5.408      3.611  > 
     <    255.000    200.625     91.500     30.050     15.833     13.375     12.306     10.625     11.679     10.268      9.971      8.906      8.325      8.326      7.773      6.417      6.312      5.664      5.908      3.744  > 
     <    255.000    167.500     50.875     28.550     17.917     14.975     12.111     12.083     10.893     10.536      9.735      9.156      8.350      8.402      7.045      6.656      5.417      5.121      4.975      3.699  > 
     <     60.000     59.375     41.312     18.100     12.792     11.375     11.083     12.021     10.893     11.554     10.397      9.234      8.625      8.902      7.159      6.750      5.885      5.664      4.792      3.617  > 
     <    154.000     90.375     51.688     33.300     19.792     14.275     13.361     11.938     10.964     11.268     10.250      9.766      8.250      8.489      8.159      6.469      6.406      4.966      5.058      3.649  > 
     <    166.000    111.500     56.875     32.200     17.708     13.075     11.111     10.521     11.179     11.411      9.559      8.719      8.537      8.348      7.511      6.469      5.594      5.448      4.542      3.640  > 
     <    160.000    108.125     46.750     25.800     20.375     13.875     12.972     10.333     11.250     10.911      9.706      8.875      8.588      8.435      7.670      6.781      6.573      5.776      5.167      3.774  > 
     <    255.000    144.125     57.125     26.600     17.292     11.975     12.667     11.604     10.339     11.232      9.559      8.828      8.050      7.978      7.443      6.635      5.771      5.534      5.167      3.536  > 
     <    189.000    132.500     58.375     24.100     17.750     13.025     11.250     10.708     12.143     10.321      9.956      9.562      8.350      7.739      7.818      7.365      6.344      5.983      5.275      3.727  > 
     <    103.000     94.250     55.500     28.850     17.750     13.525     11.222     11.271     10.482     10.625      9.029      9.141      8.287      7.489      7.386      7.177      5.583      5.198      4.567      3.607  > 
     <    255.000    139.125     42.875     27.450     18.333     13.175     12.333     12.438     11.982     11.464     10.809      8.125      8.300      7.924      6.886      6.000      6.333      5.690      5.017      3.554  > 
     <     80.000     90.875     59.562     28.350     17.875     14.400     12.639     11.604     10.804     10.536      9.824      8.281      8.375      8.304      7.966      7.375      5.021      5.060      4.567      3.647  > 
     <    204.000    175.750     82.062     34.800     25.375     15.475     11.806     11.000     11.411     11.071     10.250      8.516      7.725      7.891      7.227      6.094      6.302      6.224      5.275      3.597  > 
     <    255.000    194.250     71.500     30.850     19.583     12.975     11.972     11.500     10.375     11.482     10.426      9.219      8.738      8.261      8.148      7.031      5.865      4.767      4.217      3.578  > 
     <    255.000    129.125     36.375     22.650     16.708     12.225     11.806     11.938     12.679     10.429      9.676      8.734      8.438      7.946      6.682      6.833      6.094      4.845      5.208      3.661  > 

  30
     <    129.000     89.000     34.875     19.750     14.333      9.900      8.083      6.500      6.607      5.054      5.250      5.453      5.150      5.217      5.227      4.417      5.573      5.103      5.275      4.106  > 
     <    137.000    102.625     44.562     25.300     15.167      9.950      6.778      6.021      5.661      6.018      5.412      4.500      5.050      4.761      4.193      4.927      5.146      5.397      5.050      3.997  > 
     <    152.000     99.750     45.812     23.000     15.625      9.975      6.556      6.146      6.446      6.054      6.059      5.109      5.050      5.185      5.398      4.938      5.281      5.207      5.367      4.057  > 
     <    130.000     76.000     39.312     28.650     16.500      9.525      9.306      7.396      7.161      6.411      5.500      5.984      4.862      4.967      5.284      5.260      6.010      5.388      5.608      4.154  > 
     <    110.000     80.000     52.062     26.850     13.833      9.525      6.694      7.271      5.071      5.482      5.147      5.266      5.400      5.674      6.011      4.656      5.344      5.026      4.633      3.898  > 
     <     74.000     80.500     64.625     34.300     16.417     10.525      6.861      6.167      6.375      5.750      5.191      5.562      4.763      5.424      5.307      5.125      5.240      4.750      4.683      3.959  > 
     <    190.000    121.250     55.375     30.650     18.125     11.275      7.639      6.667      5.518      6.268      5.956      4.609      5.487      5.098      5.318      4.542      5.625      5.966      5.167      3.916  > 
     <     40.000     70.625     54.312     28.600     15.458     10.200      6.722      6.833      5.804      5.161      5.779      4.859      4.800      4.359      5.625      4.875      5.010      4.828      5.275      3.950  > 
     <     86.000    101.750     76.000     42.300     21.208     11.250      7.500      7.042      6.214      4.964      5.956      5.094      4.700      5.087      5.136      4.708      5.396      4.931      5.350      3.928  > 
     <    197.000    119.625     48.500     33.650     20.375     11.050      7.139      7.312      5.286      6.518      5.574      5.250      4.825      5.239      4.443      5.427      5.396      5.672      4.925      4.028  > 
     <     91.000    101.625     52.688     26.950     18.167     11.250      7.944      6.479      5.661      6.071      5.015      4.891      5.425      4.859      4.477      5.240      5.073      5.259      5.083      4.021  > 
     <     84.000     73.000     39.750     29.100     18.583      9.575      6.667      5.312      5.393      6.054      5.426      4.828      4.525      4.761      5.273      5.073      5.302      4.526      5.200      4.033  > 
     <    123.000     91.250     42.875     21.450     14.333      8.400      7.417      6.042      5.929      5.446      5.397      4.797      4.963      5.109      4.727      4.469      5.760      5.043      4.958      4.040  > 
     <     86.000     60.125     36.688     18.850     12.958      9.425      8.444      5.896      6.214      6.357      5.691      5.781      4.875      4.859      4.568      5.115      5.490      4.897      4.900      3.842  > 
     <     69.000     61.375     46.125     27.200     14.667      8.675      6.667      6.146      6.054      5.268      5.118      5.016      4.900      4.924      5.625      4.938      4.083      4.991      5.292      3.901  > 
     <     24.000     65.750     44.625     20.400     13.958     10.050      7.667      5.938      6.071      5.321      5.529      5.703      4.525      5.217      4.659      4.365      5.417      5.457      5.367      3.993  > 
     <     37.000     44.250     39.250     28.150     17.375      9.550      7.250      7.667      6.893      6.179      5.529      5.281      4.963      5.283      5.205      4.917      5.302      4.207      5.217      3.918  > 
     <     26.000     53.375     44.000     24.700     14.292      8.550      6.028      6.562      6.482      5.714      6.000      5.609      4.700      5.239      5.284      5.240      5.615      5.216      5.192      4.003  > 
     <     92.000     81.375     47.812     24.800     16.333      9.950      7.639      6.042      6.161      6.054      5.882      5.578      4.737      5.402      4.409      4.844      4.708      5.690      5.283      4.073  > 
     <     65.000     76.375     55.688     31.550     15.667      8.975      7.306      6.750      5.536      5.982      6.088      5.375      5.000      4.761      4.807      5.031      5.240      5.362      5.183      3.931  > 
     <     71.000     73.375     42.750     23.800     15.458     11.325      7.750      5.792      6.071      5.268      6.206      5.125      5.763      4.783      4.932      5.000      5.375      4.819      4.467      3.952  > 
     <    126.000    101.000     68.500     34.200     17.542     10.125      7.694      7.542      5.696      5.250      4.662      5.250      4.650      5.011      5.341      4.479      5.302      5.043      5.200      3.982  > 
     <    103.000     72.375     58.688     37.200     18.375     11.100      7.306      6.333      5.000      5.571      5.912      5.453      4.312      4.554      5.261      5.562      5.281      4.776      4.617      3.914  > 
     <     44.000     51.125     36.562     22.100     14.875     11.275      7.333      7.312      7.304      5.411      6.118      5.484      5.450      4.293      5.250      4.823      5.104      4.707      5.725      3.988  > 
     <     74.000     77.250     59.750     20.250     12.458      8.825      7.417      6.646      6.179      6.071      5.074      5.172      5.150      5.152      5.341      5.240      4.625      5.276      5.092      3.892  > 
     <     96.000     58.000     43.688     28.200     16.292      9.850      7.722      6.312      6.214      6.679      6.132      5.719      5.138      5.120      5.193      4.635      5.000      5.103      4.700      3.856  > 
     <     81.000     91.125     59.375     32.250     14.125      8.800      6.750      6.500      6.054      5.518      4.426      5.219      4.800      4.891      4.886      4.490      4.625      4.922      5.175      3.925  > 
     <     58.000     78.750     57.062     22.700     14.292     10.575      9.333      7.521      6.446      6.411      5.941      6.047      5.562      5.141      4.989      5.500      4.583      5.353      5.133      3.995  > 
     <     74.000     52.125     33.188     19.750     14.083     11.200      7.889      6.208      6.929      6.268      5.485      5.453      5.862      5.141      5.477      4.427      5.031      4.664      5.833      4.006  > 
     <     96.000     52.375     31.062     23.150     13.750      8.400      6.833      5.312      5.929      6.196      5.676      5.078      4.688      5.011      5.557      4.927      5.073      5.198      4.800      3.765  > 

6
  0

  0

  0

  0

  0

  0

  0

  0

  0

  0

  0

  0

7
  0

  0

  0

  0

  0

  0

  0

  0

  0

  0

  0

  0

8
  0

  0

  0

  0

  0

  0

  0

  0

  0

  0

  0

  0

9
  0

  0

  0

  0

  0

  0

  0

  0

  0

  0

  0

  0

10
  0

  0

  0

  0

  0

  0

  0

  0

  0

  0

  0

  0

11
  0

  0

  0

  0

  0

  0

  0

  0

  0

  0

  0

  0

