grid_x 4
grid_y 3
num_cameras 1
camera 1244987049
0
  0

  0

  0

  0

  0

  0

  0

  0

  0

  0

  0

  0

1
  0

  0

  0

  0

  0

  0

  0

  0

  0

  0

  0

  0

2
  0

  0

  0

  0

  0

  0

  0

  0

  0

  0

  0

  0

3
  0

  0

  0

  0

  0

  0

  0

  0

  0

  0

  0

  0

4
  0

  0

  0

  0

  0

  0

  0

  0

  0

  0

  0

  0

5
  30
     <     74.000     66.250     49.250     28.250     14.458     11.050      9.722      8.312      7.768      7.179      6.897      6.812      6.938      6.326      6.273      5.927      5.917      5.707      5.250      3.669  > 
     <    109.000     75.375     41.125     22.750     14.750     10.325      8.750      8.500      7.393      6.589      7.294      7.031      6.775      6.707      6.830      6.198      6.156      5.578      5.417      3.672  > 
     <    194.000    150.125     61.250     25.000     16.333     10.025      8.139      7.375      7.893      7.714      6.985      6.562      6.925      5.880      5.989      5.896      6.010      5.500      5.667      3.620  > 
     <     35.000     69.250     47.938     23.250     14.250     10.300      8.417      8.354      7.054      6.929      7.353      6.938      6.388      6.576      6.545      5.875      6.229      5.284      5.067      3.694  > 
     <    192.000    103.375     43.125     24.050     15.958     10.125      9.056      7.812      7.304      7.375      6.941      6.609      6.400      6.207      5.602      5.656      5.458      5.595      5.775      3.770  > 
     <    232.000    100.750     30.812     20.000     13.708      9.300      8.556      8.708      7.589      7.571      7.074      7.891      6.900      6.435      6.432      5.427      5.010      5.353      5.200      3.748  > 
     <     63.000     47.500     29.625     19.650     13.583      9.425      8.639      8.521      8.143      6.089      7.426      6.422      5.987      6.043      6.477      6.062      5.052      5.716      5.200      3.705  > 
     <    116.000     76.000     30.375     17.800     13.667      9.900      6.667      8.500      7.232      7.071      6.544      7.109      6.625      7.163      6.625      5.188      5.698      5.371      5.267      3.706  > 
     <     94.000     74.250     35.375     22.950     16.583     10.600      9.472      8.250      7.643      7.411      7.132      6.297      6.925      6.467      6.807      6.021      6.094      5.759      5.525      3.728  > 
     <    207.000    140.750     53.000     26.500     14.917      9.050      8.778      8.021      7.018      8.250      6.647      7.297      7.013      6.620      6.341      6.375      5.708      5.750      5.450      3.695  > 
     <     66.000    109.875     72.500     29.350     14.958      9.875      8.028      7.667      7.464      7.411      7.485      7.906      6.275      6.087      5.920      6.438      5.708      6.405      5.442      3.738  > 
     <    148.000    110.625     57.375     32.350     15.917     10.650      8.194      8.646      8.143      7.518      8.088      7.156      6.475      5.924      6.182      5.573      5.917      5.371      5.417      3.700  > 
     <    247.000    146.375     53.312     26.900     16.375     11.975      8.889      8.188      8.875      7.232      6.456      6.938      6.963      6.924      6.807      6.604      5.729      6.595      5.367      3.715  > 
     <    155.000    113.750     60.062     31.800     14.083      9.800      8.972      7.396      7.357      7.893      7.074      7.328      7.450      6.533      6.091      5.948      5.896      5.948      5.158      3.794  > 
     <    133.000     94.375     47.312     24.050     12.833     10.950      8.500      7.646      7.875      8.357      7.074      6.688      6.850      5.435      5.932      5.719      6.229      4.802      5.742      3.737  > 
     <    164.000     87.875     50.062     25.550     15.375     11.975      7.333      8.000      8.250      7.411      6.809      6.969      6.638      7.000      6.841      5.677      5.385      5.388      5.792      3.839  > 
     <     71.000     96.875     55.062     20.200     15.208      9.700      9.639      8.896      7.607      7.000      7.809      6.406      6.938      5.913      5.750      5.885      5.854      5.129      5.658      3.644  > 
     <    206.000    117.625     42.375     19.550     11.708     10.425      9.639      8.271      7.054      6.875      6.191      6.453      5.775      6.413      6.239      6.438      5.698      5.897      5.442      3.660  > 
     <    255.000    127.500     39.562     24.650     13.292      9.100      7.750      7.438      7.875      7.607      6.824      7.109      6.225      6.130      6.023      6.375      6.083      5.293      5.408      3.598  > 
     <    247.000    132.000     41.500     21.750     13.000     11.250      8.194      8.208      8.179      6.911      6.529      6.609      6.263      7.098      6.852      6.104      5.885      5.397      5.817      3.788  > 
     <    212.000    106.375     44.375     23.250     14.458     10.800      8.278      7.604      7.482      7.750      7.574      7.703      6.812      6.946      5.636      6.490      5.823      6.000      5.417      3.700  > 
     <    145.000     78.625     40.188     24.350     13.542      9.125      8.028      7.188      7.857      7.589      7.426      7.750      6.963      6.815      7.227      6.396      5.188      5.966      5.233      3.662  > 
     <    218.000    105.000     40.000     25.700     14.167      9.400      8.111      7.104      7.571      7.946      7.471      7.672      6.650      6.000      6.386      5.354      5.896      5.853      5.925      3.760  > 
     <    108.000     69.250     36.188     20.150     11.708      8.675      7.250      7.500      7.018      7.000      7.368      7.656      7.275      6.065      6.159      5.917      5.042      5.569      5.642      3.674  > 
     <     32.000     65.500     47.625     19.750     10.667     10.700      8.444      7.562      7.589      6.768      7.353      6.953      6.013      6.783      6.091      5.750      6.375      5.181      4.858      3.781  > 
     <    156.000    100.250     53.438     20.050     11.917      9.325      8.806      8.104      7.946      6.607      7.000      6.656      6.963      6.815      5.795      5.865      5.448      5.328      5.350      3.721  > 
     <    128.000    101.500     51.250     24.650     11.250     10.425      9.028      8.271      7.036      7.768      7.397      6.797      6.938      6.228      6.807      6.177      5.333      6.060      5.317      3.745  > 
     <    161.000     87.625     38.438     28.600     14.458      9.500      8.806      7.271      7.589      6.911      7.235      7.766      7.550      6.109      6.773      6.354      5.635      5.767      5.275      3.697  > 
     <     98.000     85.500     48.688     24.450     13.250     10.375      9.194      8.188      7.821      7.464      7.618      6.672      6.675      6.717      6.943      5.896      5.365      5.776      5.242      3.617  > 
     <     54.000     58.750     42.750     27.550     13.500     10.900      7.806      7.083      6.661      7.018      6.471      6.531      6.375      6.250      5.830      5.812      5.906      5.121      5.683      3.750  > 

  30
     <     97.000     67.625     34.125     17.100     15.417     11.525     10.500      9.875     10.768     10.643      9.559      8.250      8.300      7.217      7.114      6.812      5.573      5.603      3.817      3.589  > 
     <    202.000    110.625     45.625     22.450     14.583     11.025     11.167      9.521     10.607     10.714      9.941      8.859      8.588      7.707      7.682      7.344      5.312      5.112      5.142      3.687  > 
     <     63.000     83.125     58.250     22.250     16.375     12.375     11.944     11.000      9.821     10.357      9.662      8.766      8.150      7.489      7.545      6.208      5.781      5.121      4.717      3.691  > 
     <    119.000    104.875     46.125     23.800     13.625     11.250      8.944      9.188      9.089      9.821      8.368      8.562      7.062      7.076      7.102      6.792      6.010      5.086      4.575      3.532  > 
     <    255.000    155.875     71.188     30.900     19.083     13.425     12.472     11.708     11.268     10.964      9.632      7.562      7.838      7.837      7.182      5.844      6.052      5.267      4.450      3.650  > 
     <    177.000    151.875     72.625     28.400     15.875     12.125     11.250     10.417     10.643     10.536      9.868      7.547      8.438      8.098      6.784      6.635      5.542      5.241      4.383      3.682  > 
     <    255.000    162.750     51.875     27.100     17.875     11.625     10.861     10.979     10.625     10.429      9.221      8.062      7.513      7.293      6.932      6.698      4.979      5.052      5.100      3.694  > 
     <    180.000     95.875     39.812     18.800     12.208     11.450     10.194     10.125      9.911     11.304      9.382      8.797      7.963      7.565      7.011      7.229      6.156      5.155      4.883      3.683  > 
     <    183.000    132.125     47.875     21.650     16.208     12.350     12.500     11.938      9.679     10.750      9.176      7.938      7.300      6.565      6.511      5.885      6.177      5.302      5.092      3.535  > 
     <    209.000    122.125     50.938     22.600     15.583     11.525      9.778     11.083     10.018     10.875     10.088      8.375      7.838      7.478      6.670      6.448      6.385      5.466      4.675      3.588  > 
     <    174.000    101.625     37.750     24.300     15.625     11.825      9.167     10.646     10.000      9.125      9.265      8.797      7.537      7.207      6.170      6.719      6.250      5.629      5.192      3.626  > 
     <     99.000     71.125     36.000     22.300     15.292     11.175     10.139     10.417      9.911     10.232      8.765      8.641      8.425      6.304      7.080      6.417      6.281      4.690      5.067      3.632  > 
     <     82.000     74.000     41.562     21.050     14.000     11.100     10.694     10.688      9.321     10.268      9.294      8.156      7.263      6.707      6.409      6.073      5.938      4.922      4.975      3.689  > 
     <     86.000     58.375     32.625     21.150     14.333      9.800      9.861      9.792     10.714     10.446      9.176      8.359      7.838      6.859      7.284      7.052      5.302      4.767      5.183      3.623  > 
     <    179.000     93.250     38.000     22.600     16.083     10.725     10.111     10.500     10.018     10.500      9.000      7.547      7.338      7.315      7.466      7.094      6.188      5.086      4.833      3.519  > 
     <    255.000    183.500     84.812     36.200     18.958     12.875     11.028     12.000     10.839     10.464      9.191      9.125      8.875      7.326      6.727      6.417      5.792      5.457      5.408      3.736  > 
     <    194.000    166.125     79.375     24.750     19.167     12.575     10.944     11.833     10.536     10.554      9.382      8.719      7.450      7.326      7.057      6.531      5.615      5.112      5.225      3.639  > 
     <    147.000     99.500     48.938     26.800     16.750     12.425     10.889     11.188     10.696     10.679      8.515      7.531      7.412      7.011      6.182      6.500      5.740      5.819      4.892      3.579  > 
     <    255.000    172.500     70.438     32.750     19.375     11.750     10.917     10.396     11.696     10.304      9.618      8.406      8.200      6.837      6.500      6.344      5.854      5.552      4.558      3.702  > 
     <    161.000    110.375     47.125     23.200     14.750     10.925     10.500      9.979      9.661     10.214      9.794      7.984      8.725      6.989      7.011      6.688      6.688      5.431      5.558      3.526  > 
     <    250.000    154.875     63.125     29.450     16.375     11.450     11.222     11.208     10.089      9.982      8.500      8.891      6.787      6.370      6.545      6.021      6.302      5.095      5.558      3.679  > 
     <    244.000    141.375     48.812     24.250     18.125     13.475     11.389     11.104      9.339     10.000      9.735      8.438      8.075      7.283      7.170      7.052      5.833      5.414      5.092      3.523  > 
     <    112.000     80.875     41.188     27.300     13.958     10.450     10.500     10.979     11.304     10.661      9.618      8.344      8.113      7.467      6.955      5.823      5.521      4.578      4.667      3.634  > 
     <    143.000     89.125     46.062     26.150     15.208     12.325     11.333     10.479     10.000     10.054      9.147      8.984      8.225      7.576      7.239      6.104      5.573      5.931      4.408      3.579  > 
     <    162.000    110.375     50.062     25.650     14.667     11.475     10.000      9.833      9.821     10.232      9.000      8.078      8.012      7.435      6.534      6.156      5.656      5.233      4.725      3.786  > 
     <    181.000    144.500     63.625     26.650     16.083     12.350      9.861      9.958      9.982      9.161      9.147      8.031      7.800      6.913      6.705      6.000      5.896      4.931      5.475      3.577  > 
     <     69.000     65.250     39.062     24.700     15.708     13.650     11.806     11.458     11.321     10.214      9.985      8.703      7.463      7.000      6.864      6.719      6.062      5.810      5.533      3.646  > 
     <     84.000     72.500     40.500     23.300     15.750     12.400     11.444     10.646      9.196     10.250      8.926      8.328      7.688      7.728      7.580      6.250      5.552      4.310      4.367      3.570  > 
     <    219.000    127.000     48.000     23.850     17.083     13.425     10.639     10.312     10.571     10.036      8.868      8.016      8.238      7.478      6.920      5.438      5.979      5.483      4.767      3.567  > 
     <    106.000     87.000     42.750     24.950     15.708     13.700     12.028     10.083     11.339     10.464     10.059      9.328      7.838      8.250      6.909      6.448      5.396      5.328      4.100      3.644  > 

  35
     <     43.000     51.000     44.750     41.100     24.667     17.500     16.444     15.438     14.518     12.125      9.794      8.359      7.725      6.500      5.773      5.167      5.656      5.560      5.217      3.611  > 
     <     91.000     94.000     67.875     35.050     23.250     17.350     17.778     14.667     13.643     12.161     10.471      7.984      7.487      6.500      5.455      5.281      5.500      4.931      4.950      3.574  > 
     <    149.000     94.625     51.000     29.550     19.458     15.200     15.000     15.438     13.589     10.911     10.985      9.172      6.638      6.511      6.182      5.688      5.677      5.422      4.967      3.625  > 
     <     76.000    103.625     69.750     34.300     21.625     15.850     16.111     13.729     13.054     11.696     11.309      9.156      8.137      7.011      5.477      4.771      5.479      4.836      4.475      3.651  > 
     <    154.000    119.500     50.000     24.500     14.625     13.125     13.889     13.812     12.768     13.214     10.691      9.641      8.037      7.380      6.114      6.281      5.083      5.026      4.792      3.627  > 
     <     35.000     26.625     21.375     21.300     17.458     16.150     17.250     19.229     20.375     16.839     12.368     10.438      7.525      6.837      6.864      5.875      5.333      5.121      4.967      3.607  > 
     <    124.000    111.250     62.688     31.200     18.708     16.650     15.250     14.646     12.857     12.304      9.515      9.641      7.537      7.467      6.364      5.677      5.458      4.741      4.367      3.516  > 
     <     55.000     76.375     64.375     36.650     21.792     18.675     16.306     15.792     14.321     14.375     10.441      8.969      7.500      6.739      5.818      5.104      5.146      4.698      4.450      3.651  > 
     <    224.000    145.750     59.938     32.850     18.417     15.975     12.972     14.521     13.143     12.446     10.250      9.422      7.700      6.815      5.909      5.531      5.646      4.362      4.742      3.566  > 
     <     98.000    114.875     59.625     25.600     18.250     13.425     14.611     13.979     12.946     12.411      9.794      8.312      6.925      6.837      5.659      5.823      5.823      5.181      4.667      3.586  > 
     <     63.000     72.250     62.875     29.100     15.792     14.200     15.139     15.208     14.393     11.036      9.926      9.250      7.125      7.163      6.023      5.438      5.177      5.086      4.525      3.517  > 
     <    255.000    194.875     79.312     36.750     20.500     16.725     15.361     14.458     13.232     12.089     10.235      9.703      8.037      7.130      6.080      6.240      5.125      4.612      5.142      3.689  > 
     <    255.000    177.250     71.000     41.700     22.667     16.100     14.389     13.812     14.589     12.482     10.926     10.031      8.025      7.065      6.227      5.594      5.688      5.190      4.175      3.629  > 
     <    175.000    146.500     64.000     26.900     19.708     14.225     13.861     12.688     13.143     12.679     10.221      8.984      7.162      6.402      6.443      6.062      5.875      5.095      4.342      3.604  > 
     <     16.000     29.375     24.438     18.250     13.875     13.875     16.083     16.646     22.875     24.125     14.044      9.859      8.338      7.402      6.307      6.396      5.333      5.664      4.500      3.607  > 
     <    240.000    120.750     52.375     30.700     19.875     15.375     13.389     13.021     12.000     13.214     10.941      9.922      8.887      6.870      6.466      6.323      5.781      4.879      4.792      3.546  > 
     <    163.000     96.125     53.062     28.400     17.833     15.725     13.722     14.083     13.286     12.214     10.015      8.859      7.375      6.620      6.318      5.531      5.521      5.345      3.750      3.548  > 
     <    255.000    197.000     78.750     29.350     19.292     13.825     12.194     13.500     12.054     11.804      9.676      9.172      7.825      7.391      6.023      5.948      5.052      5.267      4.592      3.549  > 
     <    191.000    122.750     43.688     22.600     15.917     13.650     14.278     13.042     12.875     12.161     10.059      9.188      8.363      7.130      6.295      5.646      5.010      4.974      4.608      3.516  > 
     <     25.000     26.875     21.938     21.650     19.083     18.375     18.889     19.771     22.964     14.964      9.529      9.281      8.012      7.120      5.693      5.438      5.094      4.431      4.375      3.506  > 
     <     77.000    110.125     73.562     34.750     23.958     15.900     16.000     14.583     13.125     12.714     11.132      8.594      8.512      6.848      6.000      5.844      5.667      4.767      4.850      3.678  > 
     <    230.000    156.625     53.750     24.750     19.000     13.800     14.028     13.958     12.982     11.393      9.868      8.016      7.862      7.087      6.250      6.021      5.406      5.060      4.825      3.511  > 
     <     91.000    119.000     57.938     30.050     18.417     14.725     14.944     14.479     13.375     12.393     10.132      8.469      8.287      7.565      5.955      5.625      5.688      4.414      4.550      3.586  > 
     <    255.000    158.375     57.562     29.800     19.500     13.750     14.667     13.604     13.536     11.964     10.868      9.469      7.300      7.630      6.386      5.698      5.115      5.638      5.083      3.708  > 
     <    255.000    165.500     56.250     26.550     16.583     13.125     12.139     12.333     13.125     12.250     10.897      9.844      8.912      6.978      6.591      5.979      5.521      4.966      4.633      3.624  > 
     <     25.000     22.875     22.625     21.850     20.708     17.650     18.778     23.625     25.054     18.411     12.882     10.031      6.975      7.033      6.170      5.812      5.146      5.017      4.117      3.642  > 
     <    132.000     90.250     62.000     33.250     19.167     16.550     16.944     16.042     14.375     12.161      9.985      8.125      7.162      6.163      5.864      5.875      5.094      5.129      5.500      3.543  > 
     <    201.000    140.750     75.625     37.200     23.208     19.850     17.028     14.250     14.571     10.893     10.382      9.094      7.562      6.554      6.136      6.198      4.812      4.810      4.350      3.663  > 
     <     64.000     72.500     56.500     42.400     27.167     19.575     16.722     16.500     13.946     11.804      9.015      7.953      6.938      6.717      5.670      5.729      5.573      4.612      4.658      3.598  > 
     <    255.000    142.125     62.188     26.250     16.292     14.400     12.750     14.125     13.089     12.839     10.779     10.000      8.363      6.967      6.375      5.646      4.990      5.241      4.992      3.505  > 
     <    221.000    150.000     57.688     26.650     18.083     12.525     11.500     11.854     12.321     13.107     10.485      8.438      8.575      7.250      6.432      5.385      6.208      5.129      4.858      3.618  > 
     <    131.000     91.500     47.688     24.050     17.125     15.575     13.639     14.188     13.946     12.161     10.647      9.078      8.200      5.957      5.966      5.312      5.677      4.491      4.417      3.558  > 
     <     16.000     28.250     26.188     20.050     16.958     14.875     15.167     16.438     16.946     16.143     13.603      9.969      8.387      6.663      6.636      6.438      4.750      4.845      4.725      3.540  > 
     <     89.000    107.125     70.375     28.300     19.667     16.375     16.250     14.292     13.821     11.929     10.015      7.875      7.875      6.250      7.034      5.208      5.583      5.060      4.217      3.645  > 
     <    242.000    147.750     54.875     28.450     18.958     15.375     14.139     13.979     13.732     12.589      9.956      8.703      7.675      6.511      5.602      6.062      5.396      5.431      4.700      3.664  > 

  39
     <    198.000    131.750     51.188     27.650     18.208     13.475     14.583     15.729     16.339     13.107      9.956      9.328      8.438      7.207      5.591      5.896      6.167      5.388      4.525      3.735  > 
     <     33.000     27.375     23.188     23.650     20.667     15.725     17.556     15.333     18.054     18.625     16.279     13.016      9.863      7.652      6.830      6.583      5.135      5.672      4.792      3.715  > 
     <     54.000     67.000     65.812     45.850     26.917     21.250     19.861     17.854     14.982     11.768     10.118      7.922      7.225      6.913      6.943      6.448      5.531      4.716      5.192      3.669  > 
     <     58.000     63.125     55.562     36.050     26.458     21.375     17.639     15.646     14.107     11.804     10.044      7.781      7.775      7.402      5.477      5.708      4.760      4.690      4.508      3.540  > 
     <    219.000    129.625     43.000     25.700     16.083     14.575     14.667     15.062     14.589     10.929     10.544      8.250      7.888      7.391      6.250      6.167      5.156      5.810      5.108      3.609  > 
     <     35.000     28.000     24.688     21.100     19.583     18.025     16.333     18.979     23.036     18.464     11.603      9.359      8.387      7.326      7.170      6.688      4.646      5.414      4.433      3.572  > 
     <     81.000     80.625     54.188     32.000     20.958     16.000     15.139     15.750     13.429     10.821      9.691      7.672      7.388      6.750      5.864      5.531      5.625      5.043      4.650      3.655  > 
     <    255.000    171.125     91.812     42.300     23.625     17.475     15.278     16.125     14.482     12.732     10.206      7.750      7.700      6.750      6.932      6.062      5.740      5.129      4.817      3.555  > 
     <    151.000    120.125     83.688     46.050     25.542     20.100     20.639     17.292     14.786     11.482      9.324      8.406      7.550      6.902      6.807      6.094      5.635      5.112      4.725      3.678  > 
     <    194.000    108.000     47.375     31.750     18.917     16.350     13.944     13.812     12.125     10.232      9.265      8.516      7.625      6.783      6.455      5.625      5.094      4.897      4.833      3.425  > 
     <     36.000     37.375     48.125     36.650     22.000     19.225     17.278     16.104     15.554     10.518     10.074      7.781      6.612      6.533      5.523      5.042      4.906      5.216      4.342      3.553  > 
     <    255.000    154.250     37.750     25.150     20.583     14.625     13.611     16.125     14.518     12.732      9.706      8.906      9.012      7.109      6.307      5.698      5.854      5.517      4.750      3.601  > 
     <     38.000     29.875     25.562     21.350     19.625     15.000     16.056     21.833     26.339     16.964     11.603     10.672      8.250      6.880      6.511      5.823      5.490      5.164      4.925      3.641  > 
     <     92.000    102.875     73.750     36.850     19.750     17.400     18.500     16.167     13.286     13.125      8.779      9.094      7.662      6.478      6.386      5.583      5.292      5.069      4.833      3.626  > 
     <    255.000    144.375     69.375     37.000     23.042     18.225     17.944     17.000     14.821     12.268     10.397      8.109      7.750      6.478      6.784      5.823      5.312      5.034      4.675      3.618  > 
     <     29.000     30.125     22.812     22.500     19.250     21.350     22.500     32.125     27.429     17.071     13.397     10.422      8.125      7.554      7.182      5.802      4.958      5.155      4.567      3.543  > 
     <    255.000    215.500     46.500     23.550     18.000     14.400     14.167     15.854     14.821     12.946     10.515      8.609      7.825      6.891      6.341      5.698      5.031      5.284      4.775      3.549  > 
     <     28.000     31.375     27.188     20.650     17.667     17.400     20.472     24.938     26.571     22.036     12.309      9.297      8.825      6.663      6.318      6.208      5.677      4.431      4.408      3.537  > 
     <     62.000     72.125     54.562     34.100     25.583     21.575     19.222     16.354     15.268     11.911      9.809      7.359      6.662      7.261      5.932      5.948      4.760      5.121      5.042      3.575  > 
     <     90.000     94.375     72.375     38.750     23.500     19.725     18.583     17.083     13.429     11.875      9.588      8.500      7.688      6.283      5.898      5.417      5.458      4.922      5.283      3.534  > 
     <    194.000    142.375     49.938     28.900     23.250     14.350     14.972     16.625     14.357     13.661     10.603      8.625      9.012      6.978      6.091      5.906      5.698      5.310      4.692      3.556  > 
     <     36.000     33.500     24.312     25.650     20.667     17.950     22.139     22.583     25.393     16.071     12.162      9.406      8.387      7.163      6.273      6.177      5.396      5.129      4.708      3.555  > 
     <    246.000    156.625     54.312     28.650     21.583     17.075     16.167     15.854     14.839     12.875     10.353      8.562      8.463      8.043      6.398      5.823      5.073      5.767      4.392      3.656  > 
     <     41.000     29.250     26.250     19.000     18.500     15.325     17.972     18.542     23.875     25.250     15.529      9.703      8.812      7.761      7.068      6.438      4.896      5.293      5.017      3.652  > 
     <    255.000    148.000     54.938     27.550     19.792     13.775     14.111     14.500     14.179     13.339     10.956      9.016      8.325      7.065      6.966      5.531      5.146      4.983      4.342      3.551  > 
     <     28.000     31.750     23.250     20.750     18.875     16.175     17.639     18.792     24.071     22.179     13.000     10.469      9.162      7.152      6.443      5.938      5.667      4.931      4.450      3.485  > 
     <     42.000     53.625     57.188     47.900     30.958     23.575     18.306     16.396     12.750     11.071     10.632      7.609      6.375      7.000      6.500      5.573      6.365      5.466      5.425      3.668  > 
     <     84.000    101.875     93.000     51.900     28.292     20.700     18.389     16.896     13.071     12.696     10.338      8.203      7.763      6.859      6.489      5.958      5.542      4.991      4.308      3.544  > 
     <    173.000    135.250     74.500     34.600     24.542     19.725     17.111     15.812     13.821     11.750     10.456      9.422      7.763      6.870      6.466      6.396      5.510      5.207      4.867      3.539  > 
     <     89.000     67.125     41.812     33.400     24.708     17.800     15.806     15.604     13.536     11.821     10.426      8.656      7.888      6.989      6.159      5.406      5.198      5.216      4.850      3.645  > 
     <     56.000     44.750     51.062     36.700     23.583     19.450     17.361     14.396     13.214     12.875     10.206      9.266      7.862      6.630      6.409      6.167      5.094      5.500      4.717      3.644  > 
     <     71.000     62.000     33.125     21.250     17.417     14.450     13.944     15.583     14.250     12.089      9.941      7.766      7.888      7.533      6.716      5.594      5.958      4.957      5.092      3.607  > 
     <     32.000     28.000     25.000     21.850     18.500     17.400     17.472     15.312     15.839     13.821     11.676      9.312      8.912      6.750      5.568      5.208      5.344      4.810      5.367      3.521  > 
     <     68.000     51.625     39.250     26.600     22.250     18.625     16.917     14.938     15.161     12.179      9.544      8.094      6.975      7.152      6.955      5.354      5.104      4.543      4.458      3.444  > 
     <    148.000     93.625     45.375     26.700     20.500     17.375     14.750     15.083     13.571     11.625      9.559      8.562      7.325      6.717      6.102      6.365      5.844      5.086      4.375      3.579  > 
     <    113.000     91.625     46.438     27.700     20.542     16.325     16.694     14.938     15.000     11.750      9.000      8.453      7.025      6.087      6.511      5.406      5.344      4.819      5.000      3.466  > 
     <     91.000     76.625     63.688     44.450     22.208     17.450     17.222     15.854     14.750     12.268      9.353      7.984      6.975      7.413      6.386      5.885      5.281      4.957      4.617      3.587  > 
     <    101.000     73.125     45.250     24.750     18.833     15.625     16.111     16.896     14.036     11.804      9.794      8.531      7.800      6.739      6.102      5.812      5.604      5.491      4.850      3.645  > 
     <    142.000    109.750     74.688     34.700     22.125     18.200     15.500     15.250     13.625     12.161     10.397      8.453      7.300      6.076      6.250      5.615      5.323      5.267      3.975      3.613  > 

  33
     <     78.000     81.625     46.000     24.950     17.833     13.775     13.167     12.833     11.500     11.518     10.529      7.562      8.275      7.630      6.693      6.510      5.917      6.147      4.758      3.713  > 
     <    255.000    173.500     51.062     25.000     16.542     13.650     12.306     11.542     11.750     12.661     10.191      9.109      8.025      7.185      6.205      6.656      5.927      5.397      5.408      3.647  > 
     <    221.000    134.875     49.250     26.150     15.708     15.075     14.083     12.667     11.768     10.804      9.897      8.922      7.400      7.848      6.966      6.500      6.010      6.397      4.950      3.659  > 
     <     96.000     78.750     56.750     40.300     22.958     15.500     13.611     14.083     11.714     11.464      9.500      8.312      7.600      7.304      6.841      6.688      5.969      5.948      4.733      3.703  > 
     <     83.000     72.375     60.562     32.150     21.875     15.475     13.861     14.000     13.643     11.339      9.338      7.953      7.800      6.707      6.625      6.250      5.677      5.560      5.417      3.669  > 
     <    255.000    155.750     63.000     32.050     19.167     14.175     12.472     11.958     12.143     11.339     10.632      8.562      7.787      6.620      6.011      5.812      6.167      5.078      5.033      3.745  > 
     <    239.000    160.250     73.375     38.100     22.708     15.300     15.167     13.208     12.786     11.679     10.853      8.953      8.325      6.870      7.080      6.833      6.302      5.776      5.625      3.719  > 
     <    255.000    155.625     65.938     28.700     17.750     14.100     13.778     13.104     11.268     11.679      9.794      8.203      8.412      6.652      6.420      5.875      5.802      5.905      4.567      3.687  > 
     <    246.000    150.125     70.438     30.700     20.750     13.575     12.361     13.646     12.125     11.982      9.853      8.000      7.325      5.978      5.898      6.073      5.656      5.526      5.175      3.704  > 
     <    129.000    132.750     72.188     33.250     21.083     16.300     13.611     12.708     12.482     11.375      9.015      7.828      6.912      6.891      6.750      6.562      5.646      4.629      5.642      3.827  > 
     <    255.000    174.000     91.125     38.500     22.667     15.400     12.417     13.062     12.232     11.607     10.544      9.203      7.425      7.576      6.659      5.708      5.240      5.345      4.917      3.550  > 
     <    255.000    219.875     71.188     28.850     19.042     15.400     12.778     12.417     12.107      9.768      9.765      8.891      7.963      6.663      6.625      6.615      5.740      5.353      5.292      3.638  > 
     <    255.000    219.250     82.500     33.950     18.542     13.975     13.083     11.333     11.839     12.393     10.500      8.984      8.250      7.087      6.489      5.958      6.010      5.414      5.067      3.779  > 
     <    255.000    201.750     75.188     34.100     19.458     13.325     12.222     13.083     12.875     11.821      9.985      8.797      8.162      7.304      5.989      5.333      5.135      5.284      4.708      3.726  > 
     <    255.000    151.500     58.312     27.050     18.917     14.725     13.472     11.833     12.500     12.286     10.088      8.328      8.262      6.435      6.273      6.208      5.708      5.353      5.675      3.576  > 
     <    232.000    147.125     57.750     24.550     17.208     13.875     13.278     11.542     12.125     12.036     10.176      9.141      7.638      7.239      6.920      6.583      5.458      5.026      4.950      3.733  > 
     <    181.000    118.625     58.625     25.150     16.083     12.775     12.167     11.562     12.893     11.536     10.118      8.578      8.512      6.913      6.886      6.708      5.615      5.621      5.283      3.494  > 
     <    198.000    128.625     57.688     28.400     17.625     14.600     12.861     12.625     12.143     11.839     10.191      9.750      8.113      7.065      7.045      6.646      5.396      5.121      5.333      3.757  > 
     <     40.000     27.625     22.125     22.200     20.042     17.775     15.750     17.604     21.732     22.321     13.956      9.922      8.475      8.380      6.750      6.781      5.031      5.095      5.442      3.685  > 
     <    255.000    152.875     60.125     25.050     17.542     13.775     11.806     11.875     12.446     11.500     10.132      8.828      8.637      6.761      6.966      6.688      5.677      5.086      4.608      3.656  > 
     <     19.000     25.000     23.625     20.900     19.042     14.850     12.889     13.438     15.125     22.089     20.059     13.922      8.912      8.000      7.148      6.427      5.719      5.422      4.867      3.649  > 
     <    210.000    148.250     56.250     28.250     17.333     13.225     11.500     13.604     11.339     11.125      8.941      9.047      8.100      7.250      6.273      6.094      5.573      5.750      5.383      3.781  > 
     <    238.000    150.125     54.188     24.250     16.042     12.450     12.750     11.125     11.804     11.357     10.059      8.750      7.400      6.989      6.670      6.833      6.177      5.845      5.108      3.581  > 
     <    255.000    167.250     60.062     29.150     18.833     13.450     12.222     12.000     11.768     11.946      9.794      9.125      8.125      6.533      7.068      6.958      5.750      6.060      5.217      3.772  > 
     <    156.000    103.125     47.438     26.300     15.292     13.600     12.500     12.583     11.964     11.857      9.515      9.625      7.950      7.109      6.341      6.354      5.698      5.405      5.225      3.669  > 
     <    255.000    207.000     90.625     39.050     20.875     14.150     12.778     12.479     11.893     12.161      9.941      8.531      8.500      7.109      6.966      6.188      6.073      5.509      4.942      3.646  > 
     <    204.000    147.000     63.375     28.000     21.375     16.200     12.306     12.500     11.911     12.232      9.897      8.406      7.987      6.728      6.330      6.021      5.927      5.784      5.175      3.709  > 
     <     31.000     22.875     22.062     22.550     18.417     17.625     15.556     16.979     22.768     21.143     17.191     12.031      9.412      8.717      7.080      6.104      5.052      5.629      4.917      3.594  > 
     <    208.000    143.750     91.000     41.050     21.042     15.200     14.361     14.229     12.786     11.946      9.397      8.969      7.650      6.522      6.625      6.979      6.104      5.172      5.117      3.633  > 
     <    168.000    116.875     79.812     38.250     18.917     16.100     13.611     12.771     13.821     12.196      9.221      8.500      7.787      7.054      6.523      6.479      5.094      5.121      4.925      3.639  > 
     <    161.000    144.750     64.312     31.700     21.000     14.100     12.778     13.896     13.250     11.429      9.515      9.031      8.250      6.870      7.170      5.875      5.969      5.819      5.842      3.763  > 
     <    154.000    109.250     56.250     30.700     18.958     14.875     13.000     12.979     11.482     11.750      9.809      8.453      7.850      7.283      6.966      6.833      5.802      5.647      4.925      3.752  > 
     <    122.000    107.000     55.188     29.500     20.292     14.975     13.139     11.688     12.857     10.482      9.912      8.922      6.950      6.870      6.159      5.594      5.656      5.155      5.125      3.560  > 

  30
     <    162.000    102.000     46.438     24.700     16.583     11.650      9.944      9.667      9.125      7.875      7.162      7.156      6.575      6.728      6.545      6.583      5.354      5.397      5.367      3.956  > 
     <    250.000    142.375     66.125     24.650     16.042     11.000     10.306      9.521      9.196      8.554      7.044      6.312      6.438      7.011      6.511      6.146      5.344      5.509      5.000      3.930  > 
     <    255.000    191.250     85.375     34.600     17.667     11.825     10.556      9.292      9.446      8.071      8.353      7.734      6.912      6.402      6.170      5.562      5.333      6.302      5.300      3.955  > 
     <    232.000    123.625     47.312     25.600     16.333     11.925     10.028     10.167      9.000      9.196      7.029      7.328      6.775      6.457      6.239      6.240      6.188      5.793      5.600      4.030  > 
     <    113.000    104.625     58.625     27.800     17.458     12.450     11.556      9.604      9.375      8.339      7.221      7.938      6.812      6.250      6.648      6.312      5.250      6.043      5.133      3.959  > 
     <     94.000     83.250     46.750     25.400     16.083     11.325      9.278      8.792      8.321      9.179      8.250      7.250      6.037      6.424      5.432      6.094      5.354      5.371      5.067      3.930  > 
     <    157.000     98.500     50.750     28.300     15.417     10.275     10.056     10.458      9.125      8.625      7.794      7.172      7.300      6.630      6.398      6.115      5.427      4.931      6.067      4.001  > 
     <    142.000    111.500     52.812     20.400     15.625     12.050      9.389      8.188      8.321      8.214      8.000      6.578      6.450      5.924      5.250      6.562      5.229      4.845      5.283      3.955  > 
     <    211.000    122.625     50.438     25.250     13.958     10.300      8.722      8.875      9.196      8.982      8.074      6.000      6.662      6.109      6.102      5.635      5.281      5.216      4.950      3.904  > 
     <    221.000    141.375     56.188     28.250     15.583     12.675     11.111      9.646      9.161      7.696      7.118      6.453      6.562      5.728      6.045      5.260      5.323      5.362      5.467      3.914  > 
     <    234.000    147.875     55.312     30.700     15.583     11.950      9.444      8.812      9.232      7.929      7.765      6.891      6.612      7.043      6.295      5.646      5.896      5.810      5.158      3.997  > 
     <    194.000    146.625     68.875     30.400     17.500     11.325      9.806      9.458      8.732      8.375      8.029      6.656      6.150      6.304      6.068      5.635      5.667      5.457      5.675      3.902  > 
     <    242.000    150.000     67.812     34.900     17.000     10.525      9.833      8.875      8.518      8.304      8.250      7.094      6.625      6.239      6.341      5.583      5.760      5.741      5.425      4.019  > 
     <    255.000    201.375     70.125     30.700     17.500     11.450     10.139      9.625      8.268      9.232      7.015      6.703      5.987      6.739      5.943      5.677      5.031      5.164      5.642      3.879  > 
     <    255.000    213.875     82.938     32.850     19.333     11.950     11.611      9.042      8.857      7.857      6.632      6.094      6.550      6.630      5.614      6.177      5.083      4.638      5.217      3.971  > 
     <    255.000    171.375     68.875     23.800     14.083     12.525      9.861      9.750      8.268      7.500      7.015      6.078      6.513      5.750      6.591      5.646      5.333      5.431      5.358      3.987  > 
     <    241.000    147.500     63.938     26.500     15.542     11.675     10.028     10.229      9.179      7.750      6.485      7.000      6.550      6.228      6.284      6.917      5.208      5.302      5.742      4.050  > 
     <    223.000    144.250     56.938     24.250     14.792     12.350     11.556      8.500      9.018      7.196      7.485      6.234      6.200      6.120      5.648      5.760      4.792      5.250      4.858      3.945  > 
     <    191.000    132.375     92.250     37.050     21.792     12.600     11.250      9.312      9.679      7.786      7.191      6.172      6.938      5.989      5.739      5.781      5.656      5.802      5.875      3.941  > 
     <    255.000    238.500     87.688     38.300     18.083     11.575      9.389      9.562      8.482      8.411      6.853      6.812      6.838      5.641      5.477      5.427      5.729      4.879      4.925      3.902  > 
     <    157.000     99.875     47.125     26.900     13.292     11.000      9.611      8.750      9.500      8.357      7.691      7.641      6.400      6.391      6.136      6.438      5.698      5.741      5.642      3.981  > 
     <    202.000    104.625     52.375     29.350     16.500     11.625      9.861      9.104      9.000      8.411      8.088      7.484      6.725      6.141      6.591      6.646      5.448      5.810      5.767      3.953  > 
     <    255.000    187.000     63.125     29.350     18.042     13.275     10.194     10.542      9.536      8.464      7.368      6.875      6.250      6.359      6.284      6.125      6.417      5.776      5.042      3.914  > 
     <    255.000    175.250     61.750     29.850     14.833     11.575      9.222      8.708      8.464      8.000      6.676      6.672      6.525      5.239      5.420      6.458      5.375      5.310      5.367      3.902  > 
     <    231.000    168.750     83.812     33.650     18.333     12.275     10.194      9.229      8.536      8.964      7.544      7.156      6.150      5.870      6.614      6.073      6.104      5.371      5.350      4.065  > 
     <    213.000    142.375     50.188     22.700     14.542     11.325      9.861      9.333      9.089      8.393      7.324      7.703      7.075      6.022      5.966      6.542      5.667      5.750      5.825      3.915  > 
     <    156.000    113.500     51.188     23.800     14.917     12.225     11.972      9.354      9.089      8.304      7.265      7.078      6.975      6.641      5.852      5.833      4.969      5.353      5.450      3.996  > 
     <    178.000    105.125     43.750     27.200     17.625     10.975     10.750     10.312      9.464      8.911      7.412      7.078      6.112      6.554      6.716      5.531      5.573      6.448      5.050      3.958  > 
     <    192.000    149.750     61.500     22.850     15.125     11.350      9.611     10.104      8.768      8.018      7.324      6.656      7.037      6.989      6.409      5.667      5.625      4.983      4.583      3.866  > 
     <    200.000    136.375     64.938     29.100     16.167     12.250      9.667      9.854      9.196      8.304      7.971      6.969      6.463      6.652      5.602      6.135      5.896      5.819      5.192      4.062  > 

  30
     <    170.000    166.875     91.250     34.200     21.417     14.200      8.139      6.250      6.232      6.607      5.412      6.328      5.188      5.478      5.705      5.292      5.500      4.716      5.058      4.021  > 
     <     39.000     55.500     47.250     30.550     16.583     10.725      7.333      6.333      6.089      5.571      6.309      4.688      5.025      5.522      5.023      5.115      5.156      5.448      4.533      4.068  > 
     <     47.000     47.375     35.438     23.000     17.667     12.075      8.806      6.979      5.607      5.196      5.485      6.062      5.263      5.489      5.602      4.938      4.635      4.750      4.733      4.121  > 
     <    132.000    110.625     49.062     31.650     18.500     10.725      7.611      6.167      5.304      5.089      5.015      5.156      5.275      4.826      4.773      4.635      5.427      4.672      4.650      4.073  > 
     <    156.000    120.125     56.062     21.900     12.542     10.675      9.222      7.562      5.893      4.732      5.029      4.906      5.662      4.707      4.727      5.062      4.844      4.405      4.900      4.117  > 
     <     97.000     91.250     76.938     34.450     21.042     12.675      9.056      7.646      6.143      5.518      4.765      5.000      5.000      5.293      5.602      5.312      5.406      4.638      4.750      4.098  > 
     <     40.000     71.375     51.938     27.400     18.708     12.675      9.722      7.083      6.054      6.214      5.206      5.594      4.775      4.957      4.750      5.104      4.896      5.259      4.300      4.079  > 
     <     34.000     47.000     39.312     33.500     19.708     10.825      6.694      5.771      6.786      5.393      4.632      5.625      5.463      5.761      5.398      5.458      4.333      4.543      4.842      3.946  > 
     <     86.000    102.625     61.812     32.100     21.292     14.125      8.056      6.708      5.661      6.036      6.132      5.203      5.463      5.293      5.648      5.177      4.656      4.750      4.475      4.121  > 
     <     37.000     47.875     38.188     24.850     16.833      9.950      8.278      6.458      5.982      5.393      4.897      5.109      4.850      4.489      5.250      4.979      4.906      4.500      4.517      3.924  > 
     <     48.000     64.500     49.312     29.350     19.542     14.175      8.611      6.708      5.804      5.839      5.971      5.750      5.438      4.696      4.932      4.552      4.917      4.810      5.083      4.030  > 
     <     56.000     53.375     35.750     28.600     23.500     10.525      9.528      6.500      5.643      5.446      5.118      5.734      5.588      5.120      4.966      5.333      4.823      4.612      4.400      3.943  > 
     <     27.000     45.875     35.125     26.000     14.917     11.125      8.528      7.917      5.714      5.500      4.632      4.734      4.825      6.337      5.011      5.146      4.646      4.819      4.300      4.112  > 
     <     37.000     41.375     30.000     28.650     21.958     11.350      7.611      6.646      6.286      5.036      5.368      5.359      4.625      4.772      4.920      5.406      5.438      4.914      4.833      4.155  > 
     <    144.000    113.875     59.312     39.050     18.375     11.725      8.861      6.688      6.286      5.339      5.500      5.000      5.725      5.163      4.852      4.677      4.646      5.017      4.417      4.221  > 
     <    107.000     91.750     65.625     33.600     23.500     13.850      9.167      5.771      5.732      5.393      4.750      5.422      4.963      5.283      5.205      4.125      5.073      5.095      5.008      4.158  > 
     <     41.000     80.875     64.688     36.650     23.917     15.550      8.417      6.812      5.000      5.732      5.956      4.875      5.037      4.870      4.511      4.594      4.646      4.483      4.825      3.901  > 
     <    135.000    154.250     88.875     35.200     21.125     11.650      7.361      5.854      6.071      6.143      4.897      4.688      5.812      5.728      5.670      4.698      5.562      5.069      4.900      4.077  > 
     <     63.000     84.875     67.375     28.750     17.458     11.000      7.611      6.021      6.446      6.161      6.132      5.531      4.737      4.728      4.352      4.812      5.469      5.147      4.733      4.156  > 
     <    156.000    133.500     63.625     33.600     17.792      9.650      8.694      5.667      5.804      6.357      5.544      5.484      4.400      5.413      5.261      4.365      5.104      4.483      4.933      4.076  > 
     <     39.000     62.625     46.938     26.100     15.125      8.675      6.750      7.896      6.536      5.161      5.029      5.266      5.025      5.391      4.898      4.531      4.573      4.422      4.758      4.045  > 
     <    172.000     89.000     31.625     20.000     14.458     11.050      7.500      6.083      6.339      6.018      5.853      5.281      4.763      5.250      5.898      4.219      4.906      4.784      4.842      4.092  > 
     <    105.000     90.750     60.188     35.350     18.625     10.925      7.139      6.750      4.982      5.482      5.441      5.750      4.963      5.141      5.886      4.927      4.750      4.991      5.317      3.999  > 
     <     96.000     73.125     51.500     31.800     15.167     10.450      8.250      7.667      6.125      6.071      4.779      5.484      5.550      5.326      4.716      4.812      4.812      5.353      4.750      4.001  > 
     <    255.000    188.125     71.062     42.250     23.250     11.700      8.444      6.854      6.696      7.125      5.868      4.547      4.812      5.087      4.841      5.490      4.885      5.095      4.550      4.055  > 
     <     47.000     91.875     81.438     30.300     19.792     10.725      7.417      5.875      5.536      5.411      4.838      5.484      5.550      5.033      4.659      5.042      5.344      4.922      4.542      4.077  > 
     <     98.000     64.125     40.750     30.300     20.125     12.325      8.667      6.042      5.679      5.750      4.985      5.281      5.550      5.380      5.170      5.417      4.490      4.914      4.608      4.070  > 
     <     56.000     44.625     31.438     29.000     17.083     10.775      7.250      6.375      6.107      4.982      4.882      5.344      5.050      5.087      5.205      5.292      5.281      4.698      4.358      4.033  > 
     <     84.000     64.375     43.625     25.300     13.833      9.675      7.889      7.062      6.268      5.857      5.529      5.219      5.475      5.043      5.136      4.906      5.365      4.414      4.158      4.025  > 
     <     54.000     46.375     40.312     28.250     16.542     10.100      8.056      6.875      5.000      4.786      5.162      5.516      5.638      4.913      5.307      5.073      4.958      4.664      4.475      4.111  > 

  30
     <    170.000    131.875     74.812     39.400     23.292     10.450      9.389      7.479      7.107      7.446      7.044      6.062      5.562      6.239      5.545      5.781      5.333      5.095      5.642      3.980  > 
     <    155.000    150.500     77.250     26.300     15.000     11.825      9.361      6.958      7.339      6.875      6.015      6.344      6.287      6.065      6.261      6.240      5.990      6.198      5.767      4.035  > 
     <     67.000     55.000     56.438     42.450     21.000     11.275      9.250      7.729      6.143      6.071      6.044      5.328      6.975      6.152      5.875      6.177      6.521      5.690      5.900      4.001  > 
     <     45.000    118.125     94.500     43.000     24.583     12.250     10.028      6.979      6.446      5.857      5.853      6.547      6.463      6.217      6.568      6.438      5.771      6.026      5.358      4.058  > 
     <    151.000    123.250     62.375     29.500     17.167     10.575      7.389      7.542      6.607      6.000      5.676      5.469      6.300      6.402      5.886      6.208      5.823      5.414      5.633      3.935  > 
     <    179.000    141.500     72.812     27.350     14.292     10.025      8.028      6.688      6.107      6.250      6.985      6.344      6.525      6.011      6.102      6.740      5.729      5.578      5.692      4.032  > 
     <    255.000    238.000     66.000     31.200     19.292     11.450      8.417      8.646      7.107      6.982      6.868      6.000      6.513      6.196      6.068      6.375      5.812      5.698      6.392      4.011  > 
     <    120.000     94.750     63.062     36.550     21.042     12.475      7.639      7.271      6.375      6.268      6.000      6.219      5.487      6.620      5.318      6.583      6.104      5.267      5.717      4.038  > 
     <    255.000    152.875     60.375     31.100     17.125     10.425      8.000      6.125      6.982      6.500      6.000      6.500      5.775      6.359      6.568      5.917      6.188      5.690      5.858      3.912  > 
     <     75.000     90.125     69.000     35.450     16.083      9.575      7.194      6.646      5.536      5.518      6.324      6.156      6.300      5.674      6.057      6.354      5.656      6.000      5.883      3.930  > 
     <     94.000     83.875     49.750     25.900     14.750     10.325      6.667      6.458      6.393      5.696      5.544      5.906      6.075      5.478      6.045      6.146      5.573      5.672      5.325      4.031  > 
     <     73.000     74.500     55.875     29.900     16.042      9.675      7.944      6.583      5.304      6.339      6.265      6.500      6.263      6.130      5.852      5.469      5.854      5.491      5.908      3.979  > 
     <     58.000    107.750     84.562     29.750     15.667      9.125      9.500      6.625      6.214      5.804      4.838      5.953      5.938      6.467      6.409      6.885      5.479      5.948      5.775      4.002  > 
     <     64.000     91.375     59.750     22.650     14.750     12.050      7.222      7.292      5.982      6.036      6.529      5.922      6.275      5.946      5.795      6.625      6.021      5.974      5.667      3.937  > 
     <    180.000    119.875     69.438     28.850     17.958     10.650     10.306      8.417      7.286      6.089      6.235      5.781      6.400      5.989      6.477      6.062      5.740      5.914      5.908      3.957  > 
     <     76.000     87.625     50.625     22.400     15.250     10.050      8.722      8.229      6.536      6.125      5.676      6.547      5.550      5.739      6.159      5.792      5.969      5.793      6.267      3.918  > 
     <     35.000     90.875     56.312     24.000     14.833      9.600      7.361      6.125      5.625      6.554      5.485      6.469      5.925      6.500      5.750      5.688      6.062      5.776      5.725      3.941  > 
     <     67.000    112.750     56.438     19.950     15.875     11.100      7.028      6.979      5.946      6.071      5.794      6.406      6.463      6.272      6.750      5.417      5.854      5.603      4.967      3.809  > 
     <     91.000     89.375     55.625     30.600     18.042     10.025      7.722      7.292      6.357      5.821      6.191      5.781      5.950      6.652      5.818      5.292      5.833      5.457      5.633      3.949  > 
     <     87.000     71.500     50.438     27.500     16.792      9.400      8.833      6.854      7.339      6.286      6.250      7.156      6.037      5.804      5.977      6.333      6.344      6.534      5.992      4.013  > 
     <     69.000     69.625     37.375     20.150     13.708      9.925      8.944      8.417      7.357      6.661      5.853      6.344      6.412      6.457      5.898      5.948      5.812      5.621      5.900      4.125  > 
     <     49.000     58.250     43.625     23.500     11.917      9.000      9.583      7.562      6.143      5.750      6.603      6.219      6.050      6.283      6.477      6.167      6.000      5.836      5.375      3.954  > 
     <    255.000    188.125     60.000     30.950     18.833     12.425      8.083      7.500      6.696      5.643      5.691      5.828      6.138      5.696      6.841      6.094      6.156      6.043      5.608      3.989  > 
     <     51.000     75.750     62.500     34.100     20.958     12.250      9.333      6.896      7.321      6.286      6.074      6.266      6.562      6.913      6.341      6.094      5.979      5.750      5.975      4.095  > 
     <     97.000     64.750     34.312     28.950     16.208     10.725      8.611      8.062      6.625      6.625      5.971      6.500      6.950      5.685      6.625      6.260      5.854      5.629      5.450      3.988  > 
     <    255.000    218.625     78.188     31.700     15.958     10.050      9.083      7.250      6.607      5.929      6.324      5.984      5.900      5.902      6.284      5.865      5.969      5.724      5.708      4.031  > 
     <    255.000    222.625     90.375     39.450     18.708     10.025      9.111      7.354      6.982      6.411      6.059      6.188      6.438      6.033      6.852      6.250      6.844      5.741      5.842      3.989  > 
     <    171.000    125.250     71.312     36.300     16.667     10.600      9.333      6.958      7.714      5.643      6.353      5.938      6.013      6.065      6.193      5.656      5.469      5.595      5.575      3.914  > 
     <    212.000    153.625     55.812     24.950     18.458     10.950      6.889      7.229      6.464      6.054      6.515      6.594      6.525      6.283      6.739      6.021      6.250      5.353      5.500      3.849  > 
     <     25.000     57.125     58.188     32.000     18.250      9.925      8.056      7.167      6.196      6.375      7.221      5.859      5.600      5.880      6.227      6.135      5.490      5.716      5.550      3.923  > 

  30
     <    255.000    163.875     58.562     24.800     16.958     12.200      9.528      7.479      7.018      6.339      7.000      6.766      7.450      6.717      6.284      6.198      6.094      4.698      4.908      3.777  > 
     <    239.000    151.000     68.312     32.000     14.542     11.575      8.111      7.417      6.429      6.446      6.471      7.328      7.225      6.283      7.466      5.917      6.115      5.569      4.933      3.834  > 
     <    144.000    129.500     68.312     23.100     15.167     10.525      8.806      7.688      6.607      6.429      7.176      5.922      6.475      6.217      6.443      6.292      6.167      5.595      4.992      3.889  > 
     <     80.000    109.375     66.312     26.250     14.667     10.350      7.639      7.438      6.893      7.250      6.632      7.344      6.062      7.424      6.114      5.958      6.010      5.440      5.525      3.901  > 
     <    255.000    181.125     61.562     27.350     13.292     10.550      8.833      7.729      7.375      6.893      6.926      8.016      6.312      6.283      6.045      6.396      6.156      5.086      4.700      3.775  > 
     <    152.000    119.875     63.688     36.850     19.208     11.000      9.250      8.458      7.304      6.821      6.676      6.672      6.312      6.891      6.636      5.625      5.615      5.991      4.850      3.949  > 
     <     90.000     73.750     46.750     24.700     14.917      9.900      8.389      7.125      6.054      6.250      6.912      6.328      6.912      6.783      5.966      6.198      6.125      5.733      5.458      3.949  > 
     <    231.000    166.000     76.688     31.200     15.208     11.525      9.611      8.312      7.804      7.232      7.353      7.234      7.362      7.239      6.125      6.875      5.823      5.707      5.392      3.861  > 
     <     91.000     99.000     58.625     26.250     14.958     11.200      8.250      6.583      7.643      6.375      7.324      7.266      6.625      6.413      6.693      5.938      5.885      5.836      5.583      3.894  > 
     <     79.000     96.500     68.688     33.250     17.875     10.700      9.444      6.312      6.643      6.661      6.941      6.750      6.625      6.174      6.830      6.844      5.583      6.164      5.183      3.885  > 
     <     63.000    104.625     71.875     34.200     18.583     10.250      8.778      8.417      6.893      6.893      6.735      7.297      6.800      6.717      6.807      7.510      6.042      5.457      5.183      3.862  > 
     <    152.000    121.250     69.750     38.000     19.458     11.800      8.028      8.792      7.125      7.375      7.279      8.078      6.375      7.250      6.909      6.354      7.083      5.552      5.367      3.859  > 
     <    255.000    166.750     79.125     33.500     17.292     11.250      7.444      7.292      7.196      7.196      6.588      6.422      6.700      7.261      6.466      6.010      5.500      5.793      4.792      3.742  > 
     <    255.000    179.000     69.250     27.850     13.583      9.450      8.806      7.146      6.929      6.071      6.324      6.516      6.888      7.098      6.898      5.615      5.438      5.871      4.758      3.751  > 
     <    168.000    132.625     72.000     36.250     19.167     11.525      8.583      7.542      6.679      6.875      6.559      5.938      6.200      6.815      6.023      6.375      5.865      5.767      5.292      3.749  > 
     <    255.000    195.875     93.250     29.000     18.375     11.975      8.500      6.000      5.893      6.071      7.044      6.672      6.800      6.902      6.375      6.427      6.448      5.345      5.317      3.802  > 
     <    255.000    176.000     69.562     28.450     19.042     10.375      9.750      7.271      6.357      6.982      7.353      7.547      6.600      6.109      6.625      5.958      5.646      5.414      5.333      3.829  > 
     <    196.000    115.125     55.188     34.700     16.917     10.625      8.056      6.521      7.661      6.964      7.471      6.891      7.438      6.989      6.341      5.958      5.740      5.603      5.642      3.829  > 
     <    157.000    156.625     76.875     27.350     14.583     10.250      9.528      7.229      7.625      6.339      6.926      6.125      7.162      6.902      7.000      6.323      6.000      5.750      5.358      3.849  > 
     <    134.000     86.000     50.250     28.750     15.625     11.650      8.583      7.688      7.661      5.875      7.426      6.844      7.050      6.837      5.795      6.198      6.406      5.897      4.958      3.846  > 
     <    169.000    107.000     53.062     30.200     18.792     10.875      9.389      6.979      6.554      6.679      6.985      6.453      5.575      6.609      6.852      7.125      6.021      5.086      5.783      3.935  > 
     <     58.000     84.125     53.125     28.650     15.833     11.800     10.083      8.979      7.446      6.857      7.735      7.781      6.625      6.837      7.216      6.281      5.938      5.767      5.292      3.841  > 
     <    103.000    115.250     78.375     34.350     16.333      9.650      8.306      7.958      8.393      6.393      7.309      6.906      6.775      7.348      7.705      6.125      6.177      5.474      5.275      3.948  > 
     <    200.000    124.125     62.625     31.200     17.333     10.900      8.333      8.604      7.750      6.929      7.338      7.359      7.675      7.000      7.432      6.125      6.062      5.276      5.075      3.936  > 
     <    102.000    104.250     47.438     19.300     13.833      9.800      8.472      8.396      6.911      6.946      6.706      6.266      6.800      6.859      6.375      6.177      5.698      5.578      5.950      3.771  > 
     <    131.000     87.750     42.250     23.850     14.500     10.750      7.361      8.542      7.339      6.643      7.324      7.000      6.925      6.609      6.432      6.406      5.031      5.466      5.917      3.855  > 
     <     49.000     83.625     51.688     21.450     12.708     10.175      8.111      7.188      7.875      6.411      6.500      7.109      6.825      6.880      5.841      6.177      6.115      5.164      4.658      3.817  > 
     <    119.000     99.375     58.188     28.800     15.458     10.875      8.722      7.250      5.786      7.339      6.941      6.469      6.537      6.924      6.568      6.271      5.417      4.974      4.692      3.811  > 
     <    121.000    117.875     69.938     31.350     19.792     10.475      8.917      8.021      8.232      7.036      6.824      6.938      7.250      7.250      6.420      6.458      5.417      5.345      4.700      3.861  > 
     <    122.000    128.000     73.000     21.350     12.583     10.200      9.250      7.292      7.482      6.482      7.456      6.969      7.463      5.402      6.625      6.125      6.281      5.500      5.642      3.959  > 

  30
     <     52.000    118.750     61.625     30.100     17.125     11.325      9.111      9.042      6.214      5.571      6.574      7.641      7.112      6.272      6.716      6.271      6.042      5.233      5.233      3.850  > 
     <     93.000     88.125     49.875     26.950     15.708     10.625      8.750      7.812      7.857      7.804      7.985      7.797      6.938      6.391      6.420      6.177      5.927      5.509      5.525      3.931  > 
     <    134.000     84.375     42.938     24.950     12.833      9.200      8.306      7.958      7.286      7.304      7.176      7.156      7.325      7.109      6.205      5.156      5.771      4.638      4.983      3.763  > 
     <    228.000    136.000     63.375     34.850     13.458      9.675      8.611      6.521      6.089      7.554      6.735      6.484      7.025      6.620      6.443      5.969      5.854      5.422      5.333      3.895  > 
     <    210.000    158.625     71.562     33.450     15.542     12.575      8.500      8.354      7.214      7.446      7.088      6.859      6.862      6.054      6.614      6.302      6.406      6.172      5.000      3.832  > 
     <    123.000    121.250     60.812     30.550     19.042     10.900      8.222      8.562      6.554      6.286      6.691      7.422      7.037      7.185      6.409      6.615      5.490      5.422      4.875      3.809  > 
     <    255.000    137.250     52.250     32.350     17.167     11.850      9.111      7.938      8.393      7.500      6.632      7.516      7.412      7.293      6.614      6.469      5.760      5.483      5.442      3.859  > 
     <    255.000    152.625     57.562     36.500     19.542     13.125      9.444      7.708      7.000      7.036      7.456      7.219      7.975      6.826      6.739      6.542      5.292      5.784      5.217      3.968  > 
     <    255.000    183.625    107.188     47.450     23.333     12.625      9.361      6.750      6.946      7.536      7.382      7.031      6.900      6.772      6.477      6.385      5.938      5.603      5.250      3.852  > 
     <    255.000    249.875    106.812     48.950     23.875     12.875     10.278      8.792      7.768      6.750      7.368      7.312      7.862      7.000      6.659      6.417      5.635      5.552      5.108      3.821  > 
     <    255.000    213.750    144.188     55.900     29.083     15.425     10.556     10.375      8.411      6.357      6.809      7.781      7.287      7.370      6.727      6.135      5.135      5.388      5.467      3.839  > 
     <    255.000    221.875    127.438     51.500     26.583     14.825      9.333      8.583      7.536      7.554      7.221      7.344      7.425      7.576      6.091      6.260      5.615      4.388      5.625      3.795  > 
     <    255.000    202.375    121.500     46.200     23.917     13.600     11.278      7.417      7.696      7.339      7.632      7.172      7.388      7.446      5.920      5.885      5.271      5.517      5.325      3.885  > 
     <    255.000    241.250    124.438     47.900     23.667     13.650     10.111      7.979      6.411      6.732      8.206      6.625      7.362      6.957      7.318      5.979      5.667      5.724      5.267      3.898  > 
     <    184.000    146.375     66.000     33.950     20.292     10.325      8.444      7.562      8.179      7.500      6.559      7.297      6.763      7.239      6.466      6.438      6.333      5.690      5.817      3.935  > 
     <    143.000    168.625    102.125     44.650     18.667     12.075      9.917      8.458      7.750      7.143      6.559      7.625      7.800      7.152      6.091      5.958      6.177      4.940      4.542      3.897  > 
     <    120.000    110.000     64.500     30.000     17.000     11.500      8.139      8.083      7.250      6.804      7.059      7.203      7.237      7.141      6.852      6.396      6.229      5.914      5.492      3.764  > 
     <    237.000    162.000     85.750     38.850     18.083     11.625      8.306      8.354      7.893      7.607      7.618      7.391      7.250      7.815      6.398      6.562      6.219      5.069      5.058      3.812  > 
     <    255.000    181.250    101.000     39.100     19.083     11.400     10.111      7.604      6.732      6.768      6.853      6.969      7.412      7.250      6.818      6.458      5.948      6.086      5.475      3.928  > 
     <     72.000     64.375     39.250     24.050     15.375     11.500      9.222      8.521      7.071      7.018      6.324      7.078      6.987      7.772      6.080      6.281      5.865      5.466      5.125      3.910  > 
     <    185.000    128.750     56.000     29.550     16.042     11.450      9.667      7.979      6.446      7.696      8.397      6.766      6.888      6.326      5.898      6.146      5.427      5.767      5.308      3.786  > 
     <    128.000    102.625     50.875     30.050     15.417     11.725      9.361      7.438      6.982      6.375      6.809      6.578      6.125      6.424      6.375      6.260      5.833      6.241      5.383      3.789  > 
     <    173.000    126.500     72.375     32.400     16.375     11.575      8.639      7.625      7.071      6.982      8.000      7.266      7.225      6.630      7.114      6.448      6.490      5.957      5.417      3.916  > 
     <    229.000    171.875     88.438     47.400     23.417     11.775      9.639      7.667      7.018      7.661      7.265      7.047      6.625      7.293      6.614      6.688      5.688      5.345      5.225      3.960  > 
     <    101.000     72.000     45.375     26.600     14.542     10.050      7.944      7.312      6.393      6.946      7.206      7.078      7.225      6.707      6.943      5.938      5.552      5.474      4.950      3.937  > 
     <    255.000    166.125     55.688     26.350     13.958     10.475      9.806      8.875      7.196      6.607      6.088      6.375      8.100      7.326      6.523      6.562      5.917      5.595      5.200      3.894  > 
     <    255.000    197.125     86.312     26.200     18.125     11.800      9.917      9.396      8.339      6.714      7.206      6.953      7.287      7.239      7.023      7.042      5.833      5.207      5.492      3.932  > 
     <     75.000     80.750     54.812     25.900     16.333     10.975      9.083      8.542      7.786      7.321      7.338      7.266      6.513      7.239      6.886      6.615      6.198      5.440      4.575      3.868  > 
     <    255.000    177.375     92.750     46.100     20.542     11.550      7.389      7.354      6.464      7.357      7.059      6.484      6.438      6.957      6.750      7.135      5.750      5.379      5.625      3.968  > 
     <    177.000    119.625     48.375     24.500     14.917     11.400      8.139      7.438      6.196      7.107      7.706      6.984      6.675      7.261      6.364      6.521      5.677      5.905      5.508      3.958  > 

  30
     <    132.000    106.250     67.375     37.500     16.375     12.000      7.972      6.271      5.625      5.750      6.618      6.812      6.350      6.935      6.034      5.708      5.656      5.112      5.167      3.884  > 
     <    174.000    111.500     62.125     33.700     17.000     10.850      9.139      6.542      6.339      6.643      6.338      6.391      6.725      6.652      6.716      6.406      5.677      5.233      5.150      3.933  > 
     <    137.000    127.000     75.375     29.250     14.167     10.000      6.528      6.625      6.857      6.054      6.412      5.656      5.812      6.163      5.898      6.229      5.562      5.078      5.192      3.772  > 
     <    183.000    155.625     79.688     40.600     18.042      9.050      9.333      7.208      7.482      6.339      6.029      6.625      6.725      6.739      5.489      5.656      5.583      5.448      5.392      3.804  > 
     <    153.000    134.625     68.500     36.750     19.500     10.100      8.083      6.396      6.571      6.554      6.750      6.906      6.963      6.717      5.409      6.146      6.250      5.457      5.392      3.991  > 
     <     59.000     83.000     66.938     31.750     17.792     12.850      8.556      8.125      5.804      7.018      6.471      6.375      7.112      6.880      6.330      6.375      5.938      5.216      5.117      3.976  > 
     <    223.000    150.000     58.000     25.400     16.583     11.575      7.500      7.708      6.036      6.286      6.353      6.109      6.925      6.859      6.136      5.312      5.260      5.871      5.292      4.052  > 
     <    201.000    153.750     74.750     36.250     18.292     12.200      6.972      8.042      6.536      5.839      6.559      5.609      6.550      6.978      5.932      6.375      5.417      5.078      5.592      3.912  > 
     <     84.000     79.500     49.625     29.750     16.333     10.175      7.000      7.417      6.304      6.375      6.485      6.812      6.475      6.630      6.045      6.469      5.000      4.948      4.683      3.876  > 
     <    172.000    111.000     57.438     29.000     18.708     11.850      9.389      7.625      6.750      6.036      6.441      5.922      6.888      6.880      6.420      5.688      5.573      5.517      4.892      4.127  > 
     <    132.000    112.875     57.562     22.450     13.750      9.025      6.417      6.229      6.786      6.571      6.618      6.438      6.638      6.033      6.045      6.458      5.240      5.164      4.967      3.982  > 
     <    178.000    109.000     52.875     28.550     15.792     10.000      8.083      7.375      6.429      6.143      5.809      6.016      5.513      6.163      6.170      5.844      4.990      5.302      5.242      3.989  > 
     <    128.000    135.375     78.688     36.800     19.708     11.875      7.806      8.167      7.375      7.125      5.824      6.344      6.325      6.337      6.318      5.146      5.042      5.216      5.142      3.784  > 
     <    115.000     74.250     45.250     22.300     15.667      9.600      7.528      7.062      6.375      7.071      6.574      6.703      6.412      6.283      6.091      5.542      5.958      5.793      5.000      3.948  > 
     <    255.000    127.500     45.312     22.950     13.667     11.700      8.167      6.875      6.804      7.304      6.059      6.312      5.888      6.370      6.307      5.854      5.531      5.526      5.550      4.047  > 
     <    119.000     95.875     51.625     32.000     14.875      9.975      6.861      6.250      6.893      6.286      5.294      6.297      6.862      5.565      5.500      5.625      5.375      5.009      4.608      3.872  > 
     <     74.000     95.625     86.375     36.900     18.875     10.150      7.778      6.875      7.089      6.161      6.353      6.562      6.112      6.804      5.955      5.531      5.052      5.414      4.858      3.820  > 
     <    155.000    107.625     53.375     26.750     16.417      8.825      7.194      7.917      6.393      6.589      5.824      6.062      6.138      5.924      5.318      6.083      5.438      5.741      4.758      3.877  > 
     <     96.000     86.250     50.500     30.450     20.042     10.525      8.667      7.229      7.107      6.732      7.162      6.641      6.338      6.554      5.852      5.510      5.333      5.147      5.508      3.872  > 
     <    138.000    101.250     76.500     46.600     21.667     12.100      9.667      7.458      6.339      6.286      5.618      5.688      5.862      6.033      6.432      5.354      5.646      5.629      5.042      3.742  > 
     <    237.000    157.750     76.625     34.450     14.083     11.550      7.389      7.396      5.679      6.875      6.353      6.688      5.925      6.087      5.898      5.531      5.500      5.466      5.067      3.932  > 
     <    255.000    188.250     55.938     24.900     14.167     11.125      8.861      6.604      6.875      5.946      6.044      6.156      7.138      6.217      5.977      5.521      5.365      5.172      4.958      3.713  > 
     <     74.000     88.750     65.562     32.700     14.417      9.950      6.750      6.750      6.214      5.679      6.265      6.703      5.300      5.761      6.920      5.250      5.771      5.560      4.975      3.807  > 
     <    215.000    132.250     62.062     29.400     15.833     10.350      7.917      6.750      7.268      6.857      6.206      6.000      6.050      6.717      5.852      5.833      5.510      5.224      4.783      3.913  > 
     <    136.000    121.375     77.312     35.400     19.208      9.925      9.639      7.375      7.304      6.554      6.515      6.406      7.075      6.467      6.420      6.542      5.177      5.552      5.308      4.133  > 
     <     99.000     96.250     72.812     40.100     19.458     10.325      8.139      7.188      6.607      6.339      6.279      6.547      5.987      6.304      6.398      6.281      6.073      5.422      5.742      3.927  > 
     <    255.000    197.875    101.812     43.800     22.750     13.650      9.333      7.667      6.964      6.839      6.118      6.812      7.675      6.413      5.375      5.802      5.781      5.414      5.367      3.862  > 
     <    155.000    157.250     92.625     36.200     17.292     10.500      9.500      7.938      6.875      5.982      6.603      6.422      6.112      6.293      5.602      5.969      5.698      5.345      5.467      3.909  > 
     <    255.000    172.500     61.000     23.950     14.250      9.675      6.833      7.062      6.036      6.196      6.824      6.734      6.100      6.500      6.193      5.323      5.375      5.466      4.983      3.898  > 
     <    110.000    110.000     62.062     24.600     12.875      8.900      9.194      7.646      6.125      6.196      6.529      6.359      6.838      7.076      5.716      5.052      5.490      5.345      5.008      4.005  > 

  30
     <     51.000     78.625     57.500     30.150     17.167     13.150     11.306      8.750      8.071      5.661      5.956      5.453      5.150      4.598      4.693      4.167      4.302      4.293      4.558      3.893  > 
     <     92.000     52.125     29.875     20.050     15.667     12.775      8.611      6.854      7.339      5.018      6.044      4.828      4.562      5.033      4.943      4.365      5.198      5.026      5.042      3.863  > 
     <    113.000    100.000     68.250     30.450     15.833     13.525     11.083      7.979      7.268      5.839      5.500      5.391      4.763      4.880      4.000      4.781      4.354      3.922      4.058      3.876  > 
     <     85.000     67.375     42.938     24.350     15.083     14.300     11.583      8.271      6.589      6.464      7.176      5.062      4.000      4.967      4.489      4.312      4.208      4.578      4.717      3.848  > 
     <     55.000     45.000     52.062     43.000     21.583     13.275     10.389      8.438      6.893      6.625      5.559      5.047      4.625      4.913      5.011      4.719      4.531      4.552      4.625      3.978  > 
     <    122.000     56.125     42.375     29.050     19.667     14.050      8.583      8.125      7.268      6.536      5.294      5.984      3.800      4.522      4.432      4.635      4.104      4.879      4.408      3.955  > 
     <     44.000     44.250     31.500     20.800     15.042     14.475      8.556      6.312      8.768      7.089      5.706      4.844      5.075      4.804      4.670      4.562      4.677      3.716      3.767      3.901  > 
     <    179.000    109.625     54.375     33.200     21.958     12.050      8.778      6.688      5.607      5.821      5.706      4.672      4.500      4.076      4.523      5.323      4.604      4.664      4.600      3.859  > 
     <    142.000     92.875     49.062     26.300     17.083     15.625      9.389      6.188      6.804      5.804      4.515      4.984      5.425      4.663      4.386      4.896      4.708      4.552      4.392      3.935  > 
     <    120.000     66.125     38.438     22.000     14.417      9.725      7.250      6.604      7.393      5.536      5.309      4.828      4.287      4.598      4.341      4.240      4.375      4.112      4.308      3.812  > 
     <     37.000     41.750     24.688     22.050     17.833     14.650      9.861      8.021      6.804      6.500      5.015      4.938      4.850      4.848      4.182      4.844      4.000      4.534      4.408      3.856  > 
     <     93.000     81.625     49.375     20.500     15.000     11.175      8.361      6.771      6.893      6.643      6.103      5.578      5.112      5.043      4.500      4.635      3.875      4.716      4.517      3.890  > 
     <    192.000    119.625     48.562     20.300     14.042     11.775      6.722      7.250      7.607      6.143      5.235      4.250      4.912      5.630      4.989      4.698      4.917      4.379      4.342      3.884  > 
     <    174.000     85.625     42.938     27.700     17.000     11.000      7.500      6.812      6.554      5.929      5.441      4.984      4.450      4.609      4.602      4.625      4.198      4.724      4.575      3.907  > 
     <     59.000     79.250     45.812     14.950     11.667     10.375      9.472      8.667      6.821      5.982      6.397      5.797      4.425      4.630      4.659      4.552      4.438      4.672      4.308      3.892  > 
     <     44.000     41.500     38.938     30.900     19.958     14.100      7.722      6.708      7.196      5.232      5.015      5.172      4.688      5.141      4.511      5.094      4.542      4.328      4.767      3.914  > 
     <     34.000     66.250     55.438     21.200     13.250     10.075      9.000      8.021      6.286      5.571      4.956      4.656      5.513      4.348      4.045      4.885      4.510      4.457      4.583      3.957  > 
     <     79.000     43.125     17.125     11.450     12.167     12.050      8.194      8.083      9.196      9.071      6.809      5.156      5.250      4.163      4.773      4.896      4.802      4.336      4.733      3.834  > 
     <     37.000     39.625     29.125     25.000     15.375     13.475     10.889      7.292      6.161      5.518      5.515      4.953      4.287      4.891      4.352      4.427      4.333      4.500      4.283      3.896  > 
     <     71.000     45.000     31.125     29.400     18.958      9.725      7.778      6.604      6.089      5.732      5.779      4.906      5.112      4.859      4.261      4.156      3.969      4.491      4.317      3.945  > 
     <     75.000     46.000     25.625     26.900     18.792      8.725      8.917      6.896      5.607      5.750      5.632      5.297      4.825      4.620      4.341      4.552      3.917      4.750      4.075      3.730  > 
     <    110.000     72.875     40.688     22.100     18.500     13.400      6.917      6.646      6.571      6.071      6.309      4.938      4.487      3.859      4.193      4.500      4.312      4.595      4.325      3.823  > 
     <     62.000     63.500     36.062     17.050     12.583     11.575      6.917      7.417      7.143      5.964      6.000      5.016      5.138      4.315      4.784      4.260      4.302      4.043      4.125      3.868  > 
     <     38.000     37.500     29.000     24.400     16.875     12.125      9.444      8.417      5.893      5.464      5.574      5.312      4.612      4.533      4.432      4.292      4.260      4.172      3.783      3.799  > 
     <     63.000     44.750     25.625     20.400     13.583      8.375      7.528      6.062      5.732      5.143      4.750      5.422      4.875      4.935      5.000      4.333      4.781      4.586      4.750      3.946  > 
     <    125.000     76.375     38.625     23.900     16.500     11.375      7.028      7.375      6.196      5.125      5.500      5.406      4.487      4.500      4.625      4.281      4.375      4.259      4.733      4.049  > 
     <     56.000     48.375     30.625     18.800     10.458      9.175      8.333      6.833      7.393      5.625      5.382      4.984      5.150      4.587      4.670      3.958      4.917      4.233      4.150      3.956  > 
     <    101.000     59.375     20.062     13.100     14.583     10.150      8.583      7.771      6.054      5.446      5.029      4.562      4.875      4.967      4.284      4.500      4.156      4.069      4.483      3.848  > 
     <    158.000     72.250     35.250     22.150     17.250     11.325      8.389      7.229      6.375      5.375      4.750      4.453      4.700      5.598      4.875      4.135      4.760      4.759      4.342      4.024  > 
     <     18.000     65.750     53.812     26.250     16.708     11.725      8.667      7.875      6.696      6.304      4.706      4.516      4.763      5.022      4.420      4.344      4.354      4.526      3.883      3.795  > 

6
  0

  0

  0

  0

  0

  0

  0

  0

  0

  0

  0

  0

7
  0

  0

  0

  0

  0

  0

  0

  0

  0

  0

  0

  0

8
  0

  0

  0

  0

  0

  0

  0

  0

  0

  0

  0

  0

9
  0

  0

  0

  0

  0

  0

  0

  0

  0

  0

  0

  0

10
  0

  0

  0

  0

  0

  0

  0

  0

  0

  0

  0

  0

11
  0

  0

  0

  0

  0

  0

  0

  0

  0

  0

  0

  0

