grid_x 4
grid_y 3
num_cameras 1
camera 1244987049
0
  0

  0

  0

  0

  0

  0

  0

  0

  0

  0

  0

  0

1
  0

  0

  0

  0

  0

  0

  0

  0

  0

  0

  0

  0

2
  0

  0

  0

  0

  0

  0

  0

  0

  0

  0

  0

  0

3
  0

  0

  0

  0

  0

  0

  0

  0

  0

  0

  0

  0

4
  0

  0

  0

  0

  0

  0

  0

  0

  0

  0

  0

  0

5
  47
     <     17.000     19.375     22.500     27.700     34.833     29.975     26.806     20.854     16.143     10.036      8.721      7.891      7.850      5.337      3.750      3.542      2.938      4.034      4.042      3.401  > 
     <     34.000     37.125     40.062     37.300     24.292     25.375     22.500     14.833     11.393      9.839      9.000      7.406      7.987      7.098      6.727      5.115      3.271      3.914      3.117      3.453  > 
     <     60.000     47.000     35.500     28.600     12.042     13.875     11.861      9.750      8.000      8.554      8.926      9.234      9.588      7.804      8.125      7.094      6.354      6.526      6.025      3.536  > 
     <     58.000     38.375     28.375     22.950     20.417     21.150     17.306     20.500     15.911     12.786     10.868      7.203      7.713      5.587      4.648      4.323      3.948      3.819      3.733      3.503  > 
     <     35.000     31.125     31.188     24.150     17.208     21.300     16.917     14.042     10.821      9.661      9.500      8.172      6.650      6.630      6.534      5.979      6.729      5.190      4.992      3.494  > 
     <     24.000     25.750     35.688     48.800     44.208     20.550     14.194     11.062      8.054      8.661      9.147      6.938      6.150      6.413      5.591      5.740      6.000      5.164      4.500      3.484  > 
     <     12.000     29.875     30.000     25.600     20.833     17.400     11.083      9.938      9.964      9.036     10.074      8.500      9.838      7.533      8.239      8.729      6.615      6.086      4.192      3.496  > 
     <     25.000     20.500     28.250     30.150     27.958     25.025     22.667     17.188     16.714     18.196     14.529      8.234      5.625      4.130      4.420      4.021      3.854      3.664      3.742      3.405  > 
     <     29.000     31.250     33.750     31.750     25.167     22.325     24.528     18.125     15.446     11.857      7.368      7.562      7.537      5.033      3.830      3.615      3.375      3.155      3.967      3.502  > 
     <     30.000     33.500     32.375     35.000     28.917     22.525     19.167     17.833     14.679     10.589      8.662      6.500      6.688      4.815      4.011      3.844      3.292      3.853      3.942      3.403  > 
     <     12.000     26.750     40.312     36.600     35.583     26.900     21.667     20.167     16.607     12.750      9.412      7.016      6.312      4.348      3.591      3.396      3.594      3.879      3.450      3.482  > 
     <     97.000     68.125     32.562     19.150     10.958      9.425      8.056      7.833      7.732      8.161      8.794      8.984      9.262      8.696     10.409      7.406      6.156      7.078      6.008      3.502  > 
     <     16.000     35.000     56.125     43.550     28.875     26.525     22.250     13.833     10.768      7.196      6.500      6.156      7.438      8.109      7.705      5.156      4.094      3.336      3.450      3.437  > 
     <     33.000     29.125     36.812     51.350     37.083     28.900     22.028     17.188     11.839      8.964      7.441      5.953      7.412      7.728      5.625      4.677      4.115      3.543      3.767      3.372  > 
     <     59.000     51.750     27.875     17.000     11.833      9.975      9.528      8.583      9.304     10.304      9.735      9.844      9.238      8.674      8.761      8.375      6.948      7.353      6.350      3.498  > 
     <     25.000     30.000     34.562     37.750     30.708     30.500     23.028     16.312     16.804     11.982      8.074      7.078      6.138      4.707      4.466      3.885      3.219      3.267      3.967      3.413  > 
     <     36.000     29.000     35.875     40.300     27.708     28.525     22.056     17.729     13.054      7.179      6.956      6.750      8.588      6.576      5.511      4.104      3.979      2.810      3.775      3.443  > 
     <     56.000     42.125     32.438     17.300     12.833      9.875      9.889     10.229      8.982      8.464      9.368      8.109      8.925      6.641     10.125      6.760      7.104      7.250      5.667      3.570  > 
     <     29.000     28.500     43.125     36.050     29.083     25.350     26.806     18.729     11.179      8.214      6.676      6.031      7.362      6.957      5.398      5.833      4.010      3.948      3.658      3.545  > 
     <     43.000     37.500     30.812     15.800      9.625      9.650      9.278      7.792      9.143      8.750      8.750      9.234      8.175      7.717      9.977      7.083      6.417      6.750      7.117      3.684  > 
     <     20.000     37.125     42.938     44.000     31.542     25.200     16.417     13.375     10.589      7.661      6.809      6.094      5.888      6.098      6.057      7.167      7.354      5.164      4.350      3.480  > 
     <     17.000     34.750     40.875     22.650     16.792     13.425      7.833      9.583      9.893      9.107      8.574      8.125     10.012      7.848      7.989      9.688      6.125      6.629      6.758      3.542  > 
     <     26.000     24.500     24.438     36.750     38.958     28.950     24.472     20.146     15.446      9.964      8.956      7.812      6.700      5.098      4.148      3.729      4.062      3.586      3.892      3.474  > 
     <     18.000     23.875     33.062     51.550     50.000     26.800     13.167     10.188      7.268      7.375      8.676      6.219      6.050      5.424      6.102      6.448      5.500      4.414      4.000      3.560  > 
     <     73.000     41.125     30.312     13.750     11.292     10.150      7.917      7.958      7.375      7.089      7.000      7.469      7.713      7.337     11.432      8.823      7.073      6.491      8.308      3.726  > 
     <     14.000     27.000     40.000     37.250     27.792     23.300     21.389     19.792     15.071      9.821      7.574      6.797      7.900      7.152      5.489      4.896      3.667      4.250      3.750      3.459  > 
     <     34.000     40.125     45.125     31.150     27.667     22.225     21.667     12.646      9.643      8.018      7.441      7.922      8.438      8.217      6.341      6.844      4.656      4.267      3.533      3.471  > 
     <     28.000     52.000     40.438     27.800     14.625     10.325      9.111      8.458      9.321      8.357      9.706      8.938      8.850      8.054      8.966      5.583      6.490      6.250      6.408      3.604  > 
     <     25.000     24.000     25.125     25.450     24.167     23.550     21.694     18.250     13.661     13.143      9.618      8.656      6.438      4.478      3.898      3.906      4.021      3.810      3.958      3.430  > 
     <     27.000     25.000     29.438     35.750     38.042     28.375     20.389     13.792     10.786      9.321      6.897      5.828      6.825      5.772      6.557      5.688      4.448      4.724      3.325      3.462  > 
     <     37.000     39.500     22.750     14.850     11.125      9.175     10.222      8.625      7.214      7.304      6.882      6.891      8.550      6.533      9.159      7.125      6.604      6.198      6.358      3.720  > 
     <     19.000     21.250     27.125     37.900     44.958     29.575     17.917     10.042      8.339      7.607      7.000      7.234      7.487      6.804      5.920      7.896      5.510      4.328      3.875      3.537  > 
     <     35.000     38.125     47.125     24.100     13.417      9.850      7.556      7.979      8.161      7.804      9.426      8.625      9.037      7.087      8.273      7.219      7.135      7.741      6.242      3.628  > 
     <     24.000     24.500     39.062     30.200     25.042     26.150     18.778     12.750      9.286      7.750      7.397      6.688      6.775      6.620      4.955      6.604      5.594      5.129      3.892      3.506  > 
     <     50.000     37.250     26.250     20.250     12.125      9.250      9.111      7.479      6.411      7.768      9.191      8.297      7.525      6.967      7.784      7.552      6.396      6.431      6.375      3.712  > 
     <     15.000     18.750     27.062     38.450     34.042     23.375     17.361     12.562      9.589      8.375      6.897      6.000      5.700      5.848      6.523      4.802      4.583      4.371      4.142      3.437  > 
     <     32.000     32.750     22.625     16.700     11.125      9.300      8.528     10.229      9.143      8.661      6.926      6.203      7.300      5.533      7.602      7.312      7.260      6.819      6.375      3.554  > 
     <     21.000     23.750     21.062     31.750     30.333     31.875     21.528     16.375     13.893     12.786     10.603      7.562      6.525      4.826      3.580      4.125      3.146      3.922      3.017      3.492  > 
     <     25.000     25.250     25.500     30.300     22.042     23.825     19.278     15.750     13.518     13.071     12.515      9.125      6.737      4.696      3.716      3.510      4.021      3.707      3.567      3.442  > 
     <     11.000     24.875     27.125     29.300     32.333     22.925     20.750     17.562     14.911     11.607      9.294      6.797      6.250      4.837      4.318      4.552      4.156      3.595      3.517      3.412  > 
     <     70.000     37.750     27.188     25.250     18.208     15.200     14.167     15.812     13.875     10.018      8.162      6.609      5.138      5.750      5.477      6.646      6.135      6.164      5.042      3.517  > 
     <     33.000     28.250     30.812     25.850     21.208     19.950     15.389     17.562     17.714     13.482     11.647      9.594      7.075      4.761      3.886      3.792      3.448      3.836      3.600      3.492  > 
     <     13.000     20.375     31.625     36.650     39.167     30.825     26.056     14.792      9.804      7.089      6.721      5.938      6.450      7.467      6.250      6.385      4.729      4.112      3.317      3.331  > 
     <     50.000     45.875     30.688     16.250     13.083      9.050      6.500      9.417      8.589      8.536     10.176      7.516      8.650      7.370      7.602      7.375      8.062      6.336      6.292      3.620  > 
     <     29.000     29.625     30.625     30.350     23.542     26.300     20.556     16.375     15.054     11.857      9.088      8.016      7.013      4.424      3.943      3.698      3.562      3.819      3.608      3.409  > 
     <     42.000     39.500     29.688     27.200     25.542     19.900     20.278     17.979     13.732      8.214      6.971      7.734      8.700      5.413      4.102      3.854      2.948      3.716      3.208      3.501  > 
     <     37.000     44.875     24.625     16.750     13.833     11.450     10.861      9.875     10.143      8.232      9.103      6.781      9.575      6.859      7.102      5.625      5.969      5.845      6.192      3.545  > 

  30
     <     48.000     42.375     48.875     48.500     48.083     40.375     29.861     14.625      6.161      5.214      4.691      3.672      3.712      3.652      3.773      4.323      3.823      3.629      3.633      3.516  > 
     <     27.000     35.000     45.500     47.750     54.542     46.675     34.222     14.500      6.089      4.286      4.074      4.312      4.088      3.685      3.557      3.979      3.271      3.716      3.767      3.470  > 
     <     33.000     38.250     40.438     57.600     71.583     32.400     19.472     13.833      9.036      5.393      4.750      3.781      3.575      3.891      3.295      3.562      3.562      3.578      2.858      3.407  > 
     <     45.000     40.375     34.625     54.100     69.833     53.175     28.194     12.854      6.339      4.625      3.853      4.797      3.413      3.761      3.739      3.677      3.500      3.405      3.733      3.378  > 
     <     32.000     37.625     40.688     49.350     57.458     51.125     30.639     12.021      5.661      4.125      4.294      3.719      4.213      3.815      3.864      3.625      4.042      3.310      3.758      3.525  > 
     <     45.000     28.375     40.312     48.500     54.042     48.525     33.639     13.812      6.446      5.482      4.309      4.297      3.288      4.065      3.682      3.865      3.833      2.974      3.858      3.575  > 
     <     31.000     41.750     41.750     44.400     61.333     50.600     27.806     12.708      6.036      4.893      4.250      3.969      3.775      3.446      3.159      3.917      4.115      3.836      3.092      3.490  > 
     <     24.000     30.500     31.562     48.000     59.208     46.200     25.806     13.729      6.786      5.786      4.000      4.891      3.962      3.304      3.330      3.771      3.698      3.440      3.542      3.474  > 
     <     29.000     29.000     43.438     51.700     69.292     57.350     33.361     14.000      6.661      5.036      4.044      3.562      4.025      3.859      4.659      3.552      3.865      3.466      3.608      3.534  > 
     <     41.000     40.125     39.688     52.100     60.125     52.775     31.028     13.021      5.982      4.464      4.691      4.016      4.450      4.141      3.841      3.740      3.333      4.103      3.383      3.435  > 
     <     36.000     27.625     35.188     50.850     60.667     48.800     25.139     13.896      6.732      5.411      4.309      4.281      4.388      4.011      3.739      3.875      3.656      4.086      3.425      3.586  > 
     <     30.000     32.125     35.938     48.050     63.708     55.325     30.500     12.021      5.500      4.786      3.941      3.875      3.675      4.489      3.364      3.500      3.729      3.517      3.542      3.449  > 
     <     52.000     35.625     46.500     62.550     59.583     50.225     38.111     14.104      7.750      4.821      4.397      3.859      3.800      4.511      4.136      3.625      3.302      3.466      3.550      3.510  > 
     <     21.000     38.000     46.750     57.950     62.500     44.675     26.472     16.062      7.321      4.393      4.265      4.172      3.388      3.250      3.386      3.781      3.542      3.328      3.825      3.396  > 
     <     22.000     26.250     39.625     57.800     72.625     44.300     23.222     15.417      7.857      4.857      4.926      4.391      4.562      3.565      3.898      3.250      3.312      3.448      3.492      3.442  > 
     <     31.000     34.875     45.688     51.950     44.125     43.750     30.806     13.188      5.214      4.268      3.750      3.750      3.950      3.837      4.011      3.938      3.531      3.233      3.283      3.521  > 
     <     31.000     32.750     36.875     49.500     61.958     55.225     28.528     11.042      5.732      5.196      4.015      4.328      3.962      3.924      3.886      3.990      3.615      3.397      3.683      3.411  > 
     <     40.000     35.375     49.000     55.350     48.208     40.800     24.778     13.958      7.482      5.054      4.529      3.781      3.837      3.478      3.068      4.104      3.938      3.698      3.642      3.391  > 
     <     33.000     35.875     44.812     55.350     64.250     47.875     29.806     14.521      5.714      4.143      3.735      4.703      3.650      3.793      3.500      3.708      3.594      3.233      3.800      3.371  > 
     <     32.000     38.375     43.000     52.500     67.583     57.625     38.139     14.000      5.804      4.679      3.324      3.969      3.862      3.522      3.955      3.802      3.990      3.845      3.708      3.583  > 
     <     29.000     35.750     45.500     53.950     64.542     49.950     25.389     14.500      6.589      5.107      4.632      3.750      3.525      3.620      3.614      3.792      4.021      3.276      3.625      3.370  > 
     <     37.000     35.625     35.812     46.900     61.250     50.625     31.556     10.604      5.643      5.500      4.441      5.516      3.312      3.935      3.636      3.302      3.865      3.724      3.483      3.396  > 
     <     41.000     37.250     64.688     68.650     55.292     41.025     22.000     16.229      9.125      5.161      4.221      3.406      4.062      3.783      3.284      3.427      2.917      3.716      3.100      3.461  > 
     <     28.000     34.375     40.875     55.450     61.083     51.900     31.083     13.688      5.607      5.393      3.794      4.266      4.275      4.000      3.943      3.635      3.792      3.362      3.300      3.440  > 
     <     42.000     28.125     42.125     48.650     69.042     46.675     22.667     13.604      7.554      5.536      4.235      4.172      4.112      3.652      3.386      4.073      3.490      4.284      3.650      3.445  > 
     <     49.000     40.375     35.062     48.650     63.000     45.575     27.917     14.979      7.196      4.393      4.338      3.859      3.650      4.315      3.307      3.375      3.125      3.328      3.617      3.452  > 
     <     44.000     40.875     45.062     60.200     55.167     46.150     29.278     11.812      6.107      4.929      4.147      3.469      4.250      4.011      4.102      3.427      3.229      4.121      3.417      3.412  > 
     <     28.000     42.000     41.875     48.750     49.125     41.900     28.889     14.312      6.429      4.821      4.441      3.953      3.987      3.533      4.182      3.885      3.854      3.612      3.142      3.448  > 
     <     29.000     30.250     36.312     46.250     58.292     47.000     28.750     12.396      5.339      4.411      4.382      3.391      3.675      3.109      3.602      4.094      3.969      3.259      3.742      3.489  > 
     <     22.000     32.875     40.312     48.750     58.375     43.975     27.139     12.812      6.982      4.161      4.000      4.188      2.950      3.446      2.886      3.781      3.531      3.629      3.342      3.498  > 

  30
     <     54.000     56.000     70.688     96.700    113.292     48.025     13.472      7.062      5.321      4.161      4.309      5.156      3.487      3.587      4.205      3.771      2.938      4.155      4.058      3.550  > 
     <     45.000     47.625     65.562     91.300    105.583     45.500     12.806      6.979      4.929      4.804      3.544      3.438      3.913      3.543      4.102      3.344      3.365      3.043      3.883      3.488  > 
     <     37.000     50.500     64.500    101.700    104.167     44.975     13.667      6.667      5.286      4.750      4.279      4.312      3.837      3.924      4.148      3.698      3.573      3.371      3.200      3.464  > 
     <     58.000     50.375     68.812     81.750     99.042     53.200     13.028      6.604      5.107      4.429      4.838      3.625      4.438      3.728      4.136      4.219      3.812      4.164      3.425      3.433  > 
     <     45.000     49.500     78.562    105.400     86.458     40.725     13.306      6.521      5.464      4.054      4.706      4.219      3.975      3.913      3.852      3.927      4.021      3.905      3.467      3.530  > 
     <     59.000     54.500     64.688    111.100     98.792     41.300     14.361      6.729      5.000      4.732      4.441      3.844      4.237      3.707      3.455      3.531      3.719      4.138      3.392      3.537  > 
     <     54.000     50.625     59.750     79.250     84.667     42.475     11.583      7.438      5.268      4.518      3.956      3.750      3.888      3.837      3.591      3.760      3.198      3.767      3.867      3.523  > 
     <     53.000     51.125     61.250     94.150    102.833     41.625     12.611      7.958      5.429      4.268      4.765      5.109      4.350      3.707      3.659      3.938      3.792      4.138      3.750      3.501  > 
     <     44.000     57.375     79.812     96.100     70.875     36.775     16.333      7.354      4.304      4.786      4.426      4.344      3.225      4.120      3.477      3.688      3.656      3.940      3.067      3.367  > 
     <     85.000     62.125     68.625     88.600     69.417     33.800     13.750      6.625      4.446      4.214      2.824      3.672      3.475      3.946      3.318      3.927      3.365      3.198      3.275      3.480  > 
     <     60.000     65.875     62.750     83.300     79.250     40.650     14.694      6.604      5.196      4.339      3.971      4.344      4.112      4.348      3.466      3.333      4.177      4.000      3.942      3.498  > 
     <     53.000     61.125     59.438     77.350     94.833     44.350     14.167      6.208      5.393      4.946      3.529      4.609      4.362      4.467      4.125      4.365      3.531      4.216      3.717      3.578  > 
     <     46.000     56.625     65.500     78.650     91.167     48.550     12.500      7.125      5.482      4.268      4.838      3.531      3.800      3.804      3.591      3.948      3.990      3.345      4.200      3.502  > 
     <     31.000     38.250     52.188     72.850     92.167     41.975     10.833      6.833      5.732      4.839      4.029      3.828      3.737      3.978      3.386      3.396      3.219      4.052      3.392      3.488  > 
     <     48.000     57.875     68.688     93.500     90.833     43.025     13.667      5.375      5.250      4.607      4.353      3.250      3.938      3.576      3.591      3.479      3.312      3.647      3.542      3.448  > 
     <     49.000     50.625     60.750     76.550     92.167     44.700     12.444      6.479      4.804      4.911      4.559      4.109      4.050      4.228      3.727      3.188      4.052      3.216      3.533      3.584  > 
     <     39.000     40.625     55.562     80.050     85.208     36.500     12.083      5.854      5.304      4.857      4.632      4.766      3.538      4.000      3.284      3.771      3.729      3.767      3.967      3.611  > 
     <     47.000     46.125     71.188     96.300     78.042     43.300     14.500      7.083      5.607      4.571      4.662      3.594      3.812      4.120      4.011      3.323      3.198      3.155      3.150      3.523  > 
     <     46.000     43.750     66.062     71.900     79.167     42.825     14.556      6.188      4.893      5.357      4.574      4.656      3.763      3.880      3.477      3.448      4.240      3.379      3.917      3.471  > 
     <     43.000     41.875     54.938     87.550     97.708     46.100     13.389      6.000      5.750      4.982      4.456      3.766      3.688      3.326      3.057      3.500      3.458      3.647      3.658      3.600  > 
     <     34.000     40.750     59.562     87.400    102.708     42.300     13.750      8.083      4.857      5.518      4.147      3.734      3.750      4.087      4.159      3.490      3.510      3.810      4.075      3.574  > 
     <     36.000     48.375     65.188     80.350     88.833     42.675     11.611      6.250      4.446      4.321      4.103      3.938      4.463      4.370      3.989      3.885      3.510      3.767      3.592      3.470  > 
     <     43.000     37.750     42.750     65.950     92.917     45.575     12.056      6.250      4.964      5.036      3.662      4.469      4.350      3.913      3.886      3.646      3.448      3.672      3.425      3.575  > 
     <     39.000     45.875     61.812     83.750     84.708     37.675     12.028      5.688      4.179      4.286      3.750      3.906      3.438      4.087      3.852      3.885      4.094      3.802      3.050      3.530  > 
     <     39.000     53.125     75.938     90.100     89.875     37.075     11.111      6.875      4.929      3.393      3.779      3.734      3.138      3.609      3.875      4.188      3.719      3.578      3.858      3.374  > 
     <     57.000     52.625     50.500     83.150     80.583     37.850     13.278      6.500      5.036      5.429      4.088      4.688      3.800      4.076      3.807      3.365      3.115      3.526      3.775      3.390  > 
     <     41.000     37.750     51.688     73.500     78.083     33.025     11.250      6.708      4.375      4.643      3.912      4.359      4.662      4.011      4.136      3.135      3.510      3.879      3.717      3.405  > 
     <     30.000     37.250     49.875     79.400     94.667     38.750      9.361      5.979      4.804      4.429      3.897      3.734      3.800      3.815      3.750      3.375      3.115      3.198      3.692      3.407  > 
     <     34.000     39.750     55.375     92.900     94.917     33.425      9.750      5.625      5.179      4.000      5.176      3.969      3.525      3.337      3.909      3.510      3.573      3.638      3.200      3.480  > 
     <     42.000     46.000     61.625     75.350     73.542     33.875     12.083      4.604      4.232      3.768      3.809      4.547      3.913      3.587      3.295      3.479      3.260      3.207      3.283      3.480  > 

  30
     <     58.000     74.500     99.250    123.500     93.958     43.350     16.417      7.333      5.071      4.536      4.603      3.922      3.938      3.728      3.330      3.490      3.490      3.560      3.700      3.432  > 
     <     64.000     70.500     92.625    118.400    103.958     45.800     17.389      8.062      5.643      4.714      3.603      4.359      4.662      3.783      3.705      3.240      4.875      3.241      3.892      3.466  > 
     <     61.000     63.625     80.875    124.600    121.417     46.675     14.250      7.021      5.232      4.607      4.426      4.891      4.050      3.837      3.852      3.458      4.156      3.905      3.675      3.565  > 
     <     91.000     61.625     70.938    113.300    125.833     47.525     13.111      7.229      5.643      5.250      4.162      5.094      4.200      3.859      3.284      3.396      4.104      3.793      3.992      3.426  > 
     <     47.000     52.500     82.188    121.000    116.667     47.500     14.361      7.021      5.250      5.339      4.765      4.516      4.850      4.065      3.727      3.865      4.240      3.586      3.833      3.553  > 
     <     72.000     69.375     81.250    131.200    132.208     51.500     16.389      7.188      5.375      4.768      4.029      3.656      4.162      4.652      3.432      3.406      4.094      4.164      3.758      3.462  > 
     <     52.000     54.625     88.125    117.150     95.667     44.550     15.306      7.917      5.125      5.214      4.162      4.672      4.037      3.435      3.773      3.323      3.625      3.491      3.917      3.414  > 
     <     59.000     54.250     82.625    114.500    104.208     45.475     14.111      7.521      5.268      5.339      4.235      3.844      3.825      3.870      3.511      3.688      4.052      4.086      3.642      3.438  > 
     <     57.000     61.375     82.375    116.500    124.542     53.350     13.889      7.583      6.125      4.589      4.147      3.875      4.550      3.739      3.773      3.365      3.469      4.095      4.108      3.517  > 
     <     48.000     69.125     90.500    124.700    122.333     49.875     14.944      7.500      6.018      4.821      4.279      4.781      4.400      3.283      4.011      3.917      4.104      3.802      3.692      3.493  > 
     <     59.000     85.500    108.812    127.700    101.917     44.775     14.444      6.958      6.214      4.607      4.235      3.625      4.150      4.120      3.943      3.646      3.396      3.621      3.500      3.587  > 
     <    117.000    112.375    129.500    128.400     78.875     40.550     20.389      9.146      6.054      3.768      4.838      4.297      3.938      4.054      4.420      4.375      3.927      3.966      4.017      3.654  > 
     <     49.000     68.000     87.625    117.250    114.542     42.550     14.556      6.917      4.946      5.071      5.059      4.719      4.088      3.793      3.773      3.812      3.896      3.845      3.708      3.484  > 
     <     55.000     71.375     73.562    120.150    114.542     43.325     14.389      6.729      5.821      5.018      5.132      3.875      4.213      3.924      4.750      3.833      4.385      4.121      3.467      3.601  > 
     <     86.000     76.250     89.125    116.050     86.625     40.075     16.028      7.438      4.768      5.089      3.662      3.750      3.812      4.130      3.250      3.240      4.052      3.155      3.483      3.441  > 
     <     68.000     67.000     85.375    113.050    108.583     42.200     13.028      6.667      6.589      4.946      4.191      3.797      4.050      3.924      3.932      4.000      3.896      3.491      3.667      3.634  > 
     <     59.000     80.500    107.875    107.950     79.542     47.000     17.528      8.250      5.554      4.536      4.397      4.750      4.037      3.478      3.773      3.656      4.156      4.060      3.908      3.576  > 
     <     53.000     73.125     90.438    120.950     99.167     46.200     14.250      8.083      5.143      4.839      4.676      4.516      4.300      3.130      4.250      4.708      3.865      4.147      3.217      3.586  > 
     <     49.000     71.250     86.375    128.650     93.583     47.650     17.972      8.208      6.304      5.125      5.485      3.688      4.625      4.348      3.830      3.917      3.802      4.069      3.883      3.485  > 
     <     45.000     63.750     89.125    123.050     98.875     50.350     16.028      7.812      4.714      5.161      4.735      4.062      4.438      4.043      3.636      3.865      3.635      3.681      4.158      3.508  > 
     <     71.000     65.375     98.625    124.350     93.667     43.400     17.139      7.875      5.268      4.286      4.412      4.672      4.388      3.891      4.534      2.948      3.469      4.414      3.900      3.546  > 
     <     85.000     84.125    120.188    125.750     78.750     44.925     20.833      7.396      4.375      5.429      4.632      4.375      4.112      3.989      3.227      4.062      4.115      3.716      4.408      3.495  > 
     <     66.000     65.250     76.875    113.100    113.125     51.500     15.417      7.188      5.857      4.786      4.838      4.266      4.362      4.109      3.693      4.083      4.188      3.897      3.258      3.574  > 
     <     65.000     81.250     90.562    116.200    104.583     48.175     15.472      7.896      5.714      4.339      4.721      4.578      4.625      3.728      3.955      3.573      3.312      4.103      3.667      3.483  > 
     <     45.000     64.500     97.062    107.350     86.167     54.950     16.972      7.062      4.929      4.482      4.868      3.828      4.800      3.870      4.000      3.896      3.302      3.216      4.458      3.541  > 
     <     59.000     68.625     94.562     98.650     86.042     48.650     17.861      7.021      5.571      4.482      4.529      4.453      3.875      3.326      3.409      3.604      3.542      3.647      3.950      3.366  > 
     <     49.000     59.000     81.375    104.550    100.208     46.875     15.500      6.979      4.964      4.482      4.500      3.703      3.650      4.489      3.466      4.021      4.031      3.793      3.742      3.556  > 
     <     71.000     71.375     81.375    122.200    101.083     46.800     13.472      6.792      5.661      4.607      4.206      3.484      3.000      3.130      3.614      3.490      4.052      3.388      3.392      3.602  > 
     <     64.000     70.625     83.375    131.850    115.375     47.200     15.389      6.521      5.696      3.571      5.103      4.312      4.350      3.772      4.386      3.906      3.896      4.069      3.792      3.636  > 
     <     65.000     64.125     81.625    133.100    117.250     56.275     16.389      7.854      6.018      5.607      4.191      4.391      4.662      3.652      3.989      3.750      4.042      3.966      4.600      3.504  > 

  30
     <     27.000     50.375     56.812     75.200    105.917     55.350     24.278     11.292      6.018      4.839      4.221      4.531      4.537      4.467      4.591      3.833      3.531      3.603      3.908      3.561  > 
     <     41.000     48.250     65.312     78.750     77.167     60.725     24.806     11.042      5.286      4.446      4.956      4.422      4.037      3.826      3.341      3.667      4.479      3.767      3.608      3.485  > 
     <     50.000     47.250     50.062     75.650     92.125     63.400     26.694     10.458      5.946      5.000      3.559      4.188      3.962      3.837      3.511      3.635      3.646      4.293      3.717      3.483  > 
     <     49.000     53.875     67.875     77.750     90.042     54.975     26.778     13.354      6.321      5.357      4.735      4.344      4.013      3.739      4.080      4.271      3.719      4.017      3.708      3.412  > 
     <     56.000     60.875     64.562     81.900     78.625     51.950     23.694     12.625      6.375      4.143      4.750      4.062      4.112      3.750      3.557      3.938      4.021      3.500      3.633      3.502  > 
     <     43.000     50.250     68.188     74.400     76.958     45.450     24.417     12.771      6.839      4.893      4.882      4.062      4.338      4.511      3.432      3.771      4.240      3.991      4.142      3.462  > 
     <     54.000     52.375     54.250     71.900     81.417     50.300     23.611     12.271      5.036      5.161      4.662      3.875      3.763      3.685      3.318      3.917      3.938      4.397      4.283      3.501  > 
     <     49.000     39.250     45.938     65.800     78.208     59.275     21.944      8.042      5.071      4.554      4.279      3.266      3.925      3.228      3.318      3.646      3.615      3.509      3.275      3.484  > 
     <     34.000     46.875     54.000     65.600     83.042     62.100     22.722      8.792      6.411      5.375      4.750      4.500      4.025      3.837      3.591      4.177      4.135      3.534      3.542      3.550  > 
     <     59.000     59.875     56.750     77.250     94.500     59.600     24.139      9.542      5.625      5.393      5.235      4.203      3.612      3.739      3.761      3.396      4.302      2.983      3.600      3.519  > 
     <     55.000     65.750     67.438     80.050     83.000     55.050     28.361     12.646      6.518      5.929      4.485      3.953      2.950      4.174      2.898      3.635      3.854      4.293      3.817      3.529  > 
     <     70.000     59.250     63.562     68.200     89.083     59.300     22.944      8.833      5.839      4.964      4.779      3.500      3.987      4.728      4.000      3.521      3.271      3.733      3.208      3.539  > 
     <     58.000     49.500     58.750     77.300     91.875     55.225     20.389      8.062      5.250      4.839      4.426      3.625      4.013      4.522      4.000      3.854      3.448      3.569      3.500      3.476  > 
     <     46.000     52.875     62.438     64.350     82.625     54.600     20.611      9.021      5.536      4.018      4.309      3.281      4.375      4.261      3.977      3.479      3.719      3.836      3.325      3.586  > 
     <     51.000     55.750     58.000     72.400     83.333     44.900     23.194     11.125      5.357      5.232      4.250      4.578      3.600      3.826      3.693      3.229      4.042      3.414      4.317      3.514  > 
     <     42.000     61.875     57.625     69.700     72.292     48.025     19.833     10.625      5.643      4.946      4.221      4.344      3.550      3.685      4.216      3.854      3.229      3.922      3.375      3.499  > 
     <     61.000     54.125     56.938     77.150     98.458     55.850     20.444     10.292      5.804      4.536      4.676      4.203      4.650      4.380      4.602      4.083      3.750      3.422      3.750      3.567  > 
     <     56.000     54.500     62.250     89.550     89.125     54.150     27.472     10.896      5.929      4.554      4.426      4.359      4.062      3.913      4.159      4.219      4.375      3.767      3.450      3.576  > 
     <     50.000     47.125     46.188     69.350     91.542     63.475     22.500      9.562      6.071      4.107      5.029      5.062      3.875      3.630      3.386      3.823      3.948      3.414      3.950      3.517  > 
     <     39.000     47.375     52.000     78.000     92.167     50.550     26.917     12.375      5.143      4.536      4.132      3.938      3.725      4.402      3.659      3.740      3.385      3.612      3.400      3.453  > 
     <     57.000     60.625     60.938     79.600     86.000     48.850     22.194     10.333      4.929      3.464      4.456      4.438      4.638      3.837      4.591      4.240      3.854      4.086      3.742      3.525  > 
     <     50.000     54.750     61.250     79.100     88.292     48.125     21.528      9.604      5.571      5.036      4.147      3.719      4.375      4.261      3.420      4.000      3.615      3.440      3.758      3.505  > 
     <     52.000     55.625     63.125     77.950     80.125     49.100     23.111     11.375      4.929      4.071      4.515      3.625      3.612      4.011      3.830      4.104      3.781      3.147      3.650      3.456  > 
     <     54.000     51.375     57.375     82.400     94.917     59.250     19.111      8.917      6.446      4.875      4.574      4.469      4.662      4.435      4.000      3.823      3.938      3.629      3.742      3.512  > 
     <     49.000     45.875     57.188     80.450     88.708     60.100     21.333      9.312      6.196      5.571      4.074      3.906      4.325      4.337      3.750      3.240      3.292      3.948      3.942      3.421  > 
     <     61.000     62.125     61.812     81.900     79.292     57.200     26.167     12.271      6.232      4.393      4.412      4.375      4.750      3.772      4.261      4.167      3.917      3.716      4.142      3.640  > 
     <     48.000     48.250     51.812     69.250     89.208     66.300     24.528     10.125      4.536      5.089      4.632      3.609      4.050      4.674      3.977      3.792      4.240      3.664      3.375      3.517  > 
     <     56.000     54.250     68.625     79.350     81.667     50.375     24.583     11.583      6.607      5.196      4.191      4.344      3.938      4.880      4.170      4.417      3.375      3.784      3.617      3.599  > 
     <     56.000     55.125     59.125     73.600     81.833     56.000     25.778     11.417      6.321      5.554      4.897      4.156      4.062      3.359      3.761      3.917      4.146      3.828      3.825      3.538  > 
     <     53.000     58.125     54.188     75.600     88.208     56.925     26.194     11.667      5.232      4.964      5.691      4.844      4.375      4.054      3.341      4.219      3.292      3.957      3.775      3.536  > 

  31
     <     27.000     26.125     33.875     39.000     50.208     43.100     33.972     32.229     20.875     10.268      5.985      4.594      4.225      3.935      3.057      3.990      3.583      3.793      3.717      3.416  > 
     <     53.000     38.250     41.000     43.550     48.000     44.900     35.528     22.417     17.304     11.714      7.971      5.266      5.075      4.043      4.489      3.562      3.396      4.534      3.658      3.548  > 
     <     31.000     39.750     41.062     42.700     44.292     36.425     30.778     24.750     16.143     12.679      7.912      4.938      4.200      3.728      3.580      3.750      3.594      3.914      3.350      3.494  > 
     <     42.000     35.625     36.000     40.950     41.417     33.725     30.972     29.333     22.089     12.714      6.897      4.625      4.275      4.207      4.080      3.500      3.250      3.983      3.250      3.439  > 
     <     56.000     42.000     36.312     48.600     49.500     39.725     29.750     24.021     15.536     11.768      8.456      4.953      4.638      3.848      4.023      3.406      3.281      3.310      3.542      3.423  > 
     <     23.000     31.250     38.938     40.950     43.125     39.825     27.611     25.500     21.161     13.375      6.721      4.266      4.275      4.152      4.273      3.333      3.750      4.095      3.942      3.530  > 
     <     26.000     27.750     38.375     40.000     39.500     37.200     31.444     26.729     16.089     10.946      7.412      4.469      4.750      3.239      4.477      4.021      4.750      3.121      3.717      3.506  > 
     <     15.000     30.625     29.562     36.200     41.083     32.900     29.750     27.146     19.000     10.643      6.662      5.172      3.913      4.620      3.580      3.708      3.458      3.621      3.500      3.541  > 
     <     49.000     33.375     33.875     35.850     36.208     33.625     26.194     24.542     16.375     12.357      7.662      5.250      4.237      4.022      4.602      3.552      3.146      3.707      3.950      3.540  > 
     <     44.000     32.875     29.688     37.200     42.458     32.700     26.833     25.771     17.018     11.786      7.471      4.922      4.450      3.446      3.409      3.354      3.677      3.293      3.658      3.367  > 
     <     25.000     28.000     31.375     35.400     41.375     35.300     26.639     24.458     19.196     12.339      6.721      5.609      3.950      3.587      3.750      3.438      3.635      4.129      3.608      3.513  > 
     <     40.000     32.000     33.875     39.000     41.875     34.450     28.889     25.125     18.393     11.625      9.162      5.438      4.713      4.011      3.773      4.052      3.854      3.733      3.300      3.519  > 
     <     25.000     33.875     37.562     37.950     38.833     34.875     32.889     26.979     19.339     13.054      7.574      5.062      3.987      3.620      3.625      3.385      4.021      3.543      3.825      3.479  > 
     <     34.000     33.500     43.375     48.150     47.417     34.400     27.972     21.333     15.554     11.643      9.118      6.094      5.237      4.326      3.523      4.115      3.781      3.948      3.833      3.576  > 
     <     26.000     27.375     29.562     45.300     47.375     34.875     25.861     23.354     17.411     12.750      8.971      4.906      3.900      4.359      3.477      4.375      4.271      3.698      3.767      3.584  > 
     <     36.000     35.875     41.812     44.700     42.708     31.500     27.861     21.458     14.375     11.839      8.044      5.453      4.088      3.761      3.330      4.135      4.094      3.509      4.067      3.453  > 
     <     27.000     25.875     32.250     36.800     45.500     34.775     26.361     20.208     20.054     16.071      7.853      4.469      4.388      4.761      3.716      4.000      4.177      3.664      3.983      3.593  > 
     <     24.000     28.625     33.375     39.850     49.167     33.950     27.500     24.875     21.036     14.500      7.853      4.828      5.050      3.435      3.636      3.833      3.594      3.681      3.783      3.524  > 
     <     29.000     30.250     34.875     34.800     38.792     35.725     25.333     26.312     18.946     13.321      7.985      5.125      3.700      4.293      4.000      3.385      3.229      3.793      3.458      3.542  > 
     <     32.000     34.625     33.562     35.450     40.250     38.050     32.917     21.896     13.821     10.732     10.279      6.234      5.112      3.435      4.057      3.521      3.344      3.457      3.375      3.464  > 
     <     69.000     45.875     58.625     79.250     53.625     23.400     12.722      9.062     10.089      9.964     10.265     10.656      9.938      8.587      5.602      4.312      4.021      3.466      3.583      3.497  > 
     <     34.000     53.750     62.688     38.650     22.208     14.925     11.667     14.417     11.982     11.750     12.015     10.906     12.363     10.989      9.307      7.708      4.500      3.905      3.433      3.479  > 
     <     43.000     35.625     41.625     45.450     38.792     38.675     30.944     26.438     20.554     12.607      8.721      6.250      3.938      4.641      3.636      3.677      3.479      3.638      3.658      3.564  > 
     <     18.000     29.125     29.625     31.400     36.583     33.300     30.806     28.771     20.179     14.196      8.559      4.938      4.688      3.793      3.727      3.802      3.344      3.483      3.442      3.422  > 
     <     34.000     32.000     32.812     34.900     39.750     34.525     27.833     23.938     20.161     13.625      7.162      5.469      4.525      3.500      3.466      3.969      3.969      3.690      3.525      3.517  > 
     <     24.000     23.250     34.000     38.550     38.000     37.625     28.222     25.667     19.036     13.536      9.971      5.172      4.225      4.109      3.841      4.104      3.385      4.259      3.533      3.463  > 
     <     22.000     33.625     33.812     42.000     45.625     38.650     28.167     23.708     17.036     14.232      9.868      5.500      4.425      4.880      4.080      4.417      3.927      4.405      3.850      3.591  > 
     <     26.000     31.500     31.938     43.400     52.292     40.325     32.556     22.271     15.143     12.589      8.515      6.484      5.000      3.772      3.739      3.646      3.417      3.698      3.408      3.400  > 
     <     34.000     32.125     33.438     35.650     37.292     38.800     34.000     29.479     22.107     12.339      7.735      5.156      4.312      4.185      3.875      4.000      3.885      3.698      3.292      3.541  > 
     <     60.000     35.875     38.125     41.200     46.417     44.525     29.583     19.917     13.161     11.643      9.500      7.047      5.612      4.315      4.375      3.948      3.708      3.448      3.842      3.601  > 
     <     29.000     28.000     35.688     36.250     31.833     31.450     29.389     26.833     21.857     14.393      9.382      5.047      4.312      4.272      3.989      4.260      3.521      3.310      3.358      3.430  > 

  21
     <     32.000     28.250     19.250     16.800     14.542     11.775      9.944      9.083      8.643      6.625      6.529      6.359      7.150      7.446      6.239      6.406      4.323      4.517      3.708      3.447  > 
     <     30.000     34.250     24.125     16.450     11.083     10.625      9.250      7.938      7.089      8.357      6.868      6.734      7.088      5.902      5.227      4.677      4.656      4.172      4.533      3.327  > 
     <     34.000     31.750     21.312     15.150     11.958     10.800     10.194      7.688      8.661      6.196      6.353      6.406      7.062      6.967      6.330      4.812      4.750      5.147      4.508      3.485  > 
     <     38.000     35.875     21.062     17.350     15.083     10.200     10.111      7.979      8.536      7.018      7.162      6.297      6.875      7.098      7.295      6.323      6.021      4.552      3.942      3.460  > 
     <     34.000     26.375     21.375     18.700     13.250     12.400     10.583      9.542      7.429      7.750      6.632      7.141      7.275      7.957      6.761      6.333      4.312      4.112      3.058      3.328  > 
     <     26.000     21.250     16.062     17.500     15.625     11.975     11.278      9.750      9.143      9.268      6.397      8.125      7.812      7.500      6.159      6.000      4.490      3.681      3.050      3.419  > 
     <     27.000     28.250     24.688     16.350     14.250     11.500      9.944      7.542      6.982      7.071      7.426      8.203      7.888      6.859      5.773      4.979      5.698      5.086      4.250      3.522  > 
     <     27.000     23.875     15.750     11.650     11.500      9.375      6.889      7.521      6.839      7.232      5.971      7.297      6.325      5.620      5.295      5.604      5.938      5.422      5.492      3.662  > 
     <     35.000     29.000     19.562     17.000     12.708      9.425      9.583      7.562      8.446      7.518      6.632      7.312      7.638      7.587      6.307      5.573      5.302      5.034      4.917      3.467  > 
     <     29.000     24.625     20.188     18.100     14.583     10.725      9.556      9.292      7.214      7.214      6.206      7.156      8.887      7.196      5.557      5.062      5.385      4.991      4.325      3.494  > 
     <     65.000     30.000     22.375     14.200     12.417      8.950     11.361      7.604      7.125      6.696      6.794      6.859      6.987      7.728      6.500      4.542      5.740      5.457      4.525      3.437  > 
     <     38.000     24.500     15.000     10.800     11.583     11.600      8.333      7.000      7.107      7.000      6.926      6.922      6.162      5.446      5.705      4.500      5.125      4.888      5.058      3.666  > 
     <     37.000     28.625     18.000     14.150     12.583     10.175     10.667      8.104      7.214      6.893      6.794      6.688      6.700      7.620      7.080      5.542      5.188      3.905      3.708      3.369  > 
     <     24.000     29.375     21.000     19.300     12.167     10.050      7.667      7.625      7.286      7.250      7.147      7.328      6.312      6.185      5.136      5.104      5.146      5.491      5.433      3.473  > 
     <     33.000     28.875     18.188     19.650     13.958      9.675      8.333      7.292      7.518      8.000      7.015      6.562      7.450      6.967      5.705      5.156      5.156      5.431      4.992      3.619  > 
     <     58.000     22.875     19.625     13.250     11.333     10.075      9.194      7.917      7.571      6.732      7.015      6.750      6.150      7.293      7.091      6.708      5.240      4.457      3.842      3.467  > 
     <     37.000     35.375     19.562     14.300     11.708      9.100      8.583      9.021      8.071      7.696      7.735      7.891      7.300      6.739      6.080      5.094      5.052      4.750      5.025      3.500  > 
     <     32.000     29.250     19.125     14.250     10.500      9.225      8.333      8.688      7.429      7.375      7.265      7.922      7.412      6.467      5.398      5.406      4.885      5.009      5.217      3.516  > 
     <     42.000     29.875     18.125     15.200     15.667     10.200     10.361      8.250      8.554      7.821      7.221      8.109      6.188      7.837      6.182      6.354      4.906      4.491      4.158      3.411  > 
     <     32.000     24.250     19.750     16.700     16.583     11.350     10.056      7.938      7.357      6.982      8.132      8.688      6.688      6.685      5.364      4.750      4.677      4.879      4.400      3.443  > 
     <     32.000     21.125     17.062     13.500     11.458      9.400      9.472      8.312      9.357      7.643      8.015      7.125      6.362      6.848      6.477      5.844      5.333      4.310      4.183      3.419  > 

  41
     <     23.000     22.250     27.812     35.000     37.792     42.950     36.333     27.750     23.821     20.946     15.971      9.969      5.850      4.022      4.545      4.125      3.615      3.819      3.525      3.412  > 
     <     19.000     24.625     29.750     31.950     38.250     39.250     33.750     27.938     24.554     20.143     14.088      8.781      6.062      4.326      4.420      3.552      4.031      3.819      3.250      3.395  > 
     <     26.000     38.375     50.875     40.200     33.083     28.525     20.833     17.292     16.339     13.786     13.632     13.047      9.863      6.576      4.114      4.510      3.917      3.819      3.192      3.499  > 
     <     29.000     37.000     28.500     20.650     14.208     12.600     10.889     11.375     12.214     14.143     15.368     18.109     20.062     15.837      8.659      5.052      3.396      3.690      3.525      3.499  > 
     <     32.000     36.375     45.875     46.200     36.167     28.575     23.639     19.208     17.089     14.857     13.912     12.047      8.575      5.250      4.375      3.458      3.969      3.845      3.775      3.452  > 
     <     45.000     29.750     26.000     18.600     14.250     12.350     10.972     10.188     10.321     12.000     13.471     16.859     17.800     18.663     12.727      7.771      5.135      4.009      4.217      3.393  > 
     <     25.000     24.375     31.875     43.150     45.792     35.175     25.250     19.438     18.714     17.000     14.515      9.031      6.088      4.250      4.114      3.854      3.917      3.741      3.892      3.401  > 
     <     39.000     25.375     38.812     46.400     38.125     29.475     27.500     20.646     17.893     16.000     15.368     11.125      7.062      4.435      3.920      4.312      3.500      3.267      3.417      3.436  > 
     <     40.000     40.000     48.938     49.250     37.250     27.800     25.972     18.542     15.554     14.143     14.897     12.656      9.250      5.924      4.568      4.427      3.667      3.862      4.492      3.549  > 
     <     31.000     33.750     28.500     17.450     15.292     12.425     12.056     10.458     10.321     12.643     13.206     16.344     19.400     19.728     11.943      7.708      4.698      3.491      3.892      3.604  > 
     <     21.000     31.125     36.188     45.500     39.333     29.800     26.111     18.771     16.679     15.946     15.515     10.469      6.725      3.989      4.182      4.062      3.365      4.181      3.892      3.461  > 
     <     51.000     46.875     51.875     47.050     37.500     26.475     24.194     18.375     17.964     14.125     12.838     12.250      9.613      7.098      4.477      3.906      4.021      3.948      3.658      3.496  > 
     <     47.000     37.250     22.125     20.300     13.042     12.500     10.750     10.833     11.107     11.286     12.559     16.062     20.812     21.141     14.091      7.156      4.271      4.250      3.550      3.483  > 
     <     50.000     53.875     63.062     42.250     32.458     28.600     26.472     17.312     14.946     13.875     12.515     11.406     10.037      7.522      4.193      3.552      3.667      3.905      3.700      3.448  > 
     <     36.000     33.375     24.375     17.000     14.167     10.900     12.083     10.750      9.821     11.446     12.147     17.344     19.675     21.141     15.057      7.948      4.500      3.534      4.175      3.442  > 
     <     45.000     64.125     66.812     44.900     42.000     26.450     24.417     16.292     16.196     13.393     12.485     11.812      9.488      7.043      4.523      3.198      3.740      3.948      4.150      3.365  > 
     <     27.000     27.500     25.375     16.350     13.542     10.975     10.194      9.875     12.000     12.661     12.500     17.781     21.975     21.326     12.614      7.688      4.396      4.095      3.917      3.410  > 
     <     30.000     37.500     45.625     43.100     41.292     28.050     23.250     17.875     15.750     15.018     12.897     10.922      8.912      6.696      4.795      4.458      3.771      3.552      3.775      3.437  > 
     <     30.000     32.500     25.688     19.850     14.375     14.625     12.028     11.354     12.750     13.911     15.471     20.531     21.712     13.533      6.705      4.833      3.833      4.500      3.775      3.457  > 
     <     25.000     38.250     56.688     47.550     32.792     24.400     20.139     15.896     15.375     12.464     11.868     11.609      9.825      6.370      4.023      3.458      4.042      3.819      3.333      3.428  > 
     <     37.000     33.250     23.250     17.400     14.375     11.950     10.250     10.479     10.768     12.268     11.029     15.766     21.762     19.174      9.080      5.479      3.417      3.707      3.858      3.433  > 
     <     17.000     22.125     24.875     30.350     37.417     41.450     29.556     25.021     20.893     18.018     13.838      8.062      6.000      4.652      3.670      3.229      3.760      3.621      3.575      3.431  > 
     <     49.000     33.875     40.125     42.000     36.000     28.675     22.806     18.062     15.018     14.589     15.309     12.188      8.700      6.022      4.761      3.760      3.792      3.698      3.908      3.588  > 
     <     44.000     34.625     26.250     18.950     14.667     12.325     10.944     10.917     10.393     11.643     11.632     16.406     18.637     16.554     13.125      7.990      5.281      4.362      3.675      3.518  > 
     <     25.000     28.125     28.312     41.550     46.875     33.725     26.639     20.750     18.661     15.679     12.897      9.328      6.825      4.109      4.477      4.198      3.458      3.655      3.550      3.463  > 
     <     34.000     40.000     49.062     43.450     34.792     28.175     23.306     19.792     15.643     12.625     14.147     12.359      8.787      5.870      4.216      3.344      3.323      3.526      3.758      3.453  > 
     <     36.000     32.875     24.000     17.850     14.875     13.625     10.778     10.542     11.839     12.339     14.618     20.578     22.200     15.761      8.239      5.333      3.708      3.940      3.425      3.479  > 
     <     26.000     24.875     27.125     28.650     36.458     38.675     28.500     24.229     21.036     17.750     11.868      7.375      6.125      4.674      3.614      3.854      4.010      4.207      3.717      3.479  > 
     <     43.000     28.500     26.375     32.500     40.333     37.800     30.611     25.250     21.071     17.946     14.868      8.547      5.537      4.815      4.330      4.208      3.781      3.974      4.225      3.488  > 
     <     31.000     22.125     27.062     29.700     39.083     43.375     33.500     28.125     22.768     20.089     12.647      7.094      4.537      3.989      4.250      4.333      3.354      4.353      3.825      3.423  > 
     <     27.000     28.750     37.375     47.050     46.542     34.450     25.000     19.875     16.929     15.750     15.426     10.859      6.375      4.663      3.830      4.479      3.448      3.397      3.692      3.497  > 
     <     36.000     34.500     33.438     48.950     44.958     29.325     23.361     18.875     17.464     16.268     14.456      9.172      6.438      4.130      3.943      3.812      3.615      3.836      3.850      3.539  > 
     <     36.000     46.000     63.125     47.800     31.792     23.700     21.972     15.146     15.000     13.232     12.971     11.531      9.738      6.207      4.466      3.833      3.740      3.457      3.650      3.396  > 
     <     46.000     34.625     28.438     18.100     12.208     11.750     11.639     10.042     11.375     12.964     13.676     17.234     17.175     15.989     11.898      7.490      4.958      4.043      3.650      3.327  > 
     <     38.000     29.625     35.938     46.550     45.125     30.450     24.639     19.604     17.696     15.125     13.897      9.328      6.138      4.978      4.830      3.552      4.219      3.897      3.708      3.470  > 
     <     20.000     23.750     26.750     34.550     39.417     35.650     27.861     21.562     19.625     17.304     12.559      8.062      5.588      4.413      3.386      3.688      4.344      3.759      3.933      3.485  > 
     <     30.000     27.875     29.000     34.450     39.250     34.525     27.250     23.917     20.321     17.054     14.250      9.016      5.162      4.163      4.466      3.823      3.938      3.707      3.808      3.600  > 
     <     22.000     28.875     31.938     43.200     44.625     31.975     25.500     21.958     20.875     16.304     13.750     11.297      6.875      4.543      3.932      3.646      3.396      3.483      3.592      3.420  > 
     <     30.000     21.875     24.062     25.700     31.083     49.050     46.417     38.458     26.250     18.482     12.691      8.562      7.050      4.685      4.364      4.927      3.594      4.284      3.617      3.458  > 
     <     14.000     24.500     28.062     33.100     50.625     50.325     35.750     30.021     27.518     22.625     15.309      8.797      6.263      4.663      4.148      3.833      4.010      3.853      3.633      3.373  > 
     <     23.000     22.125     25.500     25.500     33.875     52.775     43.139     35.438     32.304     23.643     12.588      6.891      4.213      4.609      3.386      3.792      3.771      3.483      3.975      3.444  > 

  45
     <     34.000     25.375     26.688     28.650     38.208     36.825     28.722     22.479     17.911     13.286      8.176      5.453      4.375      4.087      3.398      3.896      3.635      3.983      3.717      3.492  > 
     <     25.000     24.250     24.250     23.300     25.125     30.300     32.500     28.521     18.786     10.036      6.074      4.484      4.075      4.065      3.500      4.125      3.698      3.629      4.058      3.579  > 
     <     17.000     24.125     26.375     32.950     39.167     31.975     22.389     17.125     16.536     15.268      8.647      4.828      4.100      3.957      4.261      3.552      3.177      3.974      3.500      3.576  > 
     <     49.000     35.375     37.625     40.000     36.375     22.950     22.861     18.792     12.071     10.393     10.779      9.672      5.650      4.152      3.761      4.073      3.792      3.284      3.625      3.386  > 
     <     49.000     36.250     27.812     16.800     14.000     11.250     11.722     11.354     12.321     14.036     14.147     14.812     14.863     10.880      7.534      3.719      4.240      3.793      3.167      3.336  > 
     <     38.000     26.375     29.875     31.950     31.792     29.050     19.278     15.771     13.268     12.393     11.309      9.453      6.013      4.087      4.375      3.875      3.844      3.853      3.283      3.504  > 
     <     39.000     31.500     19.062     18.050     16.167     17.100     20.361     21.792     15.625     11.286     10.294      9.734     10.838      8.663      5.830      4.208      3.573      3.440      3.783      3.490  > 
     <     29.000     40.500     28.562     14.550     14.958     13.625     12.194     13.521     12.054     12.357     12.544     14.094     13.963      9.913      5.920      4.427      3.229      3.888      4.108      3.492  > 
     <     41.000     28.000     30.562     30.250     36.042     23.950     17.694     15.000     13.089     13.571     11.985      8.812      5.713      4.304      3.875      4.167      3.969      3.672      3.900      3.497  > 
     <     38.000     26.500     32.625     24.300     15.708     14.175     12.250     13.271     15.089     12.589     14.941     15.703     10.438      5.750      3.943      4.240      4.167      3.328      3.300      3.498  > 
     <     30.000     28.625     35.875     34.750     30.750     20.925     17.500     14.271     12.661     13.893     11.500      8.547      5.562      4.533      3.659      3.458      3.812      3.500      3.900      3.605  > 
     <     39.000     49.625     30.875     19.000     15.250     11.325     11.111     11.333     11.875     13.304     14.515     15.422     11.400      6.424      4.966      4.052      4.219      3.733      3.683      3.611  > 
     <     57.000     46.125     49.312     36.400     27.583     21.075     17.250     11.875     11.750      9.786      9.662     11.031      9.125      5.707      4.170      3.469      3.760      3.853      3.667      3.538  > 
     <     21.000     37.125     25.375     19.250     16.792     13.975     12.722     11.833     12.750     15.161     14.279     14.812     14.075      7.880      4.102      3.938      3.865      3.750      3.892      3.538  > 
     <     29.000     27.125     22.750     24.950     29.958     41.200     31.528     22.521     18.054     12.679      7.029      5.578      3.987      4.087      3.750      3.688      3.615      4.147      3.658      3.490  > 
     <     42.000     30.250     28.188     28.500     31.458     32.250     25.722     20.625     18.036     12.393      6.368      4.656      4.388      4.304      3.693      3.729      3.385      3.586      3.033      3.448  > 
     <     23.000     23.125     22.938     22.650     29.292     37.075     32.361     21.979     14.232     10.196      5.162      4.656      4.175      4.413      4.000      3.573      4.521      3.517      3.683      3.500  > 
     <     21.000     17.625     19.875     23.250     23.750     27.875     33.722     27.771     18.107      7.964      5.779      4.438      4.088      3.761      3.580      3.583      3.458      3.164      3.508      3.547  > 
     <     26.000     29.750     24.250     22.950     26.833     30.550     29.750     24.646     17.179      9.625      5.882      4.438      3.825      4.337      3.614      3.469      3.812      3.836      3.633      3.469  > 
     <     38.000     44.875     35.250     25.300     17.750     13.550     13.111     12.146     12.125     11.661     12.324     10.531      8.812      7.859      5.000      4.365      3.427      3.664      3.533      3.404  > 
     <     34.000     36.500     33.938     25.050     16.333     13.750     12.750      9.833     10.571     12.411     12.265     12.781     11.350      7.022      4.409      4.500      3.406      3.500      3.567      3.433  > 
     <     42.000     44.000     21.625     18.400     12.708     11.350     13.167     13.521     14.089     12.214     12.015     11.078     11.037      9.076      5.011      3.896      4.073      4.000      3.658      3.457  > 
     <     13.000     18.625     19.438     23.800     27.500     32.800     29.000     23.479     17.161     11.589      5.956      4.078      4.688      3.489      3.670      3.427      3.615      3.336      3.650      3.544  > 
     <     23.000     20.875     25.000     27.350     25.833     31.650     36.778     28.312     18.464     11.107      4.985      4.219      4.287      4.174      4.182      3.812      3.490      3.336      3.183      3.446  > 
     <     14.000     20.625     19.875     22.800     27.792     33.825     31.667     24.417     18.250     11.482      6.074      4.375      4.575      3.902      4.284      3.885      3.635      3.517      3.567      3.381  > 
     <     29.000     19.625     20.750     19.800     25.333     33.050     36.417     26.708     19.089     10.857      5.926      4.422      4.250      3.815      3.830      3.698      3.719      4.043      3.433      3.509  > 
     <     55.000     50.500     34.438     17.250     12.417     12.025     12.222     12.500     14.464     16.000     15.838     15.047     11.750      6.989      4.898      3.552      4.323      4.284      4.333      3.537  > 
     <     33.000     25.500     27.812     35.900     30.125     26.400     21.583     15.188     14.107     14.268     13.088     10.484      5.737      4.685      3.648      3.375      3.844      3.603      3.883      3.550  > 
     <    136.000     68.500     29.062     17.900     11.375     10.525     11.944     12.562     12.036     12.500     14.838     14.219     11.650      9.533      5.807      3.490      3.250      4.000      3.183      3.426  > 
     <     42.000     35.625     39.000     41.400     27.292     17.275     14.111     12.229     11.982     15.804     15.147     10.578      7.062      4.283      4.170      3.948      4.615      3.845      3.317      3.386  > 
     <     52.000     39.000     30.812     22.600     12.417     13.025     14.222     11.667     10.911     12.589     15.765     16.422     12.762      7.370      4.545      4.073      3.938      3.784      3.450      3.407  > 
     <     16.000     24.750     21.625     25.200     27.625     35.725     31.278     20.021     17.964     12.250      6.765      4.750      3.575      4.707      4.466      4.104      3.469      3.741      3.942      3.492  > 
     <     38.000     46.875     29.875     18.550     13.792     11.200     11.333     10.625     11.786     12.429     13.426     14.125     13.150     10.196      6.148      4.802      3.448      3.888      3.208      3.474  > 
     <     19.000     22.750     32.750     32.750     33.292     20.175     18.083     14.542     13.679     11.750     10.588     11.219      7.075      4.261      4.409      3.375      3.885      3.845      4.233      3.486  > 
     <     23.000     29.000     33.438     36.200     23.208     17.625     15.722     13.188     12.607     10.839     10.294     10.812      5.787      4.457      3.841      3.562      3.521      3.948      3.642      3.425  > 
     <     35.000     31.875     22.312     18.000     14.917     12.400     10.778     11.833     11.161      9.500     11.191     12.203     11.213      9.413      4.943      3.969      3.583      3.655      4.050      3.421  > 
     <     30.000     27.125     26.062     27.250     30.958     24.375     20.778     16.104     12.286     12.268      9.574      6.078      4.750      4.022      3.625      3.562      3.406      3.543      3.208      3.487  > 
     <     26.000     21.875     20.375     23.250     26.042     33.075     32.806     22.312     16.214      9.500      5.956      4.688      3.225      3.380      4.307      3.406      3.479      3.733      3.492      3.450  > 
     <     21.000     17.125     19.312     25.400     25.333     31.425     29.611     21.771     16.679     11.982      6.412      4.844      4.062      3.978      3.580      3.219      3.604      3.345      3.267      3.373  > 
     <     16.000     17.000     19.625     28.600     31.417     25.850     20.333     17.812     14.875     12.036      9.382      6.797      4.987      3.859      3.591      3.625      3.625      3.586      3.567      3.441  > 
     <     38.000     45.375     49.812     33.150     19.250     13.550     11.500     11.042     12.089     11.018      9.809      9.812      8.688      7.772      5.841      3.979      3.865      3.034      3.350      3.271  > 
     <     12.000     29.250     26.375     23.700     17.125     16.400     13.306     11.208     13.536     13.500     12.971     12.844     10.537      5.880      4.455      3.771      3.365      3.379      3.092      3.345  > 
     <     51.000     48.250     44.562     32.250     17.083     12.300     10.972     11.625     11.714     10.411      9.544      9.406      9.725      8.293      5.977      4.521      3.792      3.017      3.275      3.478  > 
     <     11.000     12.000     19.188     24.550     21.125     19.175     16.583     14.438     11.964     13.464     13.103     14.203      8.912      5.750      3.886      3.854      3.625      3.991      3.808      3.453  > 
     <     34.000     27.750     37.188     33.800     31.375     19.725     17.056     16.042     11.839     11.536     10.838      8.500      5.775      4.370      3.852      3.281      3.969      3.741      3.383      3.405  > 

  55
     <     93.000     52.750     24.500     14.700     12.542     12.350     12.056     10.354     10.821     10.911     11.794     13.047     13.725     11.207      7.932      5.094      4.469      3.974      4.158      3.620  > 
     <     21.000     32.625     27.375     32.400     38.208     26.850     21.083     16.542     16.036     14.446      9.750      6.438      4.250      4.304      3.784      4.073      4.042      3.612      3.275      3.601  > 
     <     45.000     30.625     45.375     41.850     23.125     14.825     14.500     13.083     12.304     12.179     10.015      9.797      7.037      4.565      4.091      3.875      4.062      3.698      3.425      3.437  > 
     <     47.000     53.125     24.625     15.400     12.958     11.525     12.444      9.583      9.768     10.161     11.221     12.797     13.075     11.467      6.364      4.740      3.667      4.000      3.783      3.424  > 
     <     68.000     45.000     22.688     16.850     13.667     12.675      9.806     10.688     10.286     11.429     12.088     13.750     12.037     10.565      6.795      4.542      3.490      3.690      3.017      3.464  > 
     <     18.000     33.625     39.688     33.700     28.333     22.925     18.556     16.062     11.232      9.268     11.897     10.484      5.862      3.978      3.909      3.583      3.771      3.474      3.275      3.462  > 
     <     25.000     19.625     20.688     21.150     28.125     33.700     28.972     25.312     18.018     10.946      5.485      4.250      4.250      4.337      3.693      3.688      3.958      3.336      3.442      3.487  > 
     <     12.000     16.250     18.375     24.550     24.917     31.300     32.278     28.354     17.196      8.482      5.279      4.688      3.862      3.663      3.648      4.052      4.375      3.724      3.683      3.581  > 
     <     33.000     30.625     25.312     35.200     36.792     20.475     18.417     14.542     13.821     13.839      8.956      6.688      4.875      4.065      3.818      4.052      3.604      3.793      3.625      3.349  > 
     <     32.000     39.750     20.312     16.100     14.125     12.375     10.917     12.833     14.304     12.911     11.426      9.984      8.975      9.130      6.557      4.521      3.719      3.862      3.133      3.428  > 
     <     44.000     27.625     28.688     35.750     28.208     22.175     19.028     13.729     11.982      9.750     10.382     10.844      7.138      3.663      3.795      3.010      3.521      3.759      3.742      3.463  > 
     <     25.000     42.875     34.500     20.900     14.500     11.800     10.361     10.167     10.804     12.250     13.779     13.406     11.463      7.891      4.409      4.406      4.448      3.362      3.633      3.412  > 
     <     95.000     55.875     26.375     20.450     13.917     12.125      9.750      9.646     10.054     11.339     10.809     11.984     12.450      8.761      5.420      4.198      4.031      3.948      3.992      3.463  > 
     <     25.000     28.250     36.000     29.600     27.875     18.250     17.028     13.938     11.000      9.964     13.103     10.703      6.325      4.272      3.852      3.479      4.146      3.534      3.575      3.497  > 
     <     69.000     36.500     38.875     34.850     26.125     21.075     15.556     11.042     10.375     10.000     10.441     10.688      8.175      5.663      4.205      3.146      3.438      3.517      3.450      3.460  > 
     <     58.000     43.000     30.438     20.250     12.500     10.325     10.306     10.188     11.071     12.679     12.397     12.594     12.575      8.261      5.420      3.896      4.094      3.612      3.417      3.449  > 
     <     42.000     35.250     35.125     25.050     30.083     28.025     16.417     12.000     11.893      9.714     10.853      9.484      7.100      4.924      3.693      4.031      3.469      3.828      3.600      3.450  > 
     <     26.000     25.375     29.875     27.300     31.042     27.675     21.056     13.562     11.375     13.054      9.500      6.859      5.250      4.000      3.727      3.417      3.521      3.888      2.925      3.514  > 
     <     37.000     29.250     28.375     21.850     14.125     11.250      9.722     11.458     12.500     13.893     13.868     14.391     10.588      7.293      4.511      4.594      4.083      3.612      3.258      3.468  > 
     <     53.000     41.625     30.062     17.750     13.250     11.800      9.667     10.125      9.982     11.446     10.838     13.109     10.338      8.043      5.045      4.167      3.542      3.948      3.742      3.415  > 
     <     18.000     25.500     23.312     27.000     28.917     19.000     18.917     16.646     13.446     13.464      9.397      6.016      5.463      4.174      4.261      3.531      3.604      3.741      4.033      3.373  > 
     <     28.000     27.250     24.250     30.350     34.625     30.325     17.500     15.250     13.464     11.589      9.500      6.109      4.900      3.804      3.841      3.552      3.188      3.871      3.875      3.423  > 
     <     19.000     27.500     29.062     29.550     32.208     34.175     25.917     19.708     17.518     10.661      5.029      4.906      4.175      2.924      3.727      3.729      3.469      3.991      3.958      3.476  > 
     <     58.000     44.375     34.938     22.400     15.042     13.375     12.583     11.958     13.750     15.196     11.676     11.406      9.150      6.152      4.670      3.625      3.417      3.345      3.592      3.412  > 
     <     31.000     32.875     32.875     37.800     28.917     18.975     14.250     11.667     11.696     12.232     13.559      9.734      5.650      4.424      4.068      3.344      3.781      3.905      3.275      3.417  > 
     <     33.000     61.000     37.562     27.400     18.917     14.400     12.167     10.438      9.732      9.732     10.294      9.469      7.412      5.185      4.398      3.510      4.229      3.603      3.133      3.453  > 
     <     51.000     36.250     24.562     16.150     13.583     13.025     11.722     10.042     11.768     12.357     12.279     13.672      9.425      5.511      4.602      3.646      3.531      3.405      3.083      3.467  > 
     <     39.000     30.500     34.125     35.000     26.167     17.675     15.222     11.208     10.304      8.857     10.809     10.203      8.025      5.087      3.682      4.125      4.083      4.319      3.875      3.464  > 
     <     41.000     43.500     31.688     19.200     14.708     12.250     11.500     11.208     15.482     12.750     10.412      9.344     10.175      8.348      4.966      3.979      3.740      3.500      4.067      3.461  > 
     <     14.000     18.000     21.125     26.700     27.750     29.075     24.306     18.062     13.054     12.964      8.500      5.969      4.875      4.196      3.727      3.562      4.042      3.483      3.517      3.519  > 
     <     55.000     32.625     30.500     34.100     28.292     24.050     18.250     14.958     12.196     11.875     10.603      7.688      4.550      3.685      3.545      3.177      3.469      3.793      3.325      3.447  > 
     <     40.000     35.250     25.062     15.000     13.625     13.000     10.389     11.208     11.839     13.286     12.074     12.297     10.800      9.228      6.295      4.312      3.750      3.569      3.267      3.482  > 
     <     37.000     28.500     24.875     33.550     30.708     23.925     16.750     14.167     13.893     12.375      9.044      6.266      4.925      4.663      3.011      3.708      3.719      3.534      3.608      3.444  > 
     <     37.000     31.500     25.812     16.800     12.792      9.925     11.583     11.604     11.786     10.911     11.882     12.391     11.825      9.511      5.125      4.698      3.479      3.819      3.700      3.461  > 
     <     49.000     64.625     42.562     26.950     19.500     12.975     11.028     12.062     10.250     10.714     11.294     12.234      8.662      5.478      4.159      3.833      3.500      3.767      3.708      3.502  > 
     <     38.000     35.750     26.125     23.100     15.875     11.700     11.500     15.417     13.375     12.821     10.882      9.609      9.838      7.511      5.170      3.708      3.729      3.586      3.875      3.514  > 
     <     29.000     48.000     26.188     14.900     14.417     11.200      9.444      9.812     10.214     11.429     13.176     12.984     11.963      9.413      6.091      4.833      4.031      3.638      3.100      3.485  > 
     <     34.000     43.500     34.500     17.400     12.792     11.175     10.667     10.125     10.804     11.357     12.074     11.891     10.262      8.750      6.625      4.458      3.823      3.828      3.608      3.478  > 
     <     10.000     27.625     35.438     36.350     26.125     19.200     16.194     12.062     10.875     10.393     11.647     10.219      7.100      4.924      3.602      3.885      3.990      3.302      3.358      3.450  > 
     <     12.000     17.750     20.500     23.000     24.458     32.575     31.361     27.438     20.839     10.732      5.147      4.609      4.412      4.076      4.591      3.750      3.875      3.957      3.550      3.403  > 
     <     23.000     33.750     39.000     31.500     27.583     23.225     14.667     13.021     10.321     10.661     11.868      8.766      6.375      3.728      3.852      3.781      3.844      3.526      3.742      3.491  > 
     <     15.000     26.625     30.688     23.650     15.958     12.250     11.056     11.500     11.036     11.857     14.691     13.719     10.713      6.793      4.057      3.667      3.635      3.517      3.850      3.488  > 
     <     29.000     25.625     24.562     22.050     24.750     38.400     27.417     21.438     15.661      8.946      4.868      4.594      3.300      3.902      3.091      3.448      3.438      3.405      3.658      3.394  > 
     <     92.000     46.750     23.625     15.800     10.250     10.175     11.194     10.062     10.554     11.393     10.382     11.234     10.700     10.054      7.170      4.844      3.583      3.655      3.725      3.482  > 
     <     16.000     20.000     24.750     32.800     31.750     22.025     19.472     13.917     11.089     11.786     12.015      6.766      5.112      4.022      3.852      3.604      3.771      3.724      3.667      3.477  > 
     <     31.000     35.875     24.500     12.150     12.875     14.225     12.611     11.708     11.679     10.589      8.250      8.109      9.287      8.957      6.648      4.094      3.688      3.802      3.517      3.588  > 
     <     16.000     19.250     19.438     23.400     25.000     21.100     19.444     17.917     13.268     12.589      9.324      5.578      3.962      3.793      3.955      3.469      3.198      4.034      3.408      3.554  > 
     <     44.000     44.875     39.188     23.950     18.500     14.600     13.917     12.396     11.786     11.054     10.029      9.391      7.525      5.772      4.420      4.260      3.365      3.991      3.458      3.432  > 
     <     42.000     34.250     18.000     16.600     13.000     12.750     11.000     11.917     11.179     10.214     10.015     10.922     10.812      8.739      6.068      4.490      4.073      3.707      3.433      3.522  > 
     <     26.000     37.375     21.625     18.100     13.125     13.000     11.000     10.688      9.786     10.232     10.912     13.156     10.938      8.826      6.375      4.417      3.615      2.991      3.233      3.457  > 
     <     33.000     33.375     48.688     49.250     25.750     13.150     14.278     12.062     11.607     11.393     10.941      9.828      6.225      4.489      3.750      3.562      3.875      3.655      3.658      3.481  > 
     <     30.000     41.500     29.438     16.250     12.625      9.825     10.000      9.292      9.196     10.054     10.765     18.766     14.225     10.272      6.193      4.167      3.833      4.069      3.550      3.466  > 
     <     36.000     34.125     33.875     30.950     20.250     13.000     13.139     11.604     12.268     12.000     11.868      9.328      8.588      5.272      4.000      4.417      3.677      3.879      4.200      3.480  > 
     <     28.000     25.375     27.188     30.250     21.917     13.600     12.917     11.167     10.536     13.554     11.941     11.781      8.400      5.576      3.852      4.083      4.396      4.302      3.300      3.477  > 
     <     37.000     31.875     24.562     16.550     11.292      9.200     11.833     11.771     11.964     12.768     14.441     11.016     10.537      8.609      5.886      4.146      3.740      3.526      3.558      3.486  > 

  53
     <     23.000     27.500     23.938     29.850     35.583     28.275     21.361     18.854     21.768     19.089     10.162      5.859      4.750      3.804      3.568      3.760      4.271      3.767      3.850      3.606  > 
     <     30.000     28.875     32.938     35.450     32.667     21.700     17.333     17.625     14.554     11.482      9.706      9.594      9.200      6.457      4.716      4.312      3.979      4.052      3.917      3.483  > 
     <     28.000     36.875     26.938     20.650     15.625     10.150     12.111     12.167     12.804     13.196     10.426     10.078     10.037      8.511      8.773      8.510      6.250      5.578      4.342      3.499  > 
     <     38.000     54.125     48.000     33.000     22.083     16.500     14.250     10.042     10.714     13.375     13.779     10.750      8.637      5.707      4.205      4.312      4.094      3.310      3.275      3.341  > 
     <     66.000     44.125     22.375     16.700     15.500     14.300     10.417     12.458     10.107      9.000     13.574     10.547      9.325      8.924      7.602      6.146      5.833      4.991      3.892      3.351  > 
     <     50.000     35.000     23.938     15.600     13.208     10.100     10.556     10.417      9.893     10.321     10.632     14.125     12.738     10.989      7.932      6.740      5.479      4.138      3.017      3.283  > 
     <     29.000     24.875     27.312     28.650     27.708     27.700     22.306     15.625     19.393     16.304     10.118      6.031      3.900      3.804      3.318      3.406      3.604      3.750      2.900      3.379  > 
     <     35.000     33.375     26.875     31.800     28.792     23.450     23.528     15.458     12.143      9.196     10.559      8.500      8.750      5.793      4.034      3.708      3.271      3.336      3.775      3.495  > 
     <     30.000     30.875     27.562     18.750     14.333     12.600     10.639      9.729     11.661      9.839     11.618      9.938      9.863      9.500     10.182      7.938      6.656      4.836      3.783      3.464  > 
     <     23.000     23.750     26.250     22.000     25.708     27.800     18.083     16.542     12.232     11.768     10.662      8.938      7.112      4.750      4.182      4.781      2.927      3.397      3.975      3.509  > 
     <     19.000     43.500     25.562     15.650     11.708     11.475     10.806      9.750     11.554     10.607      9.809      7.984      7.650      7.772      8.227      7.188      7.927      5.000      4.158      3.586  > 
     <     16.000     17.000     19.875     24.700     24.958     24.575     23.000     17.729     12.464     10.857      7.721      7.812      7.650      6.022      4.693      3.354      2.948      3.853      3.658      3.457  > 
     <     41.000     30.375     18.938     16.250     12.208      9.725      8.750      9.896      8.911      9.732     10.971      9.938      8.963      9.304      7.250      7.844      7.760      5.052      3.883      3.471  > 
     <     41.000     44.750     35.312     27.800     22.417     14.825     13.806     12.188     11.607     13.089     13.721     14.156      9.463      5.076      4.682      3.750      3.740      3.836      3.950      3.474  > 
     <     27.000     34.125     35.000     20.850     14.000     12.400     11.278     11.979     11.804     10.946      9.471      9.016      8.675      8.446      7.182      8.167      6.427      5.293      3.667      3.514  > 
     <     29.000     35.250     30.312     19.450     13.292     10.700     10.722     12.312     11.714     11.286     10.132      9.203      9.025      7.370      7.557      8.427      6.729      4.828      4.133      3.577  > 
     <     16.000     20.250     20.000     23.700     29.833     28.775     20.611     18.083     18.411     16.161     11.324      6.156      4.763      4.174      3.841      3.042      4.021      3.672      3.800      3.442  > 
     <     65.000     52.000     35.062     17.700     14.208     11.775      9.444     10.167     10.500     11.125      9.176     10.406     10.750     12.261     10.705      7.594      6.469      4.853      4.117      3.453  > 
     <     11.000     24.750     29.750     37.850     29.500     21.750     19.611     20.125     12.964      9.446     10.603      9.109     11.387      7.924      4.864      4.000      3.875      4.397      3.425      3.436  > 
     <     35.000     40.125     31.312     39.850     33.792     21.400     18.278     18.979     16.286     11.643     11.853     10.203      7.700      4.500      3.102      3.406      3.979      3.767      3.558      3.605  > 
     <     58.000     45.750     32.188     19.000     13.833     10.125     10.556     11.812     11.250     10.857     10.485      9.938     10.950     11.891      9.614      8.094      7.010      5.569      4.042      3.533  > 
     <     33.000     33.750     31.500     32.250     31.708     22.700     17.778     16.125     23.679     19.679     13.574      6.484      4.775      4.163      3.795      3.615      3.698      3.293      3.733      3.407  > 
     <    107.000     48.375     31.688     32.200     27.333     19.850     20.917     17.896     14.393     11.054     10.074     10.141     10.887      7.239      4.125      4.031      3.750      4.336      3.567      3.461  > 
     <     41.000     42.250     36.938     24.450     16.417     11.450     12.306     11.062     12.500     11.893     11.309     11.250     10.738      8.902      8.295      8.479      6.406      5.060      3.608      3.539  > 
     <     24.000     21.500     21.500     24.600     30.458     27.950     23.000     20.750     24.482     17.821      9.309      4.656      5.412      3.750      3.841      4.115      3.510      3.871      3.483      3.507  > 
     <     27.000     27.125     35.375     44.500     35.708     22.275     17.556     15.396     15.286     17.536     14.191      6.656      4.737      3.913      3.466      3.708      3.198      3.784      3.525      3.472  > 
     <     28.000     42.625     35.438     28.100     32.458     21.925     15.361     12.958     12.125     10.071      9.309      9.422      9.400      7.196      6.057      3.844      3.500      3.328      3.458      3.496  > 
     <     32.000     39.625     28.938     16.500     10.917     11.250     11.611     10.479      9.911      9.232     12.088     14.312     11.512      9.924      7.886      7.177      5.021      5.121      4.175      3.460  > 
     <     28.000     47.250     38.500     30.800     29.042     21.475     16.389     12.500     11.143     11.839     11.397     11.656      9.188      6.228      4.170      4.094      4.792      3.922      3.567      3.359  > 
     <     32.000     34.375     35.688     16.450     13.000     11.225      9.417      9.979     10.250     13.393     14.456     12.344      9.625      7.989      8.545      8.156      6.229      4.828      4.342      3.364  > 
     <     28.000     35.625     37.438     33.550     25.333     19.875     14.472     12.438     12.786     14.393     15.118     15.047      6.950      4.261      3.693      3.958      3.083      4.405      3.475      3.434  > 
     <     41.000     46.500     26.688     17.600     13.167      9.225     11.611     11.854     11.429     11.143     10.265      9.875      9.438      9.391      9.216      8.271      6.875      5.138      3.917      3.466  > 
     <     35.000     34.000     28.562     18.750     15.208     13.425     12.222     11.729     12.071     10.714     10.294     10.078      8.975      8.565      8.864      7.531      6.635      4.638      4.217      3.492  > 
     <     31.000     28.250     20.750     30.500     33.417     24.175     17.306     18.021     17.750     13.000      9.441      8.281      6.175      4.924      4.159      3.927      3.646      3.483      3.475      3.408  > 
     <     58.000     33.750     28.625     18.850     11.458     10.275     11.111     10.500     10.607      9.982     10.853      8.859      7.838      7.250      7.852      8.146      7.708      4.853      4.467      3.502  > 
     <     19.000     21.750     28.312     29.600     26.667     19.625     17.889     13.979     13.143     10.250      8.853      9.188     10.137      5.761      4.318      3.917      3.719      3.474      3.750      3.542  > 
     <     29.000     34.875     33.875     34.000     25.625     22.750     19.861     17.375     14.054     10.250      9.559     10.688      9.725      5.750      4.398      3.677      3.854      3.638      3.642      3.507  > 
     <     31.000     32.875     29.875     19.400     15.375     11.725     11.000     10.896     11.732     11.268     10.956     12.500     11.037     10.500      8.886      7.458      5.938      4.095      3.842      3.470  > 
     <     88.000     42.750     23.000     14.650     11.333     10.575      9.861      9.604      8.411      9.643     11.044     15.703     11.400     10.848      8.466      7.792      7.708      5.543      3.492      3.402  > 
     <     31.000     32.625     45.812     31.400     25.625     25.225     17.917     14.667     14.589     11.964     10.059      9.500      9.700      5.870      4.034      4.260      3.594      3.784      3.617      3.450  > 
     <     39.000     26.750     30.938     33.550     23.917     20.575     17.500     13.896     12.446     11.482     10.265     10.312      9.575      6.076      4.136      3.448      3.521      3.750      3.617      3.541  > 
     <     61.000     39.250     21.250     13.950     10.958     12.675     11.528     11.521     11.179     10.214      9.779      8.234      8.863      9.228      8.989      8.542      6.510      6.052      4.400      3.572  > 
     <     23.000     22.500     20.062     22.200     24.375     27.775     23.806     19.854     20.464     17.143      9.603      4.656      4.713      3.935      4.068      3.615      3.229      3.905      3.692      3.508  > 
     <     15.000     18.625     27.875     25.100     31.208     27.775     19.806     16.688     19.661     18.946     10.750      5.453      4.312      4.000      3.841      3.573      4.615      4.164      3.433      3.561  > 
     <     51.000     37.625     30.438     18.800     13.583     11.550     11.111     11.833     11.571     12.393     11.118      8.625     10.037      8.565      8.841      8.219      5.719      4.793      3.425      3.579  > 
     <     15.000     25.125     34.062     32.550     29.208     20.725     17.222     17.667     13.875     11.500     12.118     10.594      8.150      5.196      4.227      4.042      3.562      3.543      3.517      3.549  > 
     <     14.000     21.500     21.625     21.050     21.833     26.800     24.889     23.604     22.554     14.286      7.279      5.312      4.562      4.196      3.545      3.917      3.292      3.690      3.808      3.546  > 
     <     22.000     25.625     26.438     27.800     32.125     28.150     21.083     16.979     20.054     18.393     11.221      5.891      5.013      4.304      4.205      4.135      3.573      4.448      3.350      3.618  > 
     <     45.000     65.500     39.625     24.450     19.458     13.300     13.917     11.021      9.714     10.929     13.397     14.953     10.775      6.815      4.568      4.573      4.406      3.991      3.750      3.540  > 
     <     61.000     38.875     22.375     15.800     14.458     11.625     11.861     11.750     10.679      9.857     10.676     11.938      9.713      8.826      8.080      7.990      6.781      4.922      3.958      3.593  > 
     <     52.000     36.250     30.000     20.150     13.625     12.975     11.667     11.333     11.411     10.982     11.265     12.125      9.412      9.043      7.807      7.073      5.802      4.569      3.217      3.541  > 
     <     20.000     23.375     27.938     27.800     25.917     21.650     18.806     14.208     12.821     10.429     10.206      9.391      8.775      5.935      4.489      3.979      3.542      4.034      3.450      3.420  > 
     <     17.000     27.500     30.375     22.750     16.458     13.400     11.889      9.438     10.268     11.125      9.647      9.547      9.900     10.033      7.409      6.573      5.542      4.155      3.433      3.433  > 

  1
     <     43.000     23.125     18.500     14.200     11.708      8.700      7.889      7.542      8.732      6.071      5.779      5.875      5.900      5.022      5.534      5.438      5.219      4.759      4.667      3.724  > 

6
  0

  0

  0

  0

  0

  0

  0

  0

  0

  0

  0

  0

7
  0

  0

  0

  0

  0

  0

  0

  0

  0

  0

  0

  0

8
  0

  0

  0

  0

  0

  0

  0

  0

  0

  0

  0

  0

9
  0

  0

  0

  0

  0

  0

  0

  0

  0

  0

  0

  0

10
  0

  0

  0

  0

  0

  0

  0

  0

  0

  0

  0

  0

11
  0

  0

  0

  0

  0

  0

  0

  0

  0

  0

  0

  0

