grid_x 4
grid_y 3
num_cameras 1
camera 1244987049
0
  0

  0

  0

  0

  0

  0

  0

  0

  0

  0

  0

  0

1
  0

  0

  0

  0

  0

  0

  0

  0

  0

  0

  0

  0

2
  0

  0

  0

  0

  0

  0

  0

  0

  0

  0

  0

  0

3
  0

  0

  0

  0

  0

  0

  0

  0

  0

  0

  0

  0

4
  0

  0

  0

  0

  0

  0

  0

  0

  0

  0

  0

  0

5
  30
     <     30.000     26.750     26.750     30.200     35.792     51.850     64.750     48.833     23.107      9.911      5.559      4.625      4.300      4.511      4.148      3.990      3.896      3.526      3.392      3.539  > 
     <     20.000     23.125     24.188     28.550     30.625     49.700     70.500     51.104     21.500      9.393      5.971      5.156      4.575      4.315      4.273      4.271      3.844      2.948      3.600      3.650  > 
     <     30.000     24.250     28.500     34.100     42.375     54.075     59.167     39.271     23.964      9.536      4.559      4.688      4.225      4.522      4.193      4.573      3.427      3.586      2.983      3.475  > 
     <     28.000     23.750     28.250     30.750     34.958     48.100     67.444     48.896     19.125      7.375      5.118      5.312      4.175      3.576      3.852      3.823      3.812      3.457      3.658      3.508  > 
     <     30.000     27.500     26.250     32.050     36.250     49.900     60.694     45.625     21.125      9.089      5.588      3.922      4.250      3.750      4.068      4.177      4.260      4.172      3.867      3.471  > 
     <     44.000     28.125     27.312     31.450     35.417     48.150     61.556     47.062     20.929      8.214      4.750      4.391      4.362      3.196      4.125      3.958      4.250      3.802      3.400      3.446  > 
     <     48.000     32.375     26.250     30.850     34.458     47.825     53.083     47.104     22.196      8.804      5.235      4.625      4.688      4.391      3.261      4.240      3.500      3.422      3.342      3.542  > 
     <     26.000     25.250     28.938     29.750     39.458     47.775     53.806     40.958     22.143      9.393      5.382      4.719      4.250      3.978      4.364      3.760      3.406      3.672      4.092      3.489  > 
     <     18.000     25.375     27.500     27.850     34.833     45.700     65.194     49.333     19.839      8.018      5.941      5.016      4.513      4.043      4.023      4.031      3.688      3.974      3.908      3.472  > 
     <     40.000     26.375     27.312     32.300     36.792     47.700     59.639     46.271     21.804      9.625      5.706      5.125      3.913      4.402      4.284      4.406      3.667      3.379      3.350      3.526  > 
     <     29.000     23.625     24.750     26.900     34.042     46.375     56.278     45.729     19.679      8.964      4.941      4.500      4.625      4.185      4.398      3.323      3.365      3.112      3.775      3.465  > 
     <     33.000     22.375     24.000     25.750     34.125     47.825     48.278     41.375     21.661      9.268      5.632      4.828      4.237      4.272      3.886      3.833      3.760      3.793      3.483      3.531  > 
     <     31.000     20.375     24.125     26.150     29.667     42.600     66.000     51.646     18.875      7.357      5.324      4.344      3.925      3.511      3.364      3.354      3.760      3.647      3.317      3.458  > 
     <     28.000     23.750     28.375     31.250     41.167     54.725     52.139     38.771     22.821     10.804      5.618      4.703      5.075      4.152      4.261      4.271      3.656      3.810      3.725      3.465  > 
     <     33.000     27.375     26.438     31.950     37.833     54.100     58.278     42.062     21.000      8.911      4.926      4.562      4.950      3.685      4.250      3.792      3.146      3.534      3.417      3.565  > 
     <     24.000     24.250     24.688     32.900     41.375     56.875     61.833     45.938     20.357      8.750      6.029      5.094      4.812      4.467      3.807      3.667      4.000      3.543      4.017      3.510  > 
     <     30.000     27.125     29.000     37.250     38.792     50.200     49.333     36.583     22.464     11.196      6.118      4.828      4.525      3.826      3.352      3.521      3.969      4.103      3.700      3.495  > 
     <     24.000     28.000     23.750     32.250     35.792     47.225     61.556     51.271     18.750      7.054      6.162      4.594      4.662      3.967      3.648      3.490      3.625      4.379      3.408      3.501  > 
     <     24.000     23.250     28.375     29.200     32.292     45.700     64.667     45.167     19.946      7.250      5.221      4.844      3.888      3.641      3.057      3.677      3.688      3.741      3.950      3.551  > 
     <     34.000     21.625     26.688     29.650     30.917     41.250     68.250     48.167     19.304      7.125      4.721      4.203      4.612      4.609      4.182      4.229      3.198      3.853      3.658      3.471  > 
     <     19.000     25.750     29.438     35.000     38.042     46.450     50.833     41.271     24.357     10.214      5.485      4.516      4.325      4.391      3.807      4.167      3.417      3.922      3.842      3.394  > 
     <     26.000     24.250     27.000     30.150     34.500     49.425     59.417     47.312     20.857      7.161      5.721      4.969      3.788      4.250      3.602      3.500      3.646      3.603      3.725      3.521  > 
     <     33.000     31.375     29.000     30.950     43.167     57.700     52.389     38.208     21.411      8.911      5.147      4.422      4.638      4.011      4.364      3.604      3.365      3.466      3.467      3.532  > 
     <     23.000     23.000     24.875     31.500     35.083     56.100     54.139     37.917     21.661     10.000      5.382      4.375      4.600      4.000      3.761      3.948      3.625      3.991      3.867      3.671  > 
     <     27.000     26.125     28.250     29.350     32.667     50.700     59.444     43.688     22.179      9.786      5.309      4.953      4.500      3.761      3.852      3.938      3.865      3.586      3.533      3.519  > 
     <     17.000     26.250     27.188     29.400     37.208     52.250     57.556     43.417     23.143      9.250      5.088      4.625      3.750      4.207      3.852      3.917      3.406      3.629      3.625      3.451  > 
     <     27.000     22.125     24.062     26.350     29.583     48.175     60.750     44.792     18.071      7.821      4.794      4.484      3.763      4.076      4.284      3.708      3.875      3.957      3.050      3.590  > 
     <     45.000     27.500     22.500     26.150     31.625     43.300     60.583     45.875     16.518      7.857      4.324      4.609      4.125      3.315      3.739      3.552      3.677      3.310      3.775      3.384  > 
     <     28.000     26.875     24.875     26.700     34.708     52.325     56.417     42.750     20.446      8.179      4.985      4.484      3.962      4.043      3.591      3.031      3.375      3.741      3.550      3.501  > 
     <     21.000     29.250     32.625     31.350     36.875     50.250     48.500     37.708     22.946     10.607      4.279      4.391      4.338      3.989      4.136      3.833      3.406      3.922      3.617      3.551  > 

  30
     <     65.000     68.375     80.812    121.000    131.833     44.925     12.417      7.667      5.500      4.196      4.971      3.422      4.125      3.435      3.750      4.656      4.104      3.629      4.167      3.546  > 
     <     47.000     65.625     89.062    116.500    104.500     50.800     14.750      7.604      5.161      4.589      4.779      3.875      4.112      3.533      4.114      3.510      4.240      3.655      4.258      3.576  > 
     <     61.000     69.500     94.000    152.150    126.750     55.250     18.639      7.958      4.339      4.446      4.118      3.844      3.812      4.109      3.341      4.198      3.698      3.638      3.383      3.417  > 
     <     51.000     70.000    103.188    131.200    117.042     42.650     16.972      8.854      5.607      4.893      4.500      4.156      4.100      3.761      3.909      3.844      3.740      3.819      4.117      3.487  > 
     <     67.000     82.875     93.375    124.850    121.375     44.650     12.750      7.667      5.982      5.607      4.397      4.359      4.150      4.065      3.398      3.677      4.344      3.569      3.725      3.472  > 
     <     75.000     71.875     87.312    148.400    152.958     48.575     13.444      7.083      5.482      4.839      5.015      3.766      4.525      4.076      3.875      3.542      3.958      3.138      3.708      3.563  > 
     <     53.000     73.875     91.625    132.150    118.458     45.975     14.639      6.958      6.000      4.964      3.926      3.828      4.525      4.674      4.045      3.646      3.250      4.078      4.017      3.648  > 
     <     71.000     61.500     75.938    121.100    125.167     43.950     13.083      7.625      5.286      4.482      3.838      4.172      3.712      3.804      3.852      4.396      3.042      3.819      3.667      3.526  > 
     <     72.000     67.500     78.000    120.600    105.542     43.975     13.667      7.583      5.089      5.179      4.485      4.250      4.088      4.315      4.034      3.490      3.854      3.681      4.317      3.503  > 
     <     47.000     59.250     91.188    127.050    127.167     48.700     13.917      8.500      5.429      4.000      4.691      4.234      3.362      3.109      3.795      3.167      3.521      3.319      4.017      3.484  > 
     <     62.000     74.125     93.875    138.150    125.458     40.175     13.167      7.312      5.125      4.143      4.456      4.375      3.388      3.565      3.364      3.458      3.875      3.612      3.875      3.486  > 
     <     85.000     82.250    100.125    141.750    139.167     46.475     13.556      7.396      4.768      4.143      4.147      3.719      4.050      4.359      4.239      3.625      3.365      3.405      3.742      3.446  > 
     <     86.000     61.750     85.062    131.800    122.000     47.400     14.750      6.625      5.143      4.500      4.309      4.688      4.513      3.772      3.807      2.938      3.646      3.474      3.725      3.423  > 
     <     60.000     62.625     85.562    126.900    145.875     52.300     13.389      6.979      5.857      5.714      4.456      4.156      3.987      3.826      3.545      3.625      3.323      3.009      3.675      3.481  > 
     <     84.000     64.625     86.875    126.900    132.875     50.600     12.722      7.458      5.500      4.589      4.412      4.375      4.125      3.804      4.409      3.906      3.604      3.819      3.683      3.469  > 
     <     84.000     77.500     98.125    141.800    122.583     52.400     14.917      6.958      5.054      5.071      4.368      4.297      3.688      4.217      3.852      3.906      3.792      3.517      4.075      3.519  > 
     <     73.000     64.000     88.188    131.650    126.000     43.825     15.056      6.812      5.018      3.911      4.544      4.172      4.575      4.207      4.057      4.260      3.552      3.948      3.592      3.612  > 
     <     87.000     68.625     87.625    131.600    126.833     44.175     11.917      6.479      5.482      5.107      4.015      4.000      3.913      4.130      4.080      3.698      3.677      3.552      4.108      3.452  > 
     <     88.000     78.875     96.500    135.300    136.708     48.225     14.000      6.896      5.036      5.036      3.941      4.109      4.275      4.109      3.466      4.323      4.240      3.690      3.617      3.458  > 
     <     51.000     66.375    114.438    138.100    110.208     50.650     16.444      7.812      5.732      5.393      3.647      4.453      4.000      3.609      3.307      3.667      3.896      3.698      3.892      3.353  > 
     <     74.000     77.375    106.438    154.850    131.542     43.975     12.667      6.229      5.821      4.500      4.176      3.484      4.200      4.543      4.250      4.083      3.594      3.638      3.292      3.564  > 
     <     69.000     74.625     97.250    139.800    126.167     54.275     13.611      7.021      4.536      5.000      4.897      3.984      3.575      3.663      3.455      4.094      4.115      3.931      3.992      3.446  > 
     <     52.000     68.250     90.750    141.150    120.958     44.025     11.639      7.104      4.857      5.071      4.265      3.750      4.112      3.728      4.011      4.354      3.323      4.009      3.508      3.494  > 
     <     62.000     60.000     84.000    127.400    135.292     43.275     12.972      7.333      5.679      4.339      4.368      4.422      4.213      3.696      3.920      3.406      3.708      3.991      3.383      3.547  > 
     <     43.000     71.000     91.750    136.150    129.042     48.225     12.917      7.667      4.875      4.375      4.853      4.078      3.925      3.815      4.307      4.219      3.833      3.302      3.825      3.559  > 
     <     55.000     62.375     86.000    145.800    145.583     51.825     15.528      6.750      5.321      4.893      4.162      4.250      3.800      4.326      4.307      3.677      3.948      3.638      3.650      3.507  > 
     <     64.000     65.375     96.062    121.550    122.917     53.350     13.722      7.979      4.804      5.500      4.191      3.219      3.700      3.565      3.648      3.667      3.042      3.034      3.350      3.503  > 
     <     36.000     66.750     94.750    132.300    113.458     45.875     17.278      6.646      5.893      4.411      4.588      4.531      4.487      4.065      3.818      3.833      3.604      3.569      3.825      3.574  > 
     <     55.000     67.875     90.875    116.850    123.292     50.825     13.806      6.958      5.339      5.214      4.338      3.922      3.975      3.935      4.307      3.990      2.927      3.741      3.692      3.460  > 
     <     82.000     86.625    111.062    122.600    103.125     54.775     18.694      8.917      6.696      5.179      4.103      4.219      3.975      3.511      4.273      3.906      4.406      3.621      3.700      3.536  > 

  58
     <     11.000     15.000     12.438     15.700     15.375     21.500     22.667     21.042     20.232     17.857     15.206     13.656     13.312     12.565     10.568      9.896      9.719     10.664      8.433      3.593  > 
     <     26.000     30.375     25.812     19.500     15.958     13.250     11.750     10.812     10.768      9.500      9.912      9.766     10.225      9.576      8.841      8.542      8.688      9.293      9.408      4.178  > 
     <     14.000     11.625     14.312     14.350     18.292     21.725     22.417     19.750     17.679     18.125     14.912     15.594     12.463     11.946     10.534     10.073      9.552     11.000      9.117      3.580  > 
     <     36.000     30.250     24.812     21.550     17.375     14.250     12.917     11.854     11.125      9.500      9.044     10.156     10.300      9.304      9.023      8.896      9.104      9.672      9.292      4.092  > 
     <     37.000     31.500     18.312     16.950     13.500     11.875     10.750      9.792     10.071      9.768     10.015     10.766     11.175     11.022      9.523     10.812     10.448      9.353      8.492      4.143  > 
     <     25.000     37.125     34.500     28.600     20.458     17.075     14.333     11.562     10.232      9.536      9.324      9.906     10.075      9.826      9.170      9.438      9.708      9.052      8.758      3.952  > 
     <     26.000     28.125     27.188     24.400     22.458     19.000     15.139     12.542     12.518     10.500     10.029      9.297     10.512      9.272      8.648      8.427      9.385      9.672      8.842      3.965  > 
     <     35.000     28.250     21.812     20.350     13.625     13.200     12.500     11.312      9.536     10.946     10.279      9.781      8.662      8.609      8.443      7.771      8.719      8.457      8.950      4.125  > 
     <     18.000     12.875     13.562     12.400     12.500     16.050     17.778     22.229     22.518     20.893     18.103     14.469     13.975     12.207     11.102      9.448      9.667      7.672      5.725      3.453  > 
     <     38.000     39.500     35.750     25.150     17.958     15.975     12.083     11.646     11.661     10.500      9.191      9.750      8.350      9.543      8.409      8.104      8.229      7.888      9.325      4.128  > 
     <     48.000     29.125     21.812     21.150     15.667     13.825     13.417     11.688     11.589     11.357     10.985      9.188      9.050      9.272      7.920      8.906      8.271      8.233      8.858      4.196  > 
     <     25.000     23.250     30.938     26.950     21.208     17.575     14.778     12.042     12.786     11.464      9.735      9.094      9.488      8.174      9.182      8.958      9.250      9.466      8.883      4.065  > 
     <     30.000     32.000     32.375     27.300     23.000     17.825     15.444     12.333     12.054     10.589      9.559      9.953      9.912      9.326      8.795      8.656      8.292      9.026      8.900      3.865  > 
     <     25.000     28.000     31.375     28.150     22.458     16.875     11.972     11.979     11.732     10.982      9.044      9.672      9.575      8.576      9.693      8.958      8.646      9.172      9.417      3.993  > 
     <     34.000     28.875     18.875     18.000     15.833     11.725      9.889     10.208      9.893     10.018      9.309      8.375      9.925      8.804      8.966      8.688      8.792      9.310      8.950      4.144  > 
     <     33.000     36.500     35.125     24.400     18.542     15.800     10.972     13.125     11.339     11.089      9.088      8.891      8.713      8.772      9.352      7.885      8.604      7.457      8.725      4.152  > 
     <     26.000     20.375     26.000     26.900     22.958     19.000     15.639     14.521     12.429     12.607     10.382     11.000      8.800      9.217      8.591      7.885      9.375      9.957      9.167      3.944  > 
     <      9.000     13.375     13.875     12.600     13.167     13.575     18.722     22.583     21.946     22.089     19.412     18.094     14.363     11.967     11.830     10.167      9.552      7.509      5.092      3.535  > 
     <      8.000     11.375     12.688     13.350     12.792     14.550     16.528     20.875     24.107     23.679     18.412     15.906     14.825     11.750     10.807     11.260      9.688      7.414      5.067      3.513  > 
     <     53.000     34.500     28.625     26.700     21.083     15.725     13.139     11.458     10.643     10.625     10.000      9.609     10.000      9.424      9.455      9.562      9.260      8.905      9.425      4.107  > 
     <     38.000     33.875     32.000     30.050     21.792     16.675     14.556     12.500     11.143      9.411      9.926      9.125      8.975      9.848      9.409      8.844     10.188      9.698      9.225      4.051  > 
     <     26.000     23.375     22.750     19.950     16.042     17.650     15.139     12.917     10.089     10.250      9.838     10.125     10.238     10.413     10.307      9.427      9.052      8.586      9.317      4.096  > 
     <     60.000     46.375     40.188     33.600     21.542     15.600     12.222     11.438     10.696      9.357      8.926      8.547      8.475      7.989      9.920      9.083      9.875      8.793      8.200      4.164  > 
     <     22.000     26.250     29.750     27.850     19.667     18.925     16.750     14.062     12.143     10.161      9.397      9.062      8.762      9.457     10.034      9.927     10.094      9.655     10.183      4.022  > 
     <     45.000     28.625     22.688     17.800     13.500     11.075     11.139     10.000     10.714      9.964     10.029      9.141      9.762      9.174      8.977      8.802      7.938      8.836      9.433      4.342  > 
     <     27.000     26.875     18.688     14.600     12.292     11.725     11.389     10.208      8.714     10.786     10.574     10.516      9.863     10.848     11.000      9.792      9.156      8.983      9.358      4.287  > 
     <     20.000     11.000     12.875     12.200     17.667     20.425     21.861     22.958     19.482     18.768     16.897     14.578     12.975     11.402      9.932      9.250      9.427      9.371      7.783      3.659  > 
     <     30.000     32.625     28.125     26.150     22.458     17.000     16.500     13.083     10.982     10.232      9.529      9.328      8.750      8.902      8.807      8.458      8.219      8.612      8.200      4.006  > 
     <     24.000     36.000     31.312     26.400     20.333     16.675     12.639     13.333     10.054     10.625      9.485      9.266      8.213      7.674      8.477      8.354      9.323      8.181      8.942      4.049  > 
     <     48.000     42.625     32.875     25.350     17.875     16.150     13.083     12.396     11.143      8.839      9.176      9.172      8.338      8.185      7.784      7.531      7.094      7.603      8.675      4.023  > 
     <     35.000     38.750     29.625     23.000     20.583     15.600     16.333     11.979     10.821      9.125     10.235      8.812      9.287      8.587      8.602      8.688      7.552      7.621      8.100      3.969  > 
     <     33.000     24.750     20.750     15.700     12.917     11.125     10.472     10.042      8.911     10.161      8.794      8.766     10.162      9.293      9.170      9.552      8.646      8.009      8.083      4.098  > 
     <     12.000     13.750     10.625     13.200     13.542     15.050     17.444     20.417     20.196     19.054     17.853     16.453     14.425     12.554     11.045     10.354      9.750      7.879      5.458      3.548  > 
     <     13.000     14.125     13.000     16.000     19.375     21.025     19.583     20.812     19.357     18.304     15.794     13.578     13.450     12.424     11.102      9.583      9.292      8.716      8.167      3.680  > 
     <     33.000     28.625     21.500     15.450     12.250     12.875     12.861     13.375     10.589     10.054     10.044      9.250     10.637      9.174      8.807      8.719      8.875      8.638      8.550      4.268  > 
     <     50.000     45.500     35.812     24.900     20.042     16.300     13.639     11.354      9.839      9.589     10.162      9.125      8.750      8.707      7.727      8.240      8.604      9.121      8.233      4.118  > 
     <     35.000     22.500     24.875     23.400     21.167     19.575     17.083     14.438     12.821     11.589      9.853     10.375      8.775      8.250      9.795      9.510      9.156     10.129      9.033      3.904  > 
     <     17.000     16.250     15.625     15.700     19.917     22.900     21.111     19.604     16.821     16.679     14.132     14.594     13.575     11.163     11.034      9.083      9.031      9.362      7.992      3.593  > 
     <     15.000     11.000     12.250     14.750     13.500     15.625     21.139     22.000     19.286     18.929     17.191     16.016     13.412     12.337     10.705     10.740      9.333      7.784      6.300      3.575  > 
     <      7.000     11.875     11.750     12.250     14.333     15.950     18.361     21.000     22.018     22.161     19.515     18.188     14.750     10.750     12.011     12.104      9.156      6.483      5.142      3.514  > 
     <      4.000     10.625     11.188     12.200     13.750     13.325     18.944     22.354     21.286     18.607     17.544     16.531     13.713     13.076     11.932     12.042      9.729      6.940      5.625      3.661  > 
     <     36.000     30.000     19.312     16.450     11.833     10.850     11.750     11.625     11.054     10.036      8.853      9.531      8.438      7.978      8.000      8.271      8.719      9.198      9.408      4.375  > 
     <     16.000     11.500     11.000     15.000     14.333     17.700     21.000     20.458     20.304     18.857     16.088     15.609     12.625     12.359     10.580     10.177      9.750      7.690      6.308      3.437  > 
     <     25.000     25.375     21.500     17.000     11.833     11.375     11.111     10.000      8.536      9.304      9.191      8.203      9.425      8.141      8.489      8.229      8.208      8.250      8.717      4.200  > 
     <     10.000     11.125     12.062     13.050     16.167     14.875     18.194     22.021     22.036     19.911     18.279     17.375     13.988     11.924     11.216     10.771      9.896      7.284      6.192      3.507  > 
     <     29.000     24.125     26.375     27.950     23.250     17.250     15.222     14.833     13.143     11.839      9.632      9.078      8.725      8.467      9.409      8.948      8.896      8.836      8.142      3.896  > 
     <     26.000     32.125     27.188     25.200     23.125     17.475     13.778     10.938      9.679     10.821      9.632      9.281      7.625      9.239      8.182      8.365      8.885      9.517      8.800      3.957  > 
     <     31.000     25.750     30.312     25.300     21.042     18.300     12.972     10.708     11.107      9.786      9.662      8.656      8.662      8.391      8.545      8.302      9.698      8.784      8.817      3.998  > 
     <     23.000     24.125     27.062     24.000     23.167     16.725     16.444     13.583     13.393     10.161      9.853      9.078      9.488      8.250      8.170      9.312      8.333      8.405      7.700      3.977  > 
     <     25.000     35.375     33.250     29.600     18.792     16.075     12.889     11.188      9.214      9.518      9.765      8.672      7.125      8.685      8.989      9.010      7.604      7.853      7.717      4.124  > 
     <     22.000     26.750     24.812     25.200     23.917     16.975     18.028     14.562     11.446     10.625     10.382      9.562      9.000      8.391      8.693      8.385      8.885      8.233      8.442      3.974  > 
     <     21.000     11.500     13.875     13.650     14.000     18.900     21.611     20.958     19.536     19.750     17.559     14.766     13.387     11.348     10.159     10.542      9.844      8.759      6.458      3.589  > 
     <     11.000     14.500     11.812     13.500     15.542     18.525     19.750     19.875     18.893     18.482     16.176     12.906     12.787     12.239     10.318      9.562      9.625      9.224      8.208      3.576  > 
     <     32.000     32.000     22.875     16.950     15.292     11.250     10.444     11.000      9.411      8.786      8.676      9.391     10.325      8.391      7.943      8.375      8.875      9.241      8.708      4.134  > 
     <     17.000     13.500     12.875     14.700     14.750     21.075     23.083     20.583     18.107     15.482     14.721     15.234     12.338     10.739     10.205      9.062      9.323      9.259      7.417      3.708  > 
     <     17.000     13.750     12.438     14.150     17.000     20.650     21.750     20.562     18.696     17.179     15.338     14.766     13.238     11.370     10.659      9.302      9.146      9.147      8.358      3.669  > 
     <     35.000     28.625     20.562     15.850     14.708     16.725     13.417     12.021     13.268     10.875      9.647     10.094      8.725      9.272      8.716      8.302      8.083      7.483      8.567      4.199  > 
     <     36.000     23.750     18.688     15.350     15.042     12.300     10.528      9.729     10.625      9.589      9.912      8.766      9.562     10.022     10.284      9.344      8.885      9.276      9.025      4.236  > 

  31
     <     24.000     18.250     14.688     15.850     16.333     17.725     19.889     27.271     38.464     38.607     30.853     22.297     12.775      7.533      4.977      5.229      4.292      3.526      3.833      3.561  > 
     <     11.000     13.375     15.938     15.500     17.500     18.725     23.583     29.521     38.518     36.161     28.985     20.500     14.412      8.326      5.091      3.823      3.948      3.422      3.883      3.429  > 
     <     14.000     12.875     15.625     17.400     17.125     19.175     22.111     27.583     35.357     37.893     31.853     21.484     14.012      8.533      5.580      4.719      4.250      3.353      4.008      3.623  > 
     <     23.000     13.125     16.375     16.800     17.958     20.150     25.917     34.062     35.393     34.161     24.221     18.859     16.188     10.293      5.648      4.479      3.677      4.147      4.192      3.497  > 
     <     12.000     18.000     14.750     16.400     18.250     20.600     22.111     29.812     37.393     36.339     28.779     22.109     14.537      8.359      5.000      4.667      3.406      4.034      3.650      3.520  > 
     <     16.000     15.875     17.688     16.600     17.500     19.575     22.000     30.188     36.893     36.518     27.985     21.797     13.050      8.207      5.170      4.958      3.948      4.060      3.333      3.471  > 
     <     14.000     14.625     14.250     15.450     15.708     19.250     21.000     27.875     39.339     38.643     31.132     22.266     13.137      6.663      4.761      4.417      4.458      3.871      3.983      3.555  > 
     <     17.000     13.500     15.938     15.450     17.542     19.750     22.222     26.708     34.893     40.321     34.779     23.781     13.363      7.109      4.989      4.104      3.802      3.991      3.592      3.502  > 
     <     11.000     22.750     17.125     13.750     14.500     18.250     22.222     31.979     35.571     36.911     31.529     22.516     14.775      9.913      5.216      4.104      4.771      4.164      3.883      3.570  > 
     <     19.000     14.375     16.125     15.150     14.875     17.375     21.028     32.250     37.518     33.964     29.088     24.203     16.587      8.554      5.636      4.448      4.302      3.698      3.492      3.504  > 
     <     25.000     15.125     14.562     16.150     16.458     19.300     19.278     23.667     36.071     40.500     35.647     23.188     12.975      6.152      4.693      3.615      4.177      4.629      3.725      3.603  > 
     <     11.000     14.875     14.062     14.500     13.542     17.925     19.417     25.729     36.875     40.661     35.985     25.328     13.300      6.283      4.500      4.510      3.917      3.862      3.908      3.532  > 
     <     13.000     19.125     12.938     14.800     13.917     18.200     22.861     29.542     38.429     33.607     29.485     24.000     15.025      7.815      4.977      4.719      3.917      3.190      3.892      3.419  > 
     <     11.000     13.625     16.188     16.150     17.083     18.775     25.056     35.271     38.304     31.446     25.824     20.375     15.400     10.337      5.761      4.771      3.729      4.172      3.725      3.389  > 
     <     13.000     11.500     15.625     16.350     17.708     19.825     27.917     37.958     36.250     30.786     21.353     19.469     16.975     10.141      6.375      4.760      3.875      3.759      3.800      3.430  > 
     <     14.000     11.375     14.312     15.450     18.667     19.425     23.944     34.562     39.875     30.696     25.059     19.406     14.975      9.348      5.602      4.562      4.271      3.621      3.792      3.344  > 
     <      7.000     14.750     14.062     15.650     17.458     19.850     24.306     33.083     40.143     33.446     27.559     20.797     14.275      9.098      5.000      4.479      4.240      3.310      4.183      3.502  > 
     <     14.000     17.750     15.500     17.150     16.208     20.250     23.611     33.896     42.375     36.196     27.044     19.578     14.238      8.935      5.227      4.646      4.146      3.500      4.008      3.591  > 
     <      8.000     12.625     12.500     16.300     16.542     21.025     22.694     31.208     39.125     35.893     28.206     21.562     13.787      8.380      4.693      4.625      3.906      3.707      4.025      3.416  > 
     <     11.000     13.500     16.812     18.450     17.958     21.975     28.389     33.021     34.036     29.964     25.706     20.859     15.088     10.489      5.602      4.823      3.812      4.138      3.558      3.429  > 
     <     48.000     32.875     22.375     16.950     13.792     12.775     12.222     12.896     13.589     12.482     12.912     11.172     13.825     12.130     12.659     12.365     10.031     11.328     11.175      3.706  > 
     <     12.000     14.625     17.000     16.050     18.250     23.375     28.639     34.375     37.393     29.804     23.250     18.734     15.662     10.163      6.227      5.031      4.510      3.517      4.183      3.620  > 
     <     11.000     10.875     14.125     14.100     17.000     21.150     24.333     32.604     35.625     31.893     24.088     20.953     14.938      9.446      5.375      4.531      3.948      4.259      4.142      3.643  > 
     <      7.000     14.000     15.312     17.750     17.000     21.125     24.611     33.146     37.411     32.500     28.853     21.375     15.312      8.141      5.648      4.698      4.490      4.112      4.008      3.600  > 
     <      8.000     14.250     16.312     16.350     17.917     18.825     24.500     33.125     41.500     34.464     27.000     22.500     15.200      9.511      5.875      4.375      4.052      3.767      4.375      3.474  > 
     <     14.000     10.625     13.438     18.600     17.333     18.650     20.083     26.354     39.089     42.018     33.162     23.125     13.725      5.913      4.693      4.219      3.760      4.267      4.283      3.428  > 
     <     19.000     12.250     13.750     16.800     17.083     16.725     20.528     29.917     39.607     37.125     29.382     21.141     13.812      7.924      4.375      4.177      3.667      4.147      3.125      3.565  > 
     <     11.000     15.625     17.438     15.900     16.750     19.150     22.417     27.021     38.304     34.571     27.088     21.688     13.137      7.054      5.614      4.875      4.990      4.060      3.700      3.584  > 
     <     18.000     17.250     13.875     15.400     15.292     19.800     21.000     24.812     35.411     39.536     33.279     22.359     12.750      6.717      4.818      4.219      4.802      3.957      3.867      3.477  > 
     <     18.000     16.875     16.188     15.900     16.083     19.400     22.250     26.021     38.375     36.839     30.088     21.953     13.113      8.011      5.011      4.771      4.594      3.500      3.825      3.482  > 
     <     21.000     16.125     13.312     15.450     17.875     20.075     21.944     31.375     37.839     36.786     30.647     21.719     13.662      7.663      4.898      4.438      3.740      3.991      3.925      3.516  > 

  30
     <     25.000     22.000     24.938     28.150     33.792     47.025     69.333     55.854     23.982      8.946      5.691      4.516      3.938      3.804      4.568      3.375      3.875      3.767      3.533      3.480  > 
     <     26.000     23.750     24.750     29.850     34.208     51.375     64.917     51.146     27.214     11.071      5.941      5.266      4.750      3.935      3.864      3.417      4.083      3.422      3.683      3.480  > 
     <     23.000     24.625     22.375     28.200     36.167     42.650     65.333     58.646     25.607      9.964      6.676      4.625      4.025      4.207      3.750      3.354      3.823      3.836      3.450      3.615  > 
     <     28.000     26.625     25.938     25.300     32.375     49.975     69.583     56.667     25.286      9.179      5.191      4.406      4.300      4.261      4.330      4.083      4.073      3.698      3.592      3.573  > 
     <     27.000     26.375     27.062     27.050     32.542     47.800     70.944     53.354     27.732     12.500      6.206      5.000      4.100      4.076      3.966      4.448      4.042      3.509      3.933      3.569  > 
     <     31.000     25.750     23.438     28.300     34.500     51.075     66.917     60.792     30.071     10.732      5.941      5.344      4.600      4.054      4.170      3.802      4.188      3.534      3.858      3.437  > 
     <     30.000     27.750     24.875     28.250     36.458     50.350     67.500     56.021     28.589     12.179      6.191      5.062      4.287      4.489      4.898      4.094      3.594      3.336      3.208      3.543  > 
     <     24.000     22.875     23.562     27.400     33.458     46.350     77.056     65.250     28.946      9.750      5.618      5.062      3.487      3.772      3.761      3.802      3.885      3.905      3.533      3.474  > 
     <     29.000     26.500     22.562     30.950     36.917     54.200     68.056     54.271     29.411     12.714      6.618      5.469      3.950      4.054      3.534      3.583      3.198      3.207      4.175      3.556  > 
     <     29.000     25.875     27.750     26.350     31.833     50.950     70.833     58.417     29.571     10.714      6.029      5.703      4.250      4.163      3.886      3.385      3.938      3.422      3.850      3.481  > 
     <     31.000     25.875     24.812     28.500     38.750     53.475     69.083     53.562     28.732     11.696      6.250      4.938      4.188      4.174      3.523      4.062      4.146      3.405      3.692      3.451  > 
     <     35.000     27.125     24.750     27.800     37.792     53.400     75.250     55.625     27.857     10.643      5.912      4.672      4.550      4.924      3.295      3.885      3.823      4.026      3.858      3.436  > 
     <     25.000     25.125     27.375     28.650     37.042     56.700     65.750     42.562     24.589     14.196      6.691      4.969      4.550      4.837      4.148      3.583      4.344      3.534      3.667      3.533  > 
     <     28.000     26.125     26.250     30.200     38.250     53.825     65.861     50.896     29.268     13.429      6.485      4.578      4.300      4.239      3.523      3.583      4.177      3.595      3.642      3.514  > 
     <     31.000     22.875     22.875     26.600     33.875     45.250     66.028     58.958     25.857      8.982      5.382      5.578      4.525      4.674      4.159      3.865      4.427      3.957      3.558      3.666  > 
     <     26.000     27.875     24.688     27.950     29.667     43.475     67.750     57.000     24.482      9.250      4.794      5.188      4.675      4.000      4.716      3.323      3.667      3.862      3.217      3.508  > 
     <     27.000     26.625     26.750     28.250     33.458     49.150     61.194     51.354     26.446     11.821      6.103      5.547      4.600      3.609      3.920      4.260      4.031      3.767      3.400      3.487  > 
     <     19.000     25.625     23.438     24.850     29.667     45.075     67.194     61.354     25.482      9.625      5.059      4.984      4.625      4.587      4.511      3.417      3.875      3.931      3.975      3.579  > 
     <     23.000     25.375     25.688     31.650     37.292     55.150     65.250     47.354     25.750     12.054      6.735      4.984      4.438      4.543      4.136      3.354      4.042      3.664      3.717      3.438  > 
     <     25.000     26.125     26.250     30.900     37.083     53.175     56.333     42.771     24.786     12.875      6.971      5.203      4.375      4.739      3.966      4.396      4.167      3.733      3.900      3.476  > 
     <     31.000     27.750     25.125     26.450     32.208     44.825     64.944     54.354     23.411      7.964      5.809      5.406      4.312      3.870      4.125      4.167      4.208      3.802      3.825      3.619  > 
     <     19.000     25.125     22.938     30.750     38.500     53.900     59.333     48.458     28.036     11.429      6.500      4.641      4.225      4.228      4.352      3.302      3.615      3.603      3.792      3.454  > 
     <     29.000     22.250     23.375     27.400     32.125     50.725     72.528     57.333     24.982      8.839      6.338      4.219      4.237      3.859      4.000      4.031      3.854      4.060      3.767      3.648  > 
     <     26.000     25.250     25.562     28.050     33.458     49.600     67.111     55.521     25.089     10.661      6.603      4.625      4.338      3.522      4.068      3.979      4.073      3.595      3.842      3.484  > 
     <     37.000     26.250     26.000     28.300     34.958     50.900     61.778     55.208     27.018      9.911      6.221      5.125      4.650      4.359      3.773      3.823      3.594      3.250      3.542      3.431  > 
     <     24.000     24.250     23.500     27.550     33.542     58.300     74.139     49.104     27.268     12.161      6.147      5.250      4.088      3.837      3.239      3.750      4.448      3.569      3.192      3.631  > 
     <     19.000     25.750     24.938     30.150     39.542     52.875     66.583     50.354     26.875     11.661      6.706      4.906      3.850      4.848      4.330      4.417      4.479      3.603      4.025      3.607  > 
     <     27.000     25.875     25.000     28.600     34.917     48.150     73.528     60.854     26.696      9.804      7.044      5.484      4.525      4.424      4.159      4.146      4.052      3.776      3.833      3.560  > 
     <     33.000     24.250     25.125     29.150     37.417     53.600     66.500     46.479     25.107     11.804      6.691      4.578      4.050      4.087      3.205      4.250      3.948      4.138      3.983      3.546  > 
     <     35.000     24.375     26.375     27.400     34.750     53.950     61.056     44.688     27.357     14.393      6.544      5.859      4.112      3.739      4.330      4.073      3.917      4.034      3.917      3.505  > 

  30
     <     59.000     56.500     83.438    124.600    138.125     64.550     16.056      7.542      5.732      4.929      4.353      3.625      3.913      3.707      4.000      3.583      3.885      3.621      3.350      3.634  > 
     <     58.000     61.500     85.125    135.400    130.125     60.100     17.556      7.062      6.000      4.750      4.574      4.031      4.125      4.000      3.659      3.917      3.094      4.086      4.258      3.446  > 
     <     67.000     62.750     88.250    115.800    117.042     61.725     19.528      7.583      5.679      5.018      4.618      4.594      4.513      3.870      4.159      3.927      3.417      4.000      3.625      3.573  > 
     <     65.000     57.375     74.188    116.050    149.917     62.900     18.639      9.417      5.714      3.714      4.985      3.969      4.388      3.880      3.898      3.948      3.302      3.569      3.517      3.525  > 
     <     64.000     71.250     92.250    127.000    134.708     57.975     19.833      8.104      6.393      6.054      5.176      4.812      4.050      4.130      4.193      3.792      4.167      4.422      3.642      3.591  > 
     <     73.000     71.875     91.750    130.650    151.833     63.875     16.056      8.104      5.607      4.804      5.412      4.812      3.913      3.761      3.989      3.167      3.792      3.759      3.142      3.492  > 
     <     73.000     68.125     90.500    130.750    146.833     62.500     17.139      8.771      5.679      5.339      4.706      4.531      4.388      4.370      3.693      4.146      3.583      3.948      4.092      3.617  > 
     <     55.000     60.750     88.188    129.500    144.125     65.350     16.528      7.604      6.000      4.946      4.868      5.359      4.250      4.011      4.136      4.021      4.062      3.733      3.117      3.462  > 
     <     50.000     56.125     82.375    123.650    150.208     60.700     18.028      6.688      5.661      4.643      4.500      4.000      3.788      2.946      3.670      2.833      4.573      3.802      3.617      3.505  > 
     <     50.000     55.500     79.875    129.050    149.833     60.575     16.528      7.812      6.518      5.375      5.015      4.578      3.712      3.783      3.068      4.104      3.865      3.612      3.575      3.531  > 
     <     56.000     57.125     85.938    126.000    139.125     62.375     16.778      7.562      5.482      4.089      4.265      4.000      4.138      4.304      3.852      3.958      4.021      3.638      3.650      3.525  > 
     <     55.000     58.375     80.125    124.000    144.542     59.950     15.694      7.854      6.429      4.946      4.441      4.906      4.588      3.902      4.273      4.562      4.177      3.595      3.783      3.551  > 
     <     56.000     61.375     81.938    127.700    145.250     56.150     18.694      7.771      5.946      4.589      4.794      4.000      4.438      4.457      3.352      3.323      4.312      4.095      4.050      3.544  > 
     <     63.000     63.375     93.688    147.800    124.750     57.800     22.167      8.688      5.018      4.500      3.456      4.250      3.950      4.163      3.852      2.885      3.573      3.534      3.800      3.452  > 
     <     52.000     55.375     78.000    117.850    139.750     58.275     15.722      7.896      5.304      5.000      4.765      4.344      4.025      4.174      4.318      4.292      4.000      4.224      3.500      3.565  > 
     <     62.000     68.625     90.500    134.750    122.458     55.050     22.361      8.479      5.732      5.661      3.971      4.828      4.338      4.533      3.739      3.948      4.250      3.888      3.692      3.720  > 
     <     61.000     62.250     83.312    139.350    148.250     57.250     17.639      9.958      5.929      4.411      3.544      3.734      4.250      3.424      4.034      3.583      3.969      3.595      3.700      3.492  > 
     <     50.000     53.875     78.875    118.150    153.500     67.400     16.222      7.729      5.911      4.964      4.118      4.406      4.575      3.859      3.489      4.479      3.406      3.353      3.667      3.506  > 
     <     70.000     59.750     73.812    112.900    131.667     57.375     17.056      7.812      6.036      4.768      4.029      4.203      4.338      4.326      4.375      3.812      4.115      3.974      3.683      3.577  > 
     <     62.000     61.875     83.562    133.300    143.167     66.150     20.611      8.521      5.625      5.375      4.809      3.609      4.362      3.946      4.227      4.115      3.698      4.586      3.717      3.517  > 
     <     55.000     55.500     82.375    128.100    156.708     64.125     19.111      9.104      6.857      4.821      5.294      4.156      4.013      4.272      3.761      4.021      3.708      3.483      3.725      3.526  > 
     <     55.000     62.500     81.625    119.000    139.750     59.500     19.528      7.854      5.571      5.071      5.015      3.562      3.850      3.652      3.898      3.646      4.375      3.379      3.983      3.615  > 
     <     52.000     53.750     71.312    130.350    129.542     54.725     18.833      8.458      6.411      5.054      5.000      4.469      3.900      4.533      3.398      3.958      3.604      3.836      3.317      3.549  > 
     <     61.000     64.375     88.125    130.950    126.833     58.525     20.611      9.167      6.000      4.964      4.162      5.000      4.737      3.467      3.761      3.656      4.448      4.017      4.008      3.587  > 
     <     52.000     64.250     90.250    129.300    126.667     71.000     19.500      7.479      5.482      4.679      4.559      3.797      3.688      3.370      4.159      3.781      3.833      3.741      3.500      3.407  > 
     <     54.000     66.375     81.875    120.750    127.208     69.475     21.833      7.146      6.179      5.357      4.368      4.484      4.213      3.891      3.727      3.208      3.594      3.483      3.983      3.432  > 
     <     62.000     54.500     74.688    114.550    134.042     62.775     16.889      8.292      5.661      5.018      5.618      4.188      3.487      3.815      3.818      3.302      4.208      3.448      3.875      3.567  > 
     <     56.000     58.875     80.938    126.200    111.333     52.125     19.222      8.042      6.482      5.411      4.191      4.406      3.975      3.880      4.239      3.781      3.312      3.707      3.633      3.598  > 
     <     55.000     61.875     72.125    119.950    144.750     57.775     14.583      8.125      5.339      4.446      3.971      4.562      3.850      4.554      3.864      3.500      3.281      3.612      3.533      3.487  > 
     <     48.000     61.250     87.938    131.500    119.167     51.300     22.694      9.917      5.804      5.196      4.221      4.266      3.925      3.685      4.125      3.562      3.240      3.319      3.358      3.486  > 

  0

  0

  12
     <     36.000     34.875     29.812     15.750     10.958     10.600      9.028      8.333      6.411      7.018      7.044      5.891      6.000      6.141      6.273      6.510      6.385      4.862      5.558      3.587  > 
     <     35.000     35.500     23.562     17.550     12.417     11.450      9.194      8.021      7.143      6.857      6.294      5.844      5.775      6.457      5.977      6.542      6.906      5.457      5.550      3.488  > 
     <     22.000     29.500     32.125     18.650     14.333     10.900      7.944      7.458      7.107      6.607      6.838      7.125      6.388      6.641      6.500      6.323      5.604      4.871      4.842      3.456  > 
     <     30.000     32.375     24.250     19.100     15.125     11.350      9.194      8.188      7.339      5.982      6.309      6.859      5.750      6.587      6.648      6.052      5.083      5.000      5.792      3.530  > 
     <     69.000     36.250     21.938     14.850     12.000     10.775      7.778      7.646      6.804      5.893      7.191      6.641      6.450      5.989      6.114      5.854      5.708      6.052      4.642      3.448  > 
     <     30.000     35.250     26.312     15.700     12.333     11.500      9.500      7.229      6.625      6.929      6.059      7.031      7.312      5.989      5.784      5.750      5.448      5.241      5.408      3.525  > 
     <     25.000     29.250     22.812     15.300     11.833      9.500     10.389      8.042      6.464      6.036      6.206      6.562      5.938      6.728      5.500      6.094      5.667      5.595      5.792      3.462  > 
     <     33.000     38.625     23.125     15.650     10.750      9.100      8.694      7.958      7.643      7.304      6.721      6.609      7.175      6.391      5.795      6.021      5.615      5.836      5.358      3.513  > 
     <     33.000     26.625     20.562     17.450     13.583     10.225      8.222      7.583      6.339      6.321      6.471      5.984      5.500      6.304      5.648      5.833      5.302      5.819      5.075      3.642  > 
     <     27.000     29.000     22.062     15.650     11.542     10.150      8.444      6.646      6.268      7.518      6.250      5.609      5.812      6.315      4.636      5.094      4.979      5.388      4.550      3.497  > 
     <     51.000     33.250     23.938     14.050      9.208      8.825      7.500      7.708      6.839      6.304      6.382      6.141      6.188      5.728      6.011      5.490      5.260      5.750      5.300      3.439  > 
     <     32.000     33.500     24.062     15.250     13.667     10.175      7.917      6.562      5.411      6.429      6.397      6.031      5.750      6.293      5.625      5.469      5.625      5.466      5.675      3.519  > 

  29
     <     28.000     26.125     22.188     20.650     15.500     13.675     11.389      9.417      7.964      6.786      6.397      5.453      5.713      5.511      5.216      4.542      3.531      3.802      3.258      3.467  > 
     <     26.000     30.750     27.688     22.450     16.625     13.725     10.556      9.229      8.268      7.054      6.985      5.922      6.800      5.707      4.989      4.115      3.448      3.448      3.983      3.382  > 
     <     19.000     22.625     26.188     22.350     17.167     13.675     11.889      9.542      8.911      8.500      6.897      6.438      6.475      6.283      4.568      4.312      4.417      3.784      3.350      3.472  > 
     <     16.000     22.625     27.375     21.650     18.292     16.025     11.028      9.854      8.643      8.089      6.324      6.797      6.725      5.728      4.511      3.073      3.354      3.586      3.633      3.401  > 
     <     26.000     33.625     24.188     17.650     14.292     12.250      9.861      9.333      8.339      7.250      6.426      6.188      5.838      5.783      5.602      4.667      4.052      3.517      3.725      3.477  > 
     <     37.000     33.875     25.688     20.500     13.000     11.000     10.167      8.667      8.268      7.893      7.118      7.312      7.275      6.141      5.466      4.094      3.344      3.698      3.683      3.406  > 
     <     34.000     33.500     24.875     18.700     15.292     13.700     11.194      8.750      7.821      6.875      6.206      6.531      6.325      5.685      4.523      4.250      3.750      3.672      3.975      3.536  > 
     <     52.000     37.875     25.688     17.900     15.083     13.475      9.972      9.312      8.661      7.143      6.500      6.672      6.025      6.033      6.114      4.458      4.115      3.302      3.775      3.501  > 
     <     30.000     28.625     25.375     18.100     14.083     13.675      9.639      8.896      8.821      7.196      7.853      6.984      6.725      6.283      4.989      4.260      3.927      3.672      3.550      3.415  > 
     <     25.000     24.875     23.062     16.650     14.583     12.750     10.556      8.667      7.357      7.786      6.426      7.531      6.250      5.674      4.409      3.833      3.854      4.043      2.942      3.493  > 
     <     25.000     23.500     22.750     19.000     15.583     12.675      9.750      9.438      7.500      6.929      6.632      6.203      5.775      5.565      5.068      4.229      3.500      3.793      3.325      3.313  > 
     <     32.000     34.375     26.125     17.800     14.125     12.625     11.306      9.979      8.071      7.679      7.971      6.375      6.787      6.576      4.977      4.115      3.198      3.957      3.767      3.447  > 
     <     38.000     33.500     26.000     16.300     13.958     11.425      9.417      6.979      7.196      7.464      6.926      5.875      6.600      6.380      5.193      4.229      3.562      3.491      3.458      3.445  > 
     <     36.000     28.000     22.188     17.000     13.750      9.500      9.167      8.167      8.107      6.929      6.471      6.172      5.875      5.337      5.307      5.333      5.656      4.405      3.542      3.487  > 
     <     13.000     28.000     27.750     22.550     17.750     13.975     11.528      9.583      8.554      8.179      6.412      6.156      6.650      6.185      4.705      4.896      3.448      3.284      3.950      3.419  > 
     <     42.000     35.000     22.500     19.600     12.708     11.525     10.500      8.500      8.732      6.839      6.176      6.344      6.325      5.533      5.761      4.302      3.646      2.940      3.300      3.491  > 
     <     30.000     25.250     24.625     20.150     13.333     13.250     10.361      8.583      8.554      8.286      6.309      6.141      6.388      6.304      5.250      4.667      3.917      3.690      3.242      3.428  > 
     <     27.000     26.375     26.562     19.850     14.958     13.150      9.722      9.396      8.429      6.464      6.441      6.531      6.188      5.533      4.830      4.490      4.052      3.621      3.667      3.524  > 
     <     13.000     23.375     25.438     21.550     16.833     14.175     10.778      9.646      7.804      6.500      6.221      6.875      5.800      4.728      4.761      4.094      3.406      3.319      3.242      3.347  > 
     <     17.000     24.000     21.812     19.450     17.958     14.950     11.028     10.062      7.643      6.286      6.309      6.469      6.013      6.087      5.239      4.885      3.948      3.371      3.508      3.479  > 
     <     32.000     27.000     22.188     16.250     14.708     10.750     10.389      9.667      8.071      7.982      6.676      6.125      6.112      5.739      5.523      5.240      4.344      3.397      4.000      3.454  > 
     <     23.000     27.000     22.375     15.900     15.458     12.475     10.083      9.312      8.036      6.750      6.368      6.422      6.000      6.250      5.739      4.781      4.427      3.629      3.892      3.546  > 
     <     43.000     30.875     26.562     20.600     14.042     12.150     10.722      9.333      7.571      7.821      6.985      6.625      7.075      6.207      3.557      3.969      3.500      3.405      3.267      3.481  > 
     <     46.000     33.750     21.812     16.400     12.708     11.775     11.222      8.667      7.929      6.911      7.235      6.234      6.838      6.804      6.114      4.802      4.333      3.586      3.650      3.476  > 
     <     12.000     26.875     24.188     18.850     16.542     13.475     11.389      9.771      8.250      6.893      6.588      6.281      5.312      6.250      5.102      3.885      3.875      3.948      3.192      3.355  > 
     <     23.000     27.250     22.938     18.850     14.667     11.525     11.389      9.708      8.161      6.821      7.088      6.203      6.188      5.370      5.136      4.594      4.510      3.612      3.808      3.412  > 
     <     37.000     29.250     25.250     15.500     14.917     11.200      9.000      8.354      8.286      7.464      7.118      7.391      6.263      6.141      4.659      3.792      3.854      4.103      3.433      3.313  > 
     <     17.000     32.625     21.688     18.050     13.625     11.500      9.250      7.500      8.839      6.982      6.941      7.172      6.525      6.152      5.818      4.646      4.219      3.836      3.283      3.517  > 
     <     34.000     27.875     21.062     17.750     12.667     11.775     10.472      8.667      7.589      8.214      7.044      7.281      7.700      6.011      4.955      4.125      3.500      3.698      3.225      3.443  > 

  30
     <     38.000     42.875     54.688     80.050     80.833     50.875     28.722     16.188      8.446      5.018      4.000      3.391      3.500      3.924      3.920      3.479      3.083      3.776      3.358      3.421  > 
     <     33.000     33.250     45.625     67.600     87.125     60.750     32.750     15.375      7.143      5.393      4.132      3.781      4.062      4.207      3.670      3.417      4.021      3.431      3.492      3.474  > 
     <     43.000     44.625     66.312     79.900     73.375     48.775     28.861     15.958      8.125      5.357      4.971      3.828      4.075      4.163      3.830      3.625      3.594      2.948      3.467      3.510  > 
     <     32.000     40.000     49.750     68.600     70.042     50.325     32.861     15.729      7.268      5.357      4.456      4.047      4.125      4.315      3.682      3.781      3.927      3.750      3.833      3.603  > 
     <     44.000     63.875     82.750     84.450     62.583     46.025     28.778     17.292     12.357      6.571      4.118      4.625      4.475      3.837      4.648      3.896      3.865      4.353      3.108      3.570  > 
     <     60.000     58.375     82.062    102.100     85.958     47.200     23.972     19.479     10.036      5.554      4.574      5.203      3.100      3.489      4.102      3.521      3.771      3.362      3.833      3.482  > 
     <     46.000     50.625     76.312     99.000     70.500     41.450     21.278     15.000      8.857      5.500      4.191      3.984      4.675      4.054      3.420      3.469      3.729      3.500      3.400      3.488  > 
     <     42.000     44.500     69.062     87.100     71.125     45.500     26.278     14.562      8.018      4.679      4.838      3.797      3.788      3.772      4.034      3.344      3.635      3.578      3.650      3.470  > 
     <     52.000     55.750     67.250     82.100     75.958     49.450     26.694     15.292      8.357      5.250      4.176      4.266      4.525      4.109      3.807      3.875      3.490      3.052      3.317      3.481  > 
     <     39.000     62.375     75.812     83.700     77.625     48.650     24.306     17.312      9.964      5.036      4.882      4.141      4.575      4.315      3.830      3.865      3.573      3.405      3.525      3.548  > 
     <     46.000     54.000     71.125     88.750     96.708     52.075     23.833     17.188      8.786      5.196      4.824      3.734      4.162      3.630      4.227      2.979      3.906      3.345      3.708      3.526  > 
     <     55.000     60.250     79.812     99.800     87.917     51.700     25.194     17.479      9.429      5.768      5.059      4.312      3.775      3.435      3.841      3.615      3.521      3.336      4.083      3.469  > 
     <     36.000     47.750     53.750     69.000     69.500     50.475     27.111     13.562      6.964      4.911      5.132      4.203      3.550      3.717      3.807      3.875      3.458      3.319      4.008      3.502  > 
     <     44.000     45.625     54.625     60.300     62.333     54.475     31.972     13.875      5.982      5.232      4.015      4.188      4.500      4.033      3.739      4.115      3.448      3.767      3.558      3.546  > 
     <     47.000     53.750     63.562     78.750     83.917     43.425     23.111     16.500      8.714      5.018      4.559      4.125      4.325      3.848      3.864      3.865      3.260      4.198      3.683      3.393  > 
     <     50.000     46.250     63.750     86.700     72.333     50.200     25.889     15.146      6.321      5.179      4.441      3.844      3.837      4.043      4.295      3.552      3.583      3.155      3.533      3.479  > 
     <     42.000     48.125     66.750     82.100     67.500     43.525     23.056     15.625      8.411      5.625      4.044      3.984      3.650      4.217      3.807      4.333      3.042      3.879      3.292      3.487  > 
     <     34.000     51.500     70.938     82.250     68.542     44.425     22.833     16.750      8.679      5.482      4.162      3.672      3.975      3.587      4.250      3.729      3.583      4.052      3.358      3.419  > 
     <     46.000     42.125     51.750     60.950     78.125     57.250     30.167     13.958      7.429      4.839      4.147      3.734      4.350      3.717      3.977      3.531      2.958      3.483      3.592      3.478  > 
     <     70.000     65.625     78.375     93.300     74.583     46.525     25.333     16.542      9.125      5.821      5.162      3.719      4.000      3.728      3.705      3.833      3.750      3.216      3.650      3.588  > 
     <     58.000     54.000     66.562     75.750     67.125     47.600     28.139     16.833      8.714      5.054      4.265      3.984      4.537      3.576      4.420      3.906      3.167      2.983      3.583      3.379  > 
     <     32.000     41.750     57.188     74.300     76.458     56.750     31.528     14.271      6.375      5.500      3.912      4.094      3.888      4.217      3.511      3.750      3.344      3.224      4.083      3.499  > 
     <     26.000     47.125     62.812     84.300     87.208     56.600     29.528     13.729      6.839      4.911      4.926      5.094      3.438      3.489      3.477      3.656      3.927      3.526      3.883      3.605  > 
     <     35.000     53.125     70.312     71.950     69.083     56.775     32.889     12.958      6.821      4.821      4.015      4.531      4.162      3.783      3.580      3.792      3.250      3.543      3.408      3.612  > 
     <     65.000     54.125     71.500     83.250     54.875     44.950     27.278     17.417      7.893      5.125      4.515      4.031      4.162      3.696      3.773      3.500      3.104      3.569      3.683      3.487  > 
     <     46.000     46.750     58.312     74.150     74.667     51.350     28.889     13.708      6.732      4.625      4.250      3.562      4.037      3.848      4.080      3.365      3.229      3.353      3.517      3.542  > 
     <     64.000     80.250     83.312     74.650     52.917     42.025     30.583     17.771      8.250      4.964      3.750      3.875      4.350      3.935      3.648      3.719      3.500      3.302      3.150      3.419  > 
     <     37.000     43.875     58.312     73.800     68.625     50.450     28.139     14.729      6.768      5.125      4.235      3.812      4.250      3.913      4.352      3.854      3.802      3.405      3.842      3.497  > 
     <     42.000     47.000     66.250     91.850     75.167     43.150     21.750     15.417      8.161      4.732      3.809      3.625      4.325      3.554      3.489      3.688      3.583      3.802      3.775      3.472  > 
     <     38.000     43.625     71.250     84.900     77.875     46.550     22.083     14.333     10.196      6.000      4.956      3.953      4.638      3.935      3.716      3.729      3.833      4.181      3.558      3.534  > 

  31
     <     29.000     29.000     30.062     32.750     22.875     15.550     13.667     11.750      9.304     10.375      9.294      7.031      6.550      6.228      5.659      4.948      6.146      5.328      4.717      3.401  > 
     <     18.000     40.125     31.625     28.450     18.125     16.625     12.333     11.896      9.321      8.214      7.897      7.234      7.388      6.783      5.761      4.510      5.208      5.207      4.667      3.383  > 
     <     19.000     23.875     33.250     30.200     26.500     15.825     14.000     12.104     11.357     10.018      7.779      6.812      6.338      6.315      5.239      5.969      5.990      5.690      5.225      3.558  > 
     <     59.000     33.250     34.750     26.600     20.750     16.775     13.361     13.083     11.143      8.679      6.632      7.297      6.975      5.359      5.273      5.625      5.510      4.931      4.583      3.502  > 
     <     34.000     29.750     30.688     27.500     20.958     19.800     14.083     11.750      9.661      6.286      6.309      6.172      5.562      5.446      4.693      4.979      4.771      4.397      4.408      3.422  > 
     <     46.000     43.875     34.125     23.700     20.000     14.925     11.861     10.333      9.732      7.429      5.603      4.625      4.500      5.185      5.136      4.562      4.510      4.517      4.600      3.470  > 
     <     51.000     46.125     37.688     22.500     17.542     15.325     10.917      9.521      6.696      6.089      5.912      4.578      4.375      4.630      4.114      4.385      4.562      4.103      3.683      3.505  > 
     <     43.000     43.750     31.562     22.400     17.250     15.750     12.361      8.354      6.500      5.714      5.412      5.031      5.088      5.457      4.807      4.490      4.365      3.862      4.308      3.491  > 
     <     38.000     25.250     32.062     28.550     21.208     16.875     12.417      8.250      6.464      5.982      5.662      4.734      4.800      4.522      4.966      4.573      4.562      3.948      3.508      3.399  > 
     <     32.000     35.500     31.875     24.000     17.792     15.450     10.028     10.646      9.107      6.714      5.603      5.031      5.213      4.641      4.750      5.115      4.656      5.138      4.575      3.350  > 
     <     39.000     44.375     44.250     25.950     17.417     16.525     12.722      9.833      8.661      8.893      6.088      5.625      5.350      4.717      5.080      5.417      5.583      4.724      4.517      3.452  > 
     <     57.000     39.375     29.375     27.000     23.500     15.725     12.500     10.729      9.893      9.179      8.456      8.141      7.037      5.620      6.068      4.823      5.260      5.155      4.575      3.567  > 
     <     62.000     34.750     20.625     14.400     12.208     10.000     12.222     10.854     10.482      9.482      7.265      6.688      7.263      6.359      6.739      6.354      5.990      5.845      5.425      3.648  > 
     <     28.000     26.250     24.562     26.250     22.333     20.025     14.306     12.062     10.554      8.911      7.676      7.688      6.537      5.978      5.523      5.771      6.323      5.164      4.500      3.433  > 
     <     21.000     21.000     27.188     21.900     20.792     21.725     16.000     15.042     10.232      8.911      8.118      6.891      6.513      6.087      6.034      6.208      5.990      5.371      4.317      3.419  > 
     <     34.000     33.625     34.625     29.650     20.625     17.525     14.889     12.833     10.589      9.321      8.221      7.094      5.850      6.500      6.364      5.625      5.833      5.440      5.008      3.504  > 
     <     25.000     42.375     38.250     33.000     24.250     21.500     14.667     13.167     12.250      9.071      7.471      7.672      6.125      6.326      6.386      6.042      6.427      5.474      5.058      3.513  > 
     <     16.000     23.250     40.188     28.700     24.875     18.950     16.278     14.792     10.125      9.196      6.691      6.266      6.188      6.554      6.500      5.812      6.938      6.336      5.683      3.514  > 
     <     24.000     43.750     33.375     23.750     20.167     16.975     14.583     13.271      9.911      9.357      7.662      6.922      6.575      5.315      5.466      5.542      5.698      5.664      5.617      3.518  > 
     <     18.000     30.875     31.750     27.200     21.083     18.400     13.500     12.854     11.518      9.714      7.735      6.828      6.412      5.880      6.216      5.865      6.354      6.233      4.858      3.482  > 
     <     42.000     34.250     37.062     34.300     24.083     17.275     13.778     12.000     10.214      9.375      7.529      7.266      6.225      5.848      6.500      5.562      5.229      6.078      5.658      3.488  > 
     <     33.000     36.125     38.812     29.550     19.833     16.775     12.778     13.083     11.679      9.000      7.588      7.578      6.112      6.130      5.966      6.104      6.448      6.224      5.517      3.622  > 
     <     61.000     39.000     42.375     36.100     20.542     17.550     13.333     13.188      9.857      8.089      6.912      6.500      6.150      5.815      5.841      6.000      5.396      5.276      5.625      3.415  > 
     <     44.000     34.625     38.312     27.400     20.542     19.625     12.222     11.292      8.054      7.875      7.324      6.891      6.900      5.511      6.182      5.552      5.802      5.931      5.392      3.517  > 
     <    110.000     74.500     41.250     20.550     16.875     15.000     13.139     11.729      9.304      8.107      6.162      6.531      5.987      6.196      5.409      5.552      6.396      6.319      5.342      3.482  > 
     <     39.000     26.500     30.000     24.050     18.958     15.150     11.222     11.854      9.107      8.982      9.103      6.844      6.487      5.826      5.830      6.167      5.562      5.914      4.825      3.366  > 
     <     27.000     27.000     27.438     21.300     18.000     16.675     12.250     11.250     10.464      9.750      8.235      7.219      5.987      6.174      6.398      6.250      5.844      6.000      5.925      3.529  > 
     <     22.000     40.625     38.375     28.100     19.583     16.550     12.361     11.042      9.518      7.161      7.662      5.656      6.062      6.565      7.364      5.917      5.958      5.974      5.025      3.468  > 
     <     42.000     40.875     38.688     24.200     17.083     13.800     11.444      9.792      8.643      8.429      7.559      7.094      6.425      6.370      5.977      5.573      6.229      5.776      5.358      3.527  > 
     <     50.000     31.625     26.875     22.800     18.125     17.350     11.778      8.833      9.875      9.036      7.515      7.688      6.350      5.967      5.466      5.990      5.635      5.276      4.483      3.511  > 
     <     14.000     18.875     27.438     31.700     20.375     18.900     13.972     11.312     10.786      8.696      6.985      7.094      6.487      5.489      5.545      5.688      6.583      5.759      4.250      3.492  > 

6
  0

  0

  0

  0

  0

  0

  0

  0

  0

  0

  0

  0

7
  0

  0

  0

  0

  0

  0

  0

  0

  0

  0

  0

  0

8
  0

  0

  0

  0

  0

  0

  0

  0

  0

  0

  0

  0

9
  0

  0

  0

  0

  0

  0

  0

  0

  0

  0

  0

  0

10
  0

  0

  0

  0

  0

  0

  0

  0

  0

  0

  0

  0

11
  0

  0

  0

  0

  0

  0

  0

  0

  0

  0

  0

  0

