-1 -1
-1 -1
-1 -1
-1 -1
-1 -1
-1 -1
-1 -1
-1 -1
-1 -1
481.88 625.716
466.524 559.53
471.393 534.163
495.078 522.218
525.811 512.317
555.373 522.031
575.283 546.954
-1 -1
-1 -1
-1 -1
-1 -1
-1 -1
606.621 595.164
602.031 606.786
600.37 614.313
598.575 622.436
597.257 628.685
593.172 633.562
584.018 639.012
581.573 638.13
581.322 645.235
579.347 655.115
-1 -1
-1 -1
-1 -1
-1 -1
-1 -1
-1 -1
-1 -1
-1 -1
-1 -1
-1 -1
-1 -1
-1 -1
-1 -1
-1 -1
-1 -1
-1 -1
567.447 597.615
566.908 600.797
565.683 605.16
566.309 606.857
564.876 604.462
561.067 601.551
556.601 599.359
552.484 598.371
549.192 597.881
547.649 597.846
547.645 598.642
547.294 599.151
546.461 598.964
-1 -1
-1 -1
-1 -1
-1 -1
-1 -1
-1 -1
-1 -1
-1 -1
-1 -1
-1 -1
-1 -1
-1 -1
-1 -1
-1 -1
526.988 600.138
524.92 599.983
520.323 599.21
516.527 598.687
513.694 597.597
510.195 596.446
505.972 595.86
503.91 594.515
504.307 593.789
503.985 592.642
-1 -1
-1 -1
-1 -1
-1 -1
-1 -1
-1 -1
-1 -1
-1 -1
-1 -1
-1 -1
-1 -1
-1 -1
489.735 599.318
488.247 600.228
486.389 601.096
484.205 602.006
480.916 602.834
475.61 603.579
469.528 603.847
466.326 603.613
464.823 603.255
-1 -1
-1 -1
-1 -1
-1 -1
-1 -1
-1 -1
-1 -1
-1 -1
-1 -1
-1 -1
-1 -1
-1 -1
-1 -1
-1 -1
447.123 607.083
447.589 610.745
446.011 613.369
442.07 614.025
437.936 614.98
433.571 616.143
428.413 617.127
424.57 618.586
422.961 618.342
424.149 616.331
-1 -1
-1 -1
-1 -1
-1 -1
-1 -1
-1 -1
-1 -1
-1 -1
-1 -1
-1 -1
-1 -1
-1 -1
-1 -1
-1 -1
398.667 634.813
393.304 637.566
388.865 641.004
385.593 645.371
382.76 649.832
380.41 652.79
378.502 652.985
376.842 651.43
-1 -1
-1 -1
-1 -1
-1 -1
-1 -1
-1 -1
-1 -1
-1 -1
-1 -1
-1 -1
-1 -1
-1 -1
-1 -1
-1 -1
-1 -1
429.644 666.012
431.303 667.28
433.848 667.109
438.595 664.841
445.148 662.742
451.347 662.204
454.073 661.331
455.4 660.895
456.72 660.159
-1 -1
-1 -1
-1 -1
-1 -1
-1 -1
-1 -1
-1 -1
-1 -1
-1 -1
-1 -1
-1 -1
-1 -1
-1 -1
-1 -1
-1 -1
-1 -1
-1 -1
491.76 655.687
493.79 654.706
497.578 653.581
503.928 653.104
509.342 650.88
513.541 646.488
519.966 644.887
-1 -1
-1 -1
-1 -1
-1 -1
-1 -1
-1 -1
-1 -1
-1 -1
-1 -1
-1 -1
-1 -1
-1 -1
-1 -1
-1 -1
-1 -1
-1 -1
-1 -1
-1 -1
503.068 604.755
507.674 604.926
513.907 604.062
519.713 603.093
523.301 601.498
525.644 600.36
-1 -1
-1 -1
-1 -1
-1 -1
-1 -1
-1 -1
-1 -1
-1 -1
-1 -1
-1 -1
-1 -1
-1 -1
-1 -1
-1 -1
-1 -1
-1 -1
446.858 607.298
447.202 607.878
451.252 610.18
456.46 612.319
460.664 612.256
466.145 611.27
472.242 610.485
-1 -1
-1 -1
-1 -1
-1 -1
-1 -1
-1 -1
-1 -1
-1 -1
-1 -1
-1 -1
-1 -1
-1 -1
-1 -1
-1 -1
-1 -1
-1 -1
-1 -1
416.823 640.738
421.961 642.569
428.622 643.566
435.957 644.266
444.37 645.179
449.015 646.598
448.926 644.58
449.18 641.523
-1 -1
-1 -1
-1 -1
-1 -1
-1 -1
-1 -1
-1 -1
-1 -1
-1 -1
-1 -1
-1 -1
-1 -1
-1 -1
-1 -1
416.981 595.02
420.123 597.074
423.486 598.981
426.195 599.458
430.138 600.389
435.756 601.101
440.877 602.558
443.122 603.112
-1 -1
-1 -1
-1 -1
-1 -1
-1 -1
-1 -1
-1 -1
-1 -1
-1 -1
-1 -1
-1 -1
-1 -1
-1 -1
-1 -1
-1 -1
467.724 615.09
471.241 614.936
478.214 616.873
483.911 618.85
487.388 617.744
495.026 617.806
-1 -1
-1 -1
-1 -1
-1 -1
-1 -1
-1 -1
-1 -1
-1 -1
-1 -1
-1 -1
-1 -1
-1 -1
-1 -1
-1 -1
-1 -1
-1 -1
-1 -1
-1 -1
523.107 631.359
525.423 632.564
529.611 634.015
539.837 635.655
544.279 635.216
-1 -1
-1 -1
-1 -1
-1 -1
-1 -1
-1 -1
-1 -1
-1 -1
-1 -1
-1 -1
-1 -1
-1 -1
-1 -1
559.025 637.631
561.046 641.272
564.435 645.373
568.432 648.559
572.229 651
574.937 652.822
576.892 653.877
-1 -1
-1 -1
-1 -1
-1 -1
-1 -1
-1 -1
-1 -1
-1 -1
-1 -1
-1 -1
-1 -1
-1 -1
-1 -1
487.924 636.795
479.111 637.329
471.77 637.573
466.008 638.811
466.182 641.073
470.659 644.408
476.633 646.528
480.221 646.854
483.85 645.814
-1 -1
-1 -1
-1 -1
-1 -1
-1 -1
-1 -1
-1 -1
-1 -1
-1 -1
-1 -1
-1 -1
-1 -1
-1 -1
427.898 634.247
425.483 636.733
422.077 639.262
416.954 642.926
411.68 646.188
409.403 648.213
-1 -1
-1 -1
-1 -1
-1 -1
-1 -1
-1 -1
-1 -1
-1 -1
-1 -1
-1 -1
-1 -1
-1 -1
-1 -1
432.883 603.728
441.264 607.188
452.667 610.537
465.72 615.674
470.687 616.527
472.793 613.1
-1 -1
-1 -1
-1 -1
-1 -1
-1 -1
-1 -1
-1 -1
-1 -1
-1 -1
-1 -1
-1 -1
-1 -1
-1 -1
492.059 575.256
498.61 585.065
506.439 594.015
516.846 602.047
525.497 609.181
530.346 611.29
-1 -1
-1 -1
-1 -1
-1 -1
-1 -1
-1 -1
-1 -1
-1 -1
-1 -1
-1 -1
-1 -1
-1 -1
-1 -1
498.874 629.218
503.19 637.947
508.438 645.465
514.563 651.851
521.585 655.589
527.024 655.755
528.029 653.536
-1 -1
-1 -1
-1 -1
-1 -1
-1 -1
-1 -1
-1 -1
-1 -1
-1 -1
-1 -1
-1 -1
470.699 646.069
471.56 651.475
474.106 656.974
478.639 661.862
483.886 666.896
486.583 671.646
485.15 671.912
-1 -1
-1 -1
-1 -1
-1 -1
-1 -1
-1 -1
-1 -1
-1 -1
-1 -1
-1 -1
-1 -1
-1 -1
-1 -1
-1 -1
-1 -1
449.976 666.328
451.96 671.691
454.487 675.98
455.62 678.358
455.951 679.706
455.91 677.992
-1 -1
-1 -1
-1 -1
-1 -1
-1 -1
-1 -1
-1 -1
-1 -1
-1 -1
-1 -1
-1 -1
-1 -1
417.481 659.027
418.351 667.452
420.648 677.773
424.674 684.389
427.333 687.481
427.478 688.351
-1 -1
-1 -1
-1 -1
-1 -1
-1 -1
-1 -1
-1 -1
-1 -1
-1 -1
-1 -1
-1 -1
389.078 649.002
388.265 659.456
389.478 668.383
394.804 675.444
399.797 675.519
402.105 669.286
-1 -1
-1 -1
-1 -1
-1 -1
-1 -1
-1 -1
-1 -1
-1 -1
-1 -1
-1 -1
-1 -1
-1 -1
-1 -1
-1 -1
573.223 605.846
571.158 615.246
569.582 626.541
568.426 634.341
567.955 640.618
567.975 645.373
568.535 643.139
568.365 634.362
-1 -1
-1 -1
-1 -1
-1 -1
-1 -1
-1 -1
-1 -1
-1 -1
-1 -1
-1 -1
543.146 617.007
541.645 626.506
539.168 634.179
537.953 642.442
537.326 648.576
535.444 651.747
534.449 649.031
-1 -1
-1 -1
-1 -1
-1 -1
-1 -1
-1 -1
-1 -1
-1 -1
-1 -1
-1 -1
-1 -1
-1 -1
508.407 630.468
508.962 640.162
509.268 647.534
508.241 650.1
507.876 651.022
506.964 650.601
-1 -1
-1 -1
-1 -1
-1 -1
-1 -1
-1 -1
-1 -1
-1 -1
-1 -1
-1 -1
-1 -1
472.652 636.077
472.8 644.201
472.394 649.748
472.896 652.522
472.441 652.429
470.805 648.045
-1 -1
-1 -1
-1 -1
-1 -1
-1 -1
-1 -1
-1 -1
-1 -1
-1 -1
-1 -1
445.647 625.395
447.09 632.984
447.856 641.362
449.684 646.388
450.904 649.268
450.284 648.172
-1 -1
-1 -1
-1 -1
-1 -1
-1 -1
-1 -1
-1 -1
-1 -1
-1 -1
-1 -1
-1 -1
-1 -1
-1 -1
414.942 622.446
418.14 631.242
418.683 637.504
420.135 642.686
421.985 647.113
422.65 650.002
-1 -1
-1 -1
-1 -1
-1 -1
-1 -1
-1 -1
-1 -1
-1 -1
-1 -1
-1 -1
-1 -1
-1 -1
-1 -1
-1 -1
-1 -1
386.804 631.525
386.609 637.709
388.291 641.071
391.695 642.201
394.233 642.003
-1 -1
-1 -1
-1 -1
-1 -1
-1 -1
-1 -1
-1 -1
-1 -1
-1 -1
-1 -1
-1 -1
-1 -1
-1 -1
-1 -1
-1 -1
-1 -1
-1 -1
-1 -1
-1 -1
-1 -1
-1 -1
-1 -1
-1 -1
-1 -1
-1 -1
-1 -1
-1 -1
-1 -1
-1 -1
-1 -1
-1 -1
-1 -1
-1 -1
-1 -1
-1 -1
-1 -1
-1 -1
-1 -1
-1 -1
-1 -1
-1 -1
-1 -1
-1 -1
-1 -1
-1 -1
-1 -1
-1 -1
-1 -1
-1 -1
-1 -1
-1 -1
-1 -1
-1 -1
-1 -1
-1 -1
-1 -1
-1 -1
-1 -1
-1 -1
-1 -1
-1 -1
-1 -1
-1 -1
-1 -1
-1 -1
-1 -1
-1 -1
-1 -1
-1 -1
-1 -1
-1 -1
-1 -1
-1 -1
-1 -1
-1 -1
-1 -1
-1 -1
-1 -1
-1 -1
-1 -1
-1 -1
-1 -1
-1 -1
-1 -1
-1 -1
-1 -1
-1 -1
-1 -1
-1 -1
-1 -1
-1 -1
-1 -1
-1 -1
-1 -1
-1 -1
-1 -1
-1 -1
-1 -1
-1 -1
-1 -1
-1 -1
-1 -1
-1 -1
-1 -1
-1 -1
-1 -1
-1 -1
-1 -1
-1 -1
-1 -1
-1 -1
-1 -1
-1 -1
-1 -1
-1 -1
-1 -1
-1 -1
-1 -1
-1 -1
-1 -1
-1 -1
-1 -1
-1 -1
-1 -1
-1 -1
-1 -1
-1 -1
-1 -1
-1 -1
-1 -1
-1 -1
-1 -1
-1 -1
-1 -1
-1 -1
-1 -1
-1 -1
-1 -1
-1 -1
-1 -1
-1 -1
-1 -1
-1 -1
-1 -1
-1 -1
