-1 -1
-1 -1
-1 -1
-1 -1
-1 -1
-1 -1
-1 -1
-1 -1
-1 -1
-1 -1
-1 -1
-1 -1
-1 -1
-1 -1
-1 -1
-1 -1
-1 -1
-1 -1
-1 -1
-1 -1
-1 -1
-1 -1
-1 -1
-1 -1
-1 -1
-1 -1
-1 -1
-1 -1
-1 -1
-1 -1
-1 -1
-1 -1
-1 -1
-1 -1
-1 -1
-1 -1
-1 -1
-1 -1
-1 -1
-1 -1
-1 -1
-1 -1
-1 -1
-1 -1
554.183 630.008
546.949 625.268
543.861 629.069
546.413 642.073
550.54 650.234
552.959 651.016
555.228 643.149
556.18 635.847
555.694 627.012
550.663 616.447
538.331 604.598
521.858 596.225
514.556 605.169
518.858 626.577
528.687 647.216
538.587 657.319
542.819 655.344
539.065 641.024
528.545 622.315
516.135 611.125
504.491 612.96
499.699 627.573
501.439 647.051
509.286 661.357
517.52 665.752
520.701 659.681
515.889 643.036
505.282 629.509
494.126 617.755
482.467 614.019
473.614 625.94
472.807 641.003
479.18 655.218
490.128 671.551
499.06 676.827
498.481 666.07
491.582 645.594
480.389 633.085
467.015 624.891
457.143 628.979
453.943 645.396
458.67 656.654
470.925 665.058
479.266 665.522
473.317 652.643
459.767 641.144
447.166 634.144
438.053 631.902
429.576 645.019
426.476 658.643
431.649 668.887
443.629 678.738
454.115 683.79
452.469 674.534
443.548 656.063
434.793 643.825
426.104 638.577
417.617 642.195
412.994 657.14
413.413 668.739
419.238 677.348
429.135 682.896
436.491 680.014
435.9 672.045
429.935 664.094
419.04 657.062
407.211 655.379
404.804 665.227
411.566 673.584
420.774 676.101
422.165 672.579
-1 -1
-1 -1
-1 -1
-1 -1
-1 -1
-1 -1
-1 -1
-1 -1
-1 -1
-1 -1
-1 -1
-1 -1
-1 -1
-1 -1
-1 -1
-1 -1
-1 -1
-1 -1
-1 -1
-1 -1
-1 -1
-1 -1
-1 -1
-1 -1
-1 -1
-1 -1
-1 -1
-1 -1
335.721 664.11
337.025 665.287
338.133 666.61
338.423 666.994
338.884 665.739
338.615 662.625
337.019 661.272
337.548 662.461
339.297 662.98
341.655 663.173
340.022 662.877
335.529 661.474
335.859 661.22
338.049 663.375
341.193 666.399
339.932 665.954
337.645 663.706
337.505 663.34
337.612 664.236
337.167 663.335
336.655 660.978
334.415 658.158
332.692 653.422
330.951 651.95
331.116 652.485
332.346 654.803
333.954 658.484
332.878 659.637
331.074 659.714
331.281 660.57
331.514 661.689
329.958 663.028
329.32 663.775
329.189 665.432
328.179 667.383
328.046 668.306
327.636 669.453
326.929 670.907
326.861 673.442
327.306 676.027
327.506 677.708
325.866 676.376
324.896 674.443
325.024 673.374
324.538 671.591
324.61 669.4
325.242 668.855
325.315 667.837
325.44 666.089
325.455 663.976
324.427 661.738
325.056 660.206
325.723 657.62
324.15 654.409
324.326 654.031
327.716 654.677
330.227 654.109
326.914 650.793
326.44 649.066
327.512 649.303
327.04 647.847
326.459 645.618
326.181 645.87
325.302 645.517
325.423 644.883
325.348 644.787
324.89 645.379
325.622 646.583
326.42 647.642
326.676 648.767
326.823 649.236
-1 -1
-1 -1
-1 -1
-1 -1
-1 -1
-1 -1
-1 -1
-1 -1
-1 -1
-1 -1
-1 -1
-1 -1
-1 -1
-1 -1
-1 -1
-1 -1
443.949 585.293
435.188 576.804
428.726 570.918
433.615 576.012
446.386 588.092
463.998 601.6
480.337 609.053
486.327 606.718
482.368 595.405
471.44 580.189
458.931 573.717
448.146 579.535
445.552 599.114
453.97 622.282
467.391 636.673
482.3 643.287
494.086 638.923
497.852 627.083
495.779 615.258
487.586 600.668
475.874 594.034
470.189 605.232
474.356 623.782
486.003 643.58
501.91 659.931
516.739 668.571
526.708 663.877
530.969 651.234
529.912 640.638
524.572 632.446
513.637 632.468
506.317 642.218
510.927 656.962
520.526 670.483
541.137 677.061
550.341 667.27
552.002 661.731
549.139 655.307
540.857 647.327
526.34 647.672
512.849 657.832
508.495 668.059
511.817 682.942
517.701 692.982
523.185 694.892
526.58 689.996
525.401 683.395
515.158 676.738
500.127 670.887
490.555 677.868
489.614 687.566
487.893 691.014
482.072 686.818
472.812 678.772
456.894 676.007
444.541 680.628
444.383 685.749
449.781 689.199
452.016 688.025
-1 -1
-1 -1
-1 -1
-1 -1
-1 -1
-1 -1
-1 -1
-1 -1
-1 -1
-1 -1
-1 -1
-1 -1
-1 -1
-1 -1
-1 -1
-1 -1
-1 -1
-1 -1
-1 -1
-1 -1
-1 -1
-1 -1
-1 -1
-1 -1
-1 -1
-1 -1
-1 -1
-1 -1
-1 -1
336.439 602.778
335.822 601.673
336.071 599.61
337.223 598.601
335.594 596.664
333.194 594.336
333.517 593.405
334.727 595.187
333.962 595.778
332.412 594.41
334.207 596.034
341.012 600.104
343.714 600.99
338.837 596.595
337.7 594.178
336.596 591.713
332.347 587.549
328.713 583.618
326.678 581.413
323.28 580.113
319.932 577.894
316.155 574.513
314.54 576.438
311.495 575.764
310.781 575.093
310.06 575.666
309.602 576.078
307.722 574.401
309.257 575.782
308.905 576.138
310.679 577.859
312.764 580.328
313.032 580.754
313.9 580.013
315.531 576.856
-1 -1
-1 -1
-1 -1
-1 -1
-1 -1
-1 -1
-1 -1
-1 -1
-1 -1
-1 -1
-1 -1
-1 -1
-1 -1
428.737 625.553
427.941 627.891
424.245 625.296
422.119 616.369
426.632 604.105
434.65 593.545
448.443 581.775
472.907 585.329
498.679 597.336
520.309 610.617
534.274 624.254
542.557 637.304
547.087 649.5
545.173 656.379
537.751 658.827
530.019 656.19
517.24 647.659
499.04 639.513
482.87 635.374
469.76 636.246
460.316 639.841
457.913 643.429
465.39 649.429
479.463 660.186
492.134 673.101
497.873 682.656
496.287 688.037
489.686 688.739
475.428 683.401
457.687 673.662
-1 -1
-1 -1
-1 -1
-1 -1
-1 -1
-1 -1
-1 -1
-1 -1
-1 -1
-1 -1
-1 -1
-1 -1
-1 -1
-1 -1
-1 -1
-1 -1
-1 -1
-1 -1
-1 -1
-1 -1
322.147 487.553
323.006 491.26
322.856 494.93
325.008 503.589
325.248 511.717
324.597 518.571
326.442 528.221
329.045 542.093
330.884 555.176
332.215 568.924
333.27 583.058
334.307 597.365
336.431 611.329
337.868 623.852
338.075 632.988
337.708 643.481
337.627 652.645
339.159 660.065
340.685 665.352
342.499 667.1
341.995 665.261
342.237 663.019
340.358 654.941
337.139 639.843
333.487 622.629
329.774 605.097
329.171 587.619
325.278 570.437
321.193 551.545
319.186 537.527
318.398 526.753
318.81 520.136
316.762 516.32
316.339 517.971
314.257 521.394
313.732 534.869
313.687 549.698
313.163 564.662
314.516 582.771
316.194 597.909
317.616 613.302
320.531 629.271
322.001 640.158
322.969 649.851
323.709 658.862
325.29 663.217
326.704 667.285
326.837 672.682
327.841 675.771
328.013 676.89
328.367 678.386
328.23 674.267
326.739 663.673
322.865 649.459
320.77 640.009
321.098 626.996
318.644 613.952
317.603 606.12
316.875 595.25
314.545 584.199
313.276 577.071
312.213 569.207
310.761 562.912
309.713 561.557
309.973 560.728
309.363 560.444
309.38 561.311
309.954 561.407
309.514 561.752
308.988 565.403
309.955 568.237
309.848 571.24
309.666 574.24
310.55 578.71
311.933 581.132
312.614 580.342
310.749 579.831
310.793 579.453
311.623 580.972
311.813 582.381
312.753 582.755
313.662 584.629
314.626 587.8
315.796 589.425
317.186 591.163
319.024 592.626
318.24 591.095
318.395 589.945
318.484 588.479
317.003 586.505
316.734 585.229
317.517 585.848
318.106 586.38
317.62 585.773
317.927 586.322
317.954 586.928
318.391 587.163
318.432 587.397
318.371 588.061
318.843 588.581
318.676 588.069
319.301 588.506
319.97 588.651
320.162 587.683
320.064 586.515
320.067 585.311
320.261 584.526
320.658 584.414
320.36 584.472
321.083 585.377
321.218 585.644
321.519 586.379
320.836 586.741
320.454 585.854
320.273 585.373
319.679 584.744
319.492 584.361
319.77 584.405
319.778 584.43
319.879 584.805
320.178 585.174
320.187 584.994
320.094 585.324
319.92 584.851
319.111 584.532
319.484 584.821
319.03 584.623
318.786 584.444
319.385 584.998
319.087 585.297
318.966 585.028
318.361 584.681
318.155 584.318
318.949 582.637
-1 -1
-1 -1
-1 -1
-1 -1
-1 -1
-1 -1
-1 -1
-1 -1
-1 -1
-1 -1
-1 -1
-1 -1
-1 -1
512.011 657.789
512.449 655.94
502.853 644.359
489.215 628.098
476.125 615.346
462.812 606.618
454.118 608.937
455.918 624.239
467.849 647.207
481.314 663.208
490.179 669.146
491.553 662.753
484.911 649.752
471.601 637.721
450.043 635.463
448.334 644.741
448.121 654.18
440.204 657.355
426.492 654.196
417.364 652.813
412.177 656.887
401.864 656.757
390.511 650.797
384.996 643.907
383.024 632.959
383.209 617.075
390.2 605.49
411.037 605.73
433.826 611.049
449.588 616.919
461.475 624.365
471.893 630.168
478.584 634.534
476.41 631.714
464.367 620.692
451.14 613.073
437.665 611.756
427.031 616.765
426.038 628.73
433.811 648.137
442.8 665.131
444.982 675.359
439.838 680.099
432.053 679.098
422.213 675.34
414.034 671.249
409.28 667.59
-1 -1
-1 -1
-1 -1
-1 -1
-1 -1
-1 -1
-1 -1
-1 -1
-1 -1
-1 -1
-1 -1
-1 -1
-1 -1
340.312 660.047
341.008 661.116
342.588 662.573
342.048 662.105
340.828 659.72
340.554 656.548
338.864 654.94
336.565 654.484
337.191 654.309
338.023 655.729
337.109 655.522
334.974 653.558
332.347 651.257
330.149 648.343
327.452 644.253
325.506 642.689
325.334 643.37
325.681 643.134
324.622 641.818
322.629 639.065
321.984 638.242
324.304 639.235
324.363 639.044
321.637 638.509
322.551 640.401
324.528 642.529
322.333 641.746
321.182 641.617
322.266 642.03
323.828 640.839
325.428 639.264
328.498 637.336
336.528 637.896
350.797 638.085
369.507 632.758
394.72 624.197
-1 -1
-1 -1
-1 -1
-1 -1
-1 -1
-1 -1
-1 -1
-1 -1
-1 -1
460.896 588.863
470.834 588.936
486.465 593.769
505.843 601.146
528.856 611.713
547.646 624.56
562.773 641.655
573.943 655.721
578.659 659.822
577.016 655.157
566.047 641.268
546.411 620.473
519.99 601.797
497.336 590.407
483.973 590.114
480.212 601.415
487.134 620.058
502.831 642.996
519.792 666.072
528.822 681.712
530.043 688.85
526.355 687.645
518.741 681.159
503.225 667.414
482.694 650.881
461.039 635.847
439.062 622.689
428.418 619.986
431.326 630.821
443.181 646.534
457.531 663.257
464.012 674.012
462.705 679
453.529 676.246
437.263 667.553
-1 -1
-1 -1
-1 -1
-1 -1
-1 -1
-1 -1
-1 -1
-1 -1
-1 -1
-1 -1
-1 -1
-1 -1
-1 -1
-1 -1
-1 -1
346.245 707.134
347.104 709.672
348.107 710.607
346.855 709.781
345.099 709.403
343.211 708.762
339.834 707.751
339.613 708.625
342.395 711.445
342.703 712.801
341.403 712.332
338.829 710.804
336.669 710.185
336.507 710.75
336.917 710.178
334.811 708.131
331.453 705.471
330.358 703.504
329.672 701.403
326.616 698.58
325.299 698.804
326.315 699.162
325.985 699.135
324.89 699.864
323.905 700.475
325.631 700.468
327.589 700.93
324.394 700.592
322.84 699.989
324.806 699.942
325.388 700.081
323.49 698.627
323.598 695.928
-1 -1
-1 -1
-1 -1
-1 -1
-1 -1
-1 -1
-1 -1
-1 -1
-1 -1
-1 -1
-1 -1
483.842 655.257
487.633 653.907
495.345 650.781
497.94 638.937
490.314 616.253
479.828 593.74
471.666 574.306
467.473 562.363
477.171 573.423
497.937 597.919
516.806 617.944
521.649 622.374
511.114 609.991
492.884 590.671
472.202 574.371
462.134 575.069
470.631 598.711
484.622 627.674
485.931 639.205
471.222 634.524
451.083 626.739
434.577 623.281
424.949 627.138
422.032 641.519
428.774 661.942
428.175 672.478
411.349 671.29
397.671 673.033
390.877 676.392
385.251 681.392
387.591 686.825
397.167 695.167
405.092 699.538
417.544 699.518
440.504 702.1
466.258 705.462
488.688 711.162
502.679 714.755
511.283 712.714
516.907 705.922
518.054 695.446
521.398 684.766
532.341 679.602
545.991 677.1
558.245 673.051
570.563 666.349
578.713 659.59
577.682 645
575.862 627.114
574.272 618.042
562.754 611.157
545.93 600.728
525.422 588.331
499.651 581.118
470.144 570.165
443.867 559.605
438.222 569.251
445.442 585.169
446.9 588.547
439.974 583.561
-1 -1
-1 -1
-1 -1
-1 -1
-1 -1
-1 -1
-1 -1
-1 -1
-1 -1
-1 -1
-1 -1
-1 -1
-1 -1
-1 -1
-1 -1
-1 -1
-1 -1
-1 -1
-1 -1
-1 -1
-1 -1
-1 -1
346.029 722.781
345.145 727.294
346.15 730.495
346.717 730.253
346.817 729.131
345.151 728.238
344.336 726.35
343.778 724.81
342.025 724.838
342.039 725.266
341.157 725.403
338.799 725.518
335.262 724.837
331.285 723.828
329.096 723.963
329.742 726.267
331.267 727.321
329.366 726.7
326.158 726.531
326.944 727.034
326.838 726.66
322.495 726.278
322.104 726.883
325.724 727.6
324.42 727.247
320.167 726.069
321.639 726.316
324.285 726.64
322.34 725.895
320.422 723.373
322.148 717.665
-1 -1
-1 -1
-1 -1
-1 -1
-1 -1
-1 -1
-1 -1
-1 -1
418.45 668.122
415.7 661.866
407.529 649.259
408.5 634.394
422.83 620.349
447.422 620.009
480.953 627.81
508.86 641.021
525.356 653.444
532.251 661.187
533.493 664.477
527.179 664.427
511.116 656.751
491.447 644.488
475.355 636.587
471.884 641.241
479.549 655.543
487.243 671.574
488.034 680.541
482.976 684.929
473.266 685.282
457.687 678.565
442.278 672.25
433.412 674.214
431.93 682.13
430.697 689.77
420.816 691.266
412.039 692.019
410.887 691.969
410.024 688.071
-1 -1
-1 -1
-1 -1
-1 -1
-1 -1
-1 -1
-1 -1
-1 -1
-1 -1
-1 -1
-1 -1
-1 -1
-1 -1
-1 -1
-1 -1
-1 -1
-1 -1
335.611 573.555
333.386 571.334
329.429 567.311
329.339 564.561
328.111 561.026
324.513 557.36
322.195 556.337
320.453 555.133
318.093 554.925
313.706 552.53
315.079 553.467
317.253 555.181
315.424 552.52
314.958 550.877
314.547 549.916
312.979 548.067
313.126 550.147
312.519 550.514
309.962 548.383
310.085 549.559
311.377 551.258
313.174 548.613
318.026 546.234
-1 -1
-1 -1
-1 -1
-1 -1
-1 -1
-1 -1
-1 -1
-1 -1
-1 -1
456.235 587.928
450.7 586.115
446.408 583.053
456.386 587.186
474.328 594.035
494.351 599.65
516.559 611.974
547.463 639.606
557.189 653.019
562.006 666.609
554.979 662.889
539.552 650.5
519.605 638.534
498.758 630.874
483.787 628.833
477.888 632.623
482.75 644.545
495.932 660.507
509.693 675.097
516.215 685.527
513.536 688.472
500.822 680.623
478.909 664.992
454.698 650.021
438.114 644.153
432.675 648.369
434.709 656.787
449.452 680.062
444.35 684.298
433.612 680.685
428.712 677.448
-1 -1
-1 -1
-1 -1
-1 -1
-1 -1
-1 -1
-1 -1
-1 -1
-1 -1
-1 -1
-1 -1
-1 -1
-1 -1
-1 -1
340.892 620.765
338.212 621.64
337.843 623.184
340.729 625.236
340.818 624.641
337.308 621.179
334.996 619.915
336.16 623.374
339.977 626.564
337.401 625.691
331.862 621.684
332.295 621.24
332.023 620.975
331.18 619.912
331.636 620.602
330.512 620.067
327.387 618.834
326.842 619.116
326.387 618.774
324.005 616.654
322.149 613.999
322.058 611.199
-1 -1
-1 -1
-1 -1
-1 -1
-1 -1
-1 -1
-1 -1
367.605 615.202
372.87 618.016
377.652 624.852
378.274 626.693
380.891 621.088
387.846 610.123
396.863 591.777
-1 -1
400.777 580.284
399.43 597.798
402.148 629.436
405.697 652.184
410.126 660.972
415.418 656.887
422.736 639.203
432.152 610.921
437.424 604.555
440.506 610.447
447.086 633.173
453.598 651.882
456.989 654.528
463.288 647.21
474.336 629.57
482.311 609.82
485.78 610.753
489.122 629.148
495.227 658.525
502.021 668.803
508.042 666.728
518.741 656.004
531.234 638.664
534.799 644.934
538.322 664.009
544.046 673.316
547.57 669.433
554.361 656.32
-1 -1
-1 -1
-1 -1
-1 -1
-1 -1
-1 -1
-1 -1
-1 -1
-1 -1
-1 -1
-1 -1
-1 -1
-1 -1
-1 -1
-1 -1
-1 -1
-1 -1
-1 -1
-1 -1
-1 -1
-1 -1
-1 -1
-1 -1
-1 -1
-1 -1
-1 -1
-1 -1
-1 -1
-1 -1
-1 -1
-1 -1
-1 -1
-1 -1
-1 -1
-1 -1
-1 -1
-1 -1
-1 -1
-1 -1
-1 -1
-1 -1
-1 -1
-1 -1
-1 -1
-1 -1
-1 -1
-1 -1
-1 -1
-1 -1
-1 -1
-1 -1
-1 -1
-1 -1
-1 -1
-1 -1
-1 -1
-1 -1
-1 -1
-1 -1
-1 -1
-1 -1
-1 -1
-1 -1
-1 -1
-1 -1
-1 -1
-1 -1
-1 -1
-1 -1
-1 -1
-1 -1
-1 -1
-1 -1
-1 -1
-1 -1
-1 -1
-1 -1
-1 -1
-1 -1
-1 -1
-1 -1
-1 -1
-1 -1
-1 -1
-1 -1
-1 -1
-1 -1
-1 -1
-1 -1
-1 -1
-1 -1
-1 -1
-1 -1
-1 -1
-1 -1
-1 -1
-1 -1
-1 -1
-1 -1
-1 -1
-1 -1
-1 -1
-1 -1
-1 -1
-1 -1
-1 -1
-1 -1
-1 -1
-1 -1
-1 -1
-1 -1
-1 -1
-1 -1
-1 -1
-1 -1
