-1 -1
-1 -1
-1 -1
-1 -1
-1 -1
-1 -1
-1 -1
-1 -1
-1 -1
-1 -1
-1 -1
-1 -1
-1 -1
-1 -1
-1 -1
-1 -1
-1 -1
-1 -1
-1 -1
-1 -1
-1 -1
-1 -1
-1 -1
-1 -1
-1 -1
-1 -1
-1 -1
-1 -1
-1 -1
-1 -1
-1 -1
-1 -1
-1 -1
-1 -1
-1 -1
-1 -1
-1 -1
-1 -1
-1 -1
-1 -1
-1 -1
-1 -1
-1 -1
-1 -1
-1 -1
-1 -1
-1 -1
-1 -1
-1 -1
-1 -1
-1 -1
-1 -1
-1 -1
-1 -1
-1 -1
-1 -1
-1 -1
-1 -1
-1 -1
-1 -1
-1 -1
-1 -1
-1 -1
-1 -1
-1 -1
-1 -1
-1 -1
-1 -1
567.661 643.024
565.951 639.573
567.314 645.032
568.51 652.428
566.121 652.016
566.474 649.015
563.281 651.201
561.407 645.192
560.157 631.905
553.776 614.144
541.465 601.374
536.109 601.098
532.626 609.745
528.27 619.45
528.002 634.709
530.52 653.227
529.573 662.46
524.568 659.412
521.39 643.938
518.478 617.814
512.966 597.966
510.072 595.694
508.583 621.605
499.49 620.908
484.963 607.739
474.711 613.696
468.473 629.45
464.056 631.023
462.606 639.641
459.044 646.225
452.136 642.934
445.925 637.846
440.97 639.939
434.254 640.76
427.106 640.756
422.748 636.831
-1 -1
-1 -1
-1 -1
-1 -1
-1 -1
-1 -1
-1 -1
-1 -1
-1 -1
-1 -1
-1 -1
-1 -1
-1 -1
-1 -1
-1 -1
-1 -1
-1 -1
-1 -1
-1 -1
-1 -1
-1 -1
-1 -1
-1 -1
-1 -1
-1 -1
-1 -1
-1 -1
322.382 549.869
322.057 550.691
322.858 549.36
324.115 549.906
325.351 549.608
325.274 549.469
324.974 549.239
325.646 550.932
324.801 551.743
324.056 553.354
323.211 555.455
322.31 556.755
320.004 557.275
319.429 555.536
-1 -1
-1 -1
-1 -1
-1 -1
-1 -1
-1 -1
-1 -1
-1 -1
-1 -1
-1 -1
-1 -1
-1 -1
451.414 603.697
442.116 599.942
437.01 597.85
439.324 600.731
448.246 606.88
460.916 611.445
452.77 603.226
478.894 638.495
510.42 666.955
508.747 664.895
506.534 674.253
509.61 688.698
489.455 690.622
480.536 681.242
460.753 683.081
447.697 682.285
438.782 684.559
430.167 688.874
420.379 690.297
416.779 693.863
420.742 699.307
421.613 700.364
412.532 691.903
406.882 673.771
403.514 649.436
400.919 637.401
399.704 626.212
402.811 611.529
414.328 613.278
419.74 613.811
426.35 614.472
448.284 627.99
469.997 640.782
469.573 653.673
474.235 663.876
469.267 666.592
455.737 669.217
449.681 669.146
442.527 660.847
432.845 653.023
429.147 638.834
429.603 617.675
434.395 602.844
451.412 589.805
474.972 582.783
487.882 599.26
496.311 620.152
504.484 642.21
508.227 657.623
505.901 668.443
498.802 673.255
487.785 671.862
472.245 667.661
456.556 659.747
445.111 651.576
441.369 643.983
440.77 637.589
437.034 629.454
435.433 617.131
448.27 620.636
471.341 635.245
481.646 647.112
472.06 657.538
457.486 665.648
451.849 662.621
-1 -1
-1 -1
-1 -1
-1 -1
-1 -1
-1 -1
-1 -1
-1 -1
-1 -1
-1 -1
-1 -1
-1 -1
-1 -1
-1 -1
346.401 626.085
345.97 625.448
347.642 626.844
347.42 627.672
350.062 628.059
349.232 626.363
349.265 626.162
351.35 626.061
350.777 623.627
350.582 621.34
350.936 616.622
351.251 615.636
351.647 615.535
351.75 616.242
351.369 616.71
350.996 616.907
350.5 616.664
350.901 616.54
350.614 616.994
349.499 615.581
-1 -1
-1 -1
-1 -1
-1 -1
-1 -1
-1 -1
-1 -1
-1 -1
-1 -1
-1 -1
-1 -1
-1 -1
-1 -1
454.825 599.213
465.257 599.22
458.064 590.12
449.877 568.651
445.89 560.146
449.134 562.353
465.212 571.869
508.249 591.54
523.479 596.856
529.086 591.536
518.982 577.035
500.954 564.341
493.888 565.616
506.15 583.988
525.066 606.802
539.084 628.424
552.042 651.072
559.431 665.423
559.901 669.262
553.119 662.703
533.66 651.296
516.024 651.87
521.419 675.931
522.39 690.011
484.446 692.125
471.888 696.529
459.08 692.881
-1 -1
-1 -1
-1 -1
-1 -1
-1 -1
-1 -1
-1 -1
-1 -1
-1 -1
-1 -1
-1 -1
-1 -1
-1 -1
348.08 660.406
348.165 661.397
345.303 659.782
347.422 659.188
349.656 660.96
348.77 660.972
350.686 661.122
351.224 662.813
350.399 662.437
351.228 662.647
351.555 663.057
350.842 662.696
350.811 662.887
351.605 664.418
350.47 664.441
350.44 664.195
350.501 666.125
349.832 666.72
349.847 666.025
349.018 666.708
347.624 666.174
348.722 663.715
-1 -1
-1 -1
-1 -1
-1 -1
-1 -1
-1 -1
-1 -1
-1 -1
-1 -1
-1 -1
456.879 641.955
452.439 626.825
453.657 608.021
441.782 583.295
427.459 533.23
414.222 505.644
416.51 514.33
436.269 548.481
477.85 620.746
473.189 635.546
472.991 637.998
470.964 626.849
453.626 615.693
442.39 617.666
444.325 622.077
-1 -1
-1 -1
-1 -1
-1 -1
-1 -1
-1 -1
-1 -1
-1 -1
-1 -1
416.958 656.031
417.614 670.327
419.437 681.509
439.452 696.7
427.335 684.071
446.816 672.371
496.101 674.93
502.131 675.871
502.507 673.338
504.539 672.76
511.558 678.334
517.606 684.202
520.745 682.529
524.44 677.048
-1 -1
-1 -1
-1 -1
-1 -1
-1 -1
-1 -1
-1 -1
-1 -1
-1 -1
-1 -1
-1 -1
579.303 656.316
574.997 674.789
573.189 676.02
573.962 671.495
571.689 648.037
570.774 654.845
573.695 674.103
570.045 685.376
564.593 685.135
555.137 668.951
545.248 672.074
542.502 688.592
537.881 693.012
533.65 695.478
532.323 698.737
529.991 700.162
523.453 697.201
516.601 696.505
504.604 698.345
497.692 693.72
487.44 693.671
480.432 697.662
476.069 698.986
465.162 699.992
453.874 702.903
447.104 703.289
435.306 700.729
425.987 699.98
422.063 696.988
421.903 687.791
-1 -1
-1 -1
-1 -1
-1 -1
-1 -1
-1 -1
-1 -1
-1 -1
-1 -1
-1 -1
589.163 620.225
590.262 628.669
593.433 627.053
598.922 618.211
604.313 599.738
604.101 596.993
596.867 607.476
591.16 604.702
584.59 588.53
581.251 579.982
579.389 581.705
574.924 579.468
568.5 569.444
566.543 569.048
566.566 569.012
562.213 558.496
558.77 557.267
557.831 558.883
551.105 552.849
540.894 546.287
538.149 549.904
540.388 547.989
538.207 542.079
531.7 543.025
529.318 548.59
527.194 547.457
518.893 549.281
513.435 549.284
512.026 541.949
511.728 534.223
509.825 522.944
-1 -1
-1 -1
-1 -1
-1 -1
-1 -1
-1 -1
-1 -1
-1 -1
498.282 504.289
497.092 506.373
493.203 507.013
483.198 510.263
478.889 516.12
478.552 515.219
477.738 523.222
481.998 541.782
481.626 547.434
472.535 546.137
471.348 554.529
473.947 560.49
465.461 552.248
457.304 552.225
460.011 560.447
464.524 567.763
452.202 565.176
445.748 567.103
449.844 574.24
446.935 580.797
434.919 582.64
432.22 576.828
434.291 565.43
-1 -1
-1 -1
-1 -1
-1 -1
-1 -1
-1 -1
-1 -1
417.78 522.133
417.273 526.443
410.132 527.3
400.605 522.361
397.97 524.747
396.339 534.683
402.368 543.337
412.187 556.748
406.683 558.221
402.405 559.67
406.842 569.413
409.872 574.806
405.113 578.444
403.87 586.81
403.653 600.062
400.38 609.656
400.604 617.179
403.014 623.396
402.389 632.035
401.582 638.549
406.13 626.936
-1 -1
-1 -1
-1 -1
-1 -1
-1 -1
-1 -1
-1 -1
-1 -1
-1 -1
-1 -1
-1 -1
527.38 603.595
543.073 621.104
541.453 617.897
528.939 603.105
529.236 599.786
534.917 605.069
521.796 592.591
514.343 604.224
513.53 608.133
492.473 597.603
485.717 609.318
468.774 621.905
471.807 627.632
469.139 618.76
-1 -1
-1 -1
-1 -1
-1 -1
-1 -1
-1 -1
-1 -1
-1 -1
-1 -1
-1 -1
-1 -1
583.765 595.172
582.085 601.686
583.274 594.796
580.175 587.343
579.188 592.483
581.418 604.17
577.499 600.29
566.86 603.992
563.907 625.509
563.721 635.031
555.126 631.709
551.537 640.366
552.887 655.189
548.981 654.838
540.88 654.275
536.232 659.744
530.496 658.277
521.108 646.226
519.912 636.643
-1 -1
-1 -1
-1 -1
-1 -1
-1 -1
-1 -1
-1 -1
563.263 558.066
551.147 565.058
550.639 551.8
536.406 541.775
527.128 533.349
518.959 530.743
519.549 552.197
517.387 557.465
503.834 546.878
499.411 549.584
496.566 557.803
480.756 556.142
469.319 550.524
469.623 550.966
468.29 545.606
-1 -1
-1 -1
-1 -1
-1 -1
-1 -1
-1 -1
-1 -1
-1 -1
-1 -1
-1 -1
478.108 521.282
457.48 527.333
452.36 539.933
453.555 548.767
454.397 551.031
452.614 554.317
447.495 558.982
449.211 568.692
457.359 583.309
454.98 590.385
446.688 596.493
448.076 605.645
447.737 613.393
441.588 622.574
433.737 627.53
428.845 624.236
424.681 613.571
416.847 598.494
-1 -1
-1 -1
-1 -1
-1 -1
-1 -1
-1 -1
-1 -1
405.969 567.308
405.202 581.38
402.705 589.861
405.176 595.9
416.784 607.061
423.771 617.097
419.908 620.976
422.721 625.487
423.109 632.201
420.647 637.165
416.437 642.047
411.576 648.495
407.969 652.808
398.457 649.661
-1 -1
-1 -1
-1 -1
-1 -1
-1 -1
-1 -1
-1 -1
382.812 575.664
377.809 583.709
383.273 597.431
390.705 609.062
396.612 624.498
401.422 634.879
401.509 636.547
403.748 645.244
404.494 656.984
400.732 663.289
397.936 669.292
395.216 672.431
390.3 668.564
385.41 656.872
384.008 644.648
-1 -1
-1 -1
-1 -1
-1 -1
-1 -1
-1 -1
-1 -1
-1 -1
-1 -1
-1 -1
426.189 637.571
428.077 651.782
438.184 662.891
446.895 671.134
455.708 676.843
466.11 675.684
478.84 671.465
490.707 672.015
502.451 679.102
510.604 689.836
511.623 696.888
525.019 692.989
-1 -1
-1 -1
-1 -1
-1 -1
-1 -1
-1 -1
-1 -1
-1 -1
-1 -1
-1 -1
506.095 689.976
509.781 693.47
517.865 704.541
541.346 708.515
554.514 700.682
574.039 695.991
582.774 694.487
589.119 696.039
594.024 696.759
597.208 697.403
-1 -1
-1 -1
-1 -1
-1 -1
-1 -1
-1 -1
-1 -1
-1 -1
-1 -1
-1 -1
-1 -1
-1 -1
-1 -1
573.215 644.389
578.825 664.42
583.375 676.77
581.133 686.583
585.26 698.353
587.7 699.376
587.571 691.669
582.3 672.709
572.13 670.318
563.214 686.415
552.662 677.877
-1 -1
-1 -1
-1 -1
-1 -1
-1 -1
-1 -1
544.866 682.641
544.321 703.468
543.489 712.908
541.195 718.618
540.94 720.373
538.836 716.365
533.026 706.691
524.936 697.606
517.614 696.269
508.215 701.003
499.62 705.239
493.804 712.277
485.541 714.389
476.068 712.161
471.118 711.43
466.368 712.764
458.451 712.247
451.329 710.616
443.857 708.165
435.256 710.049
426.923 711.866
-1 -1
-1 -1
-1 -1
-1 -1
-1 -1
-1 -1
422.005 717.089
423.85 721.796
420.672 723.001
412.666 725.738
410.011 723.998
406.055 720.178
403.079 715.537
400.203 709.835
403.987 709.567
406.137 710.721
402.635 708.511
399.979 705.749
394.133 703.921
389.702 701.705
390.54 698.544
398.406 698.326
406.59 696.246
408.871 694.339
417.531 696.824
425.077 697.388
425.171 694.416
430.468 697.37
439.634 703.653
437.533 709.595
434.662 713.869
436.511 718.183
440.6 721.27
441.583 721.211
445.844 719.806
457.486 720.23
469.015 722.042
471.412 717.851
470.305 710.199
474.925 705.551
479.372 700.86
-1 -1
-1 -1
-1 -1
-1 -1
-1 -1
-1 -1
-1 -1
-1 -1
-1 -1
-1 -1
451.007 677.01
454.573 690.367
465.917 702.037
474.407 709.105
463.874 703.151
452.32 694.414
448.445 694.285
448.594 698.621
453.472 707.191
464.857 712.707
477.309 715.649
486.445 716.826
503.68 712.155
506.471 712.434
508.395 711.271
511.96 706.346
-1 -1
-1 -1
-1 -1
-1 -1
-1 -1
-1 -1
514.026 681.192
530.907 713.061
537.592 719.334
544.527 721.065
553.427 718.282
561.999 708.644
559.789 704.687
563.893 706.598
569.295 706.602
573.302 702.961
579.894 700.087
-1 -1
-1 -1
-1 -1
-1 -1
-1 -1
-1 -1
-1 -1
-1 -1
-1 -1
-1 -1
538.073 663.964
542.592 674.423
552.857 684.102
560.092 691.84
568.794 693.878
579.857 689.717
585.531 681.233
584.646 670.02
585.569 662.213
588.364 659.143
590.873 650.521
-1 -1
-1 -1
-1 -1
-1 -1
-1 -1
-1 -1
-1 -1
-1 -1
562.487 616.512
555.801 633.319
554.457 641.958
546.862 649.896
537.099 649.359
529.002 640.63
525.125 627.316
520.12 616.554
514.706 604.569
518.975 595.382
531.473 591.573
-1 -1
-1 -1
-1 -1
-1 -1
-1 -1
-1 -1
-1 -1
-1 -1
-1 -1
-1 -1
589.061 637.594
590.933 648.735
589.204 662.92
592.646 666.539
595.689 661.61
595.567 647.522
596.589 626.885
594.373 618.513
592.248 611.86
589.468 601.568
583.68 593.262
578.143 585.182
573.852 579.045
-1 -1
-1 -1
-1 -1
-1 -1
-1 -1
-1 -1
525.102 592.112
531.017 612.777
534.514 629.294
531.751 651.735
536.927 662.389
540.711 656.139
532.419 642.038
525.513 624.333
519.6 617.018
505.263 611.311
490.626 604.159
483.212 601.575
484.039 596.601
-1 -1
-1 -1
-1 -1
-1 -1
-1 -1
-1 -1
516.106 551.698
528.654 572.219
540.716 573.736
547.575 571.034
560.297 551.986
556.197 567.535
557.871 541.53
550.792 533.182
541.118 531.594
529.861 529.951
523.972 526.543
520.857 524.595
511.566 524.911
497.538 524.022
-1 -1
-1 -1
-1 -1
-1 -1
-1 -1
-1 -1
-1 -1
-1 -1
460.558 549.404
472.788 563.735
479.43 572.449
479.266 577.434
473.645 571.744
460.135 564.882
446.326 556.543
440.236 547.53
433.679 548.073
433.517 558.392
439.381 570.243
432.64 578.82
423.786 583.647
419.611 579.577
411.512 573.984
-1 -1
-1 -1
-1 -1
-1 -1
-1 -1
-1 -1
-1 -1
-1 -1
468.703 515.542
467.791 528.246
473.678 537.904
473.843 532.567
462.182 527.645
452.935 523.932
444.311 520.073
437.203 520.658
436.079 533.532
432.635 533.911
428.192 542.023
426.112 543.247
-1 -1
-1 -1
-1 -1
-1 -1
389.912 572.591
398.048 584.792
402.473 593.785
399.287 599.387
401.527 603.785
410.753 613.213
420.501 626.415
414.699 630.387
408.375 638.688
405.622 649.435
397.318 655.227
395.042 658.164
394.556 662.703
393.112 664.999
394.079 662.107
-1 -1
-1 -1
-1 -1
-1 -1
-1 -1
-1 -1
418.519 687.277
418.324 688.433
438.265 682.29
441.187 671.761
458.892 665.616
470.04 648.536
471.362 643.778
486.308 650.076
502.177 659.655
506.569 664.779
512.832 668.685
526.197 672.496
536.538 670.697
-1 -1
-1 -1
-1 -1
-1 -1
-1 -1
-1 -1
537.77 631.671
541.715 635.279
552.654 633.653
564.73 634.028
576.317 632.334
583.544 630.124
585.508 631.732
587.526 627.832
561.794 603.708
557.951 599.675
560.287 601.842
-1 -1
-1 -1
-1 -1
-1 -1
-1 -1
-1 -1
-1 -1
580.753 566.215
584.811 574.353
588.772 576.237
589.805 578.402
592.3 571.525
593.389 558.516
587.672 558.524
582.506 549.645
580.498 550.721
580.108 549.016
581.346 540.824
582.921 531.746
585.686 526.664
589.424 518.645
-1 -1
-1 -1
-1 -1
-1 -1
-1 -1
-1 -1
-1 -1
571.253 547.944
567.167 541.575
556.228 567.668
552.743 548.936
549.645 552.094
544.731 546.89
535.313 542.407
534.24 552.046
536.195 561.402
528.369 551.099
522.368 533.095
523.593 523.903
522.174 512.684
-1 -1
-1 -1
-1 -1
-1 -1
-1 -1
-1 -1
-1 -1
535.586 529.78
529.13 538.548
521.975 537.858
516.37 548.954
508.162 558.23
504.34 572.108
509.599 590.769
515.497 604.129
516.747 620.133
516.282 627.151
513.107 622.945
509.06 617.612
-1 -1
-1 -1
-1 -1
-1 -1
-1 -1
-1 -1
546.152 622.416
537.709 611.407
531.115 610.303
532.604 619.541
536.334 627.5
532.126 638.122
525.724 649.358
520.082 660.703
513.584 672.389
510.02 677.991
500.901 669.388
-1 -1
-1 -1
-1 -1
-1 -1
-1 -1
-1 -1
-1 -1
-1 -1
-1 -1
479.753 618.226
480.753 633.313
488.6 637.431
507.267 639.033
525.024 632.121
-1 -1
-1 -1
-1 -1
-1 -1
-1 -1
-1 -1
-1 -1
-1 -1
-1 -1
457.23 629.364
472.405 648.398
490.598 654.255
497.689 655.447
497.29 646.558
499.169 635.296
-1 -1
-1 -1
-1 -1
-1 -1
-1 -1
438.894 598.276
443.776 625.859
446.834 636.709
-1 -1
-1 -1
-1 -1
-1 -1
-1 -1
-1 -1
-1 -1
-1 -1
-1 -1
-1 -1
-1 -1
-1 -1
-1 -1
-1 -1
525.529 667.78
528.54 675.557
532.991 683.247
538.507 681.705
543.286 677.391
550.814 664.602
556.574 649.266
553.343 641.211
546.036 627.9
536.368 625.787
533.214 634.86
532.026 644.313
528.294 652.937
527.684 656.489
531.733 658.566
537.709 658.514
540.386 653.142
541.586 643.157
541.476 637.861
539.032 631.713
532.725 622.544
525.653 618.366
520.633 619.509
514.812 623.274
509.959 630.178
509.177 636.308
512.413 643.177
515.175 640.613
519.369 624.678
510.38 610.299
504.335 606.155
495.903 605.684
488.288 613.072
485.638 622.183
485.144 635.441
486.913 644.131
490.594 646.92
494.503 645.366
498.458 642.109
498.234 634.79
495.211 624.391
488.711 614.902
482.21 607.783
473.915 605.144
464.234 606.442
459.372 615.41
460.494 626.112
462.56 632.605
464.639 637.842
470.195 640.165
472.827 637.6
469.806 629.76
467.76 618.585
461.654 609.036
453.774 606.202
445.473 607.363
434.838 634.782
437.46 643.128
445.227 648.392
443.638 644.341
443.752 638.534
440.613 631.451
431.305 624.598
423.517 622.119
418.17 627.379
414.117 637.715
414.358 648.786
421.642 662.301
426.256 668.219
430.056 671.088
440.428 671.384
440.732 664.699
435.356 655.877
431.319 652.466
424.346 651.707
417.524 656.503
413.533 665.571
415.973 674.966
425.098 688.324
447.273 699.615
458.707 700.204
461.562 695.869
474.627 697.283
490.799 697.538
-1 -1
-1 -1
-1 -1
-1 -1
-1 -1
-1 -1
-1 -1
-1 -1
-1 -1
-1 -1
-1 -1
-1 -1
-1 -1
-1 -1
-1 -1
-1 -1
-1 -1
-1 -1
-1 -1
-1 -1
-1 -1
-1 -1
-1 -1
-1 -1
-1 -1
-1 -1
-1 -1
-1 -1
-1 -1
-1 -1
-1 -1
-1 -1
-1 -1
-1 -1
-1 -1
-1 -1
-1 -1
-1 -1
-1 -1
-1 -1
-1 -1
-1 -1
-1 -1
-1 -1
-1 -1
-1 -1
-1 -1
-1 -1
-1 -1
-1 -1
-1 -1
-1 -1
-1 -1
-1 -1
-1 -1
-1 -1
-1 -1
-1 -1
-1 -1
-1 -1
-1 -1
-1 -1
-1 -1
-1 -1
-1 -1
-1 -1
-1 -1
-1 -1
-1 -1
-1 -1
-1 -1
-1 -1
-1 -1
-1 -1
-1 -1
-1 -1
-1 -1
-1 -1
-1 -1
-1 -1
-1 -1
-1 -1
-1 -1
-1 -1
-1 -1
-1 -1
-1 -1
-1 -1
-1 -1
-1 -1
-1 -1
-1 -1
-1 -1
-1 -1
-1 -1
-1 -1
-1 -1
-1 -1
-1 -1
-1 -1
-1 -1
-1 -1
-1 -1
-1 -1
-1 -1
-1 -1
-1 -1
-1 -1
-1 -1
-1 -1
-1 -1
-1 -1
-1 -1
-1 -1
-1 -1
-1 -1
-1 -1
-1 -1
-1 -1
-1 -1
-1 -1
-1 -1
-1 -1
-1 -1
-1 -1
-1 -1
-1 -1
-1 -1
-1 -1
-1 -1
-1 -1
-1 -1
-1 -1
-1 -1
-1 -1
-1 -1
-1 -1
-1 -1
-1 -1
-1 -1
-1 -1
-1 -1
-1 -1
-1 -1
-1 -1
-1 -1
-1 -1
-1 -1
-1 -1
-1 -1
-1 -1
-1 -1
-1 -1
-1 -1
-1 -1
-1 -1
-1 -1
-1 -1
-1 -1
-1 -1
-1 -1
-1 -1
-1 -1
-1 -1
-1 -1
-1 -1
-1 -1
-1 -1
-1 -1
-1 -1
-1 -1
-1 -1
-1 -1
-1 -1
-1 -1
-1 -1
-1 -1
-1 -1
-1 -1
-1 -1
-1 -1
-1 -1
-1 -1
-1 -1
-1 -1
-1 -1
-1 -1
-1 -1
-1 -1
-1 -1
-1 -1
-1 -1
-1 -1
-1 -1
-1 -1
