-1 -1
-1 -1
-1 -1
-1 -1
-1 -1
-1 -1
-1 -1
-1 -1
-1 -1
-1 -1
-1 -1
-1 -1
-1 -1
-1 -1
-1 -1
-1 -1
-1 -1
-1 -1
-1 -1
-1 -1
-1 -1
-1 -1
-1 -1
-1 -1
-1 -1
-1 -1
-1 -1
-1 -1
-1 -1
-1 -1
-1 -1
-1 -1
-1 -1
-1 -1
-1 -1
-1 -1
-1 -1
-1 -1
-1 -1
-1 -1
-1 -1
-1 -1
-1 -1
-1 -1
-1 -1
-1 -1
-1 -1
-1 -1
-1 -1
-1 -1
-1 -1
-1 -1
-1 -1
-1 -1
-1 -1
-1 -1
-1 -1
-1 -1
-1 -1
493.484 640.41
494.183 643.603
494.227 642.695
494.825 642.607
494.448 644.196
494.924 643.266
497.571 641.717
498.086 641.002
499.263 634.345
501.177 626.315
501.552 627.043
501.595 626.589
501.242 628.655
501.261 628.661
501.529 626.192
501.366 624.688
501.842 622.464
502.021 622.211
502.508 622.219
502.282 623.944
502.37 623.341
503.607 624.012
503.792 624.96
503.83 625.241
505.239 625.611
506.085 628.4
507.919 630.791
509.284 632.84
510.563 635.107
512.726 637.946
513.713 640.945
514.155 645.493
514.679 648.582
513.099 655.959
513.132 658.656
514.907 661.783
516.052 664.832
516.605 668.915
517.393 673.913
517.843 678.362
517.665 683.9
517.6 687.993
517.698 691.724
517.545 694.333
517.234 697.109
517.108 699.662
517.139 701.695
517.158 702.904
517.37 703.628
517.348 705.527
517.212 706.469
516.848 707.083
516.181 708.918
515.909 711.516
515.781 713.041
515.639 713.363
515.22 714.537
515.179 714.826
515.087 715.406
514.744 716.577
514.516 717.288
513.877 718.995
513.967 719.763
513.598 721.481
512.684 724.534
512.553 727.012
512.334 727.654
512.067 727.909
512.154 727.917
511.664 728.139
511.225 728.318
511.207 728.21
510.694 728.528
510.49 728.115
510.919 727.411
510.514 727.275
510.506 727.066
510.407 726.701
510.348 726.651
510.013 727.187
508.877 727.716
507.565 727.801
-1 -1
-1 -1
-1 -1
-1 -1
-1 -1
-1 -1
-1 -1
-1 -1
-1 -1
-1 -1
-1 -1
-1 -1
-1 -1
-1 -1
-1 -1
-1 -1
-1 -1
-1 -1
-1 -1
-1 -1
-1 -1
-1 -1
-1 -1
-1 -1
-1 -1
-1 -1
-1 -1
-1 -1
-1 -1
-1 -1
-1 -1
-1 -1
-1 -1
-1 -1
-1 -1
-1 -1
-1 -1
-1 -1
-1 -1
-1 -1
-1 -1
-1 -1
-1 -1
-1 -1
-1 -1
498.989 606.294
501.276 608.765
501.34 609.421
500.293 610.263
500.435 611.042
499.872 610.335
500.84 606.132
501.409 596.542
501.907 584.019
502.746 575.778
502.884 570.899
502.872 570.163
502.777 570.63
502.452 570.188
502.686 569.476
502.447 568.671
502.556 569.174
502.401 568.025
502.257 568.69
502.257 569.876
502.162 569.286
502.025 569.303
501.655 572.567
501.132 573.564
501.211 573.607
500.617 576.25
499.558 582.705
498.142 587.454
495.906 596.188
494.057 610.055
492.609 621.1
489.83 628.473
486.593 641.448
482.961 656.434
478.519 674.284
476.083 682.206
473.53 696.234
472.547 700.51
471.889 705.406
471.225 709.431
471.06 711.068
470.368 713.431
469.916 715.349
469.736 716.739
469.365 718.475
469.068 720.495
469.04 720.882
469.074 722.413
469.085 724.417
468.977 724.133
468.926 724.982
468.442 725.696
468.683 724.91
468.787 725.781
468.785 726.182
468.716 725.35
468.361 725.351
467.936 725.779
467.492 724.802
467.062 722.86
466.7 723.052
-1 -1
-1 -1
-1 -1
-1 -1
-1 -1
-1 -1
-1 -1
-1 -1
-1 -1
-1 -1
-1 -1
-1 -1
-1 -1
-1 -1
-1 -1
-1 -1
-1 -1
-1 -1
-1 -1
-1 -1
-1 -1
-1 -1
-1 -1
-1 -1
-1 -1
-1 -1
-1 -1
-1 -1
-1 -1
-1 -1
-1 -1
-1 -1
469.389 662.751
469.176 664.18
469.645 663.76
469.062 663.934
469.079 664.465
469.286 664.411
469.001 664.918
469.294 664.18
469.334 664.124
469.348 664.867
469.474 664.001
469.354 663.88
469.881 660.827
472.023 655.145
473.683 646.515
475.027 633.142
477.566 624.194
482.113 618.856
484.15 611.523
484.791 605.339
487.373 597.461
489.213 588.358
490.578 580.658
493.356 569.993
497.482 549.87
499.216 538.064
500.747 529.658
501.459 524.588
502.255 516.542
504.03 509.143
504.99 506.44
504.934 504.374
505.495 504.561
506.401 506.35
505.518 511.271
506.579 518.279
505.919 524.115
506.198 530.643
506.772 534.614
506.897 537.524
506.765 543.328
506.357 546.735
506.918 547.051
507.453 551.654
507.503 551.773
507.535 553.405
507.312 553.817
507.549 555.044
507.09 554.759
507.787 555.251
507.901 555.357
507.545 554.682
507.968 553.878
507.859 552.677
508.051 551.04
508.448 547.116
508.356 546.492
508.13 547.779
508.158 545.801
508.366 545.728
507.847 546.932
507.643 545.348
507.574 545.646
507.176 545.336
507.098 546.184
506.801 548.021
506.307 549.27
506.632 547.995
506.14 548.144
506.286 548.496
506.585 546.633
506.082 547.125
-1 -1
-1 -1
-1 -1
-1 -1
-1 -1
-1 -1
-1 -1
-1 -1
-1 -1
-1 -1
-1 -1
-1 -1
-1 -1
-1 -1
-1 -1
-1 -1
-1 -1
-1 -1
-1 -1
-1 -1
-1 -1
-1 -1
-1 -1
-1 -1
-1 -1
-1 -1
-1 -1
-1 -1
501.074 687.34
501.529 687.835
501.74 687.52
501.573 688.134
501.962 688.027
501.984 687.501
502.103 687.979
502.113 687.513
502.273 686.994
502.411 687.67
502.161 687.496
502.47 687.62
502.38 687.711
502.545 687.837
502.358 687.734
502.11 688.274
502.097 688.074
501.853 687.445
500.732 686.879
499.956 686.184
498.998 685.229
497.712 685.017
497.037 685.206
496.822 686.223
496.534 686.055
496.353 685.623
494.767 683.273
493.948 682.297
492.129 680.135
490.333 679.155
491.039 679.948
488.568 680.649
486.326 679.891
486.116 680.107
483.144 679.708
480.448 678.409
478.518 678.21
476.743 677.517
474.081 676.948
471.736 678.109
469.463 678.43
467.24 678.868
466.309 680.458
465.173 681.437
463.226 682.21
462.438 683.474
461.94 683.862
460.464 683.752
459.288 684.509
459.039 684.621
458.408 684.705
458.283 685.863
457.909 686.216
457.493 686.542
457.641 687.313
457.471 688.16
456.924 688.088
456.397 688.263
455.865 690.342
455.796 693.324
455.677 693.708
454.971 693.344
-1 -1
-1 -1
-1 -1
-1 -1
-1 -1
-1 -1
-1 -1
-1 -1
-1 -1
-1 -1
-1 -1
-1 -1
-1 -1
-1 -1
-1 -1
-1 -1
-1 -1
-1 -1
-1 -1
-1 -1
-1 -1
404.126 612.82
406.119 612.861
410.22 614.407
411.991 612.575
413.486 612.856
413.895 613.29
414.249 615.781
414.342 614.994
414.874 615.598
414.72 615.794
414.879 615.647
415.658 616.709
416.512 616.892
418.583 616.446
423.101 617.443
427.536 616.805
433.704 615.946
443.987 617.902
449.679 617.281
451.934 616.674
458.701 618.126
463.645 619.501
469.35 620.081
474.229 621.232
476.62 621.161
480.442 621.35
482.818 621.624
484.797 620.441
488.308 618.681
491.314 617.969
493.444 616.318
495.549 615.917
497.94 616.022
499.047 616.36
500.231 616.217
501.907 615.506
502.56 616.464
503.67 616.304
505.374 615.321
506.884 614.268
507.71 612.32
507.951 610.332
509.037 609.111
510.005 608.881
510.073 608.483
510.552 608.522
510.915 608.012
509.706 608.947
508.986 610.228
509.57 611.215
-1 -1
-1 -1
-1 -1
-1 -1
-1 -1
-1 -1
-1 -1
-1 -1
-1 -1
-1 -1
-1 -1
-1 -1
-1 -1
-1 -1
-1 -1
-1 -1
-1 -1
-1 -1
-1 -1
-1 -1
-1 -1
-1 -1
-1 -1
-1 -1
365.395 689.467
366.537 689.296
367.927 689.749
367.917 689.304
368.522 689.015
368.391 689.043
368.161 688.691
368.417 688.573
368.762 688.83
369.549 688.717
370.249 688.112
371.583 686.362
374.231 683.19
378.153 680.518
381.016 677.488
398.533 670.918
399.034 667.755
401.618 665.039
406.934 654.309
412.663 649.078
414.635 645.361
415.951 642.547
417.359 641.336
416.347 638.777
416.138 634.502
416.968 629.55
417.62 626.511
416.61 621.911
416.192 620.983
416.157 618.469
416.037 618.316
415.87 619.128
416.231 618.662
415.591 618.29
416.036 619.078
416.155 619.495
416.116 619.983
416.326 621.065
415.664 621.207
415.681 622.215
415.627 623.34
415.131 623.661
415.687 624.793
415.967 625.323
415.331 625.319
414.594 625.251
415.159 625.282
415.009 625.956
414.423 626.046
414.779 626.054
414.479 627.121
414.173 628.676
414.258 628.878
414.962 628.543
414.423 629.946
415.366 631.549
416.22 631.724
414.002 627.812
411.355 623.995
-1 -1
-1 -1
-1 -1
-1 -1
-1 -1
-1 -1
-1 -1
-1 -1
-1 -1
-1 -1
-1 -1
-1 -1
-1 -1
-1 -1
-1 -1
-1 -1
-1 -1
-1 -1
-1 -1
-1 -1
-1 -1
-1 -1
-1 -1
-1 -1
473.454 708.436
473.175 708.777
473.283 708.561
472.878 708.299
472.79 707.003
472.326 705.454
472.208 705.454
472.28 705.625
472.242 705.407
472.064 705.162
472.172 705.623
471.945 706.052
471.019 705.594
469.487 704.537
466.976 704.696
463.915 703.826
460.778 702.613
457.855 701.731
445.958 697.74
439.7 695.746
434.169 694.913
428.491 692.632
420.611 690.472
413.193 687.493
407.448 684.388
401.994 684.059
396.091 683.152
392.817 681.371
388.39 680.054
386.205 678.488
384.107 676.391
382.658 675.379
382.586 674.339
382.201 673.247
380.657 671.638
380.941 671.821
380.059 670.59
380.777 670.749
385.924 672.633
391.269 673.422
399.393 671.882
400.377 672.128
404.887 672.053
406.531 671.393
406.514 671.391
408.603 671.665
409.954 671.988
411.152 672.41
411.604 672.747
412.817 673.76
414.3 674.065
415.882 675.083
416.51 675.237
417.787 675.709
417.908 675.285
417.781 675.2
418.741 675.706
418.642 675.47
418.836 675.47
419.478 676.106
418.192 675.607
417.588 672.906
418.319 670.65
-1 -1
-1 -1
-1 -1
-1 -1
-1 -1
-1 -1
-1 -1
-1 -1
-1 -1
-1 -1
-1 -1
-1 -1
-1 -1
-1 -1
-1 -1
-1 -1
-1 -1
-1 -1
-1 -1
416.724 682.551
417.104 683.277
417.159 684.514
418.104 684.969
418.793 685.697
418.399 685.592
418.475 685.722
418.562 686.078
418.29 685.843
417.088 685.651
416.163 685.638
414.492 685.652
412.085 686.13
407.203 686.605
404.701 686.529
402.271 687.436
399.687 687.206
395.383 688.257
393.743 689.132
390.671 689.651
387.69 690.005
386.102 691.057
384.378 692.161
382.283 693.242
380.85 693.407
380.011 694.022
378.709 695.038
376.491 695.289
375.492 695.63
375.085 696.38
373.505 696.576
373.763 696.946
373.259 697.466
373.198 697.359
372.965 697.505
373.192 697.611
373.153 696.754
373.148 695.769
373.782 695.171
374.054 694.102
372.534 691.565
371.743 689.362
-1 -1
-1 -1
-1 -1
-1 -1
-1 -1
-1 -1
-1 -1
-1 -1
-1 -1
-1 -1
-1 -1
-1 -1
-1 -1
-1 -1
-1 -1
-1 -1
-1 -1
-1 -1
-1 -1
-1 -1
-1 -1
-1 -1
-1 -1
-1 -1
-1 -1
-1 -1
-1 -1
-1 -1
-1 -1
-1 -1
-1 -1
-1 -1
411.592 595.775
411.449 595.636
412.235 595.697
411.906 596.55
411.598 595.963
411.767 594.498
411.344 591.331
411.62 589.807
411.482 590.921
410.97 594.317
410.757 594.161
411.069 594.392
410.776 593.356
410.57 591.951
409.537 583.421
408.657 576.614
407.252 567.162
406.23 560.9
406.269 558.745
406.22 558.259
405.892 555.113
406.229 553.045
406.376 554.109
406.657 553.985
406.979 554.162
407.663 556.29
408.169 555.052
410.037 553.498
410.086 552.629
410.811 549.446
411.69 548.293
411.217 547.837
410.728 543.094
411.074 535.619
410.17 532.543
409.504 536.888
409.272 541.729
408.198 541.809
408.021 542.34
408.094 543.974
408.195 545.144
407.94 544.476
407.936 546.49
408.485 548.184
408.212 547.902
408.97 549.865
407.221 550.901
406.587 548.686
-1 -1
-1 -1
-1 -1
-1 -1
-1 -1
-1 -1
-1 -1
-1 -1
-1 -1
-1 -1
-1 -1
-1 -1
-1 -1
-1 -1
-1 -1
-1 -1
-1 -1
-1 -1
-1 -1
-1 -1
-1 -1
-1 -1
-1 -1
463.4 613.037
464.129 613.285
464.069 611.94
464.148 611.809
464.911 611.777
463.205 610.698
463.628 610.986
463.242 609.83
462.239 606.128
461.57 602.018
461.101 595.69
461.327 590.713
462.058 587.455
461.801 582.556
459.951 576.608
458.674 571.286
458.234 568.051
457.208 563.325
455.762 555.735
454.695 550.249
453.875 542.366
452.56 537.071
452.552 536.768
452.581 537.069
452.037 535.845
452.613 535.628
451.875 531.551
452.299 532.992
451.925 531.924
452.49 535.244
452.109 536.147
452.137 534.368
452.576 534.682
451.808 534.42
451.864 533.178
456.383 545.346
-1 -1
-1 -1
-1 -1
-1 -1
-1 -1
-1 -1
-1 -1
-1 -1
-1 -1
-1 -1
-1 -1
-1 -1
-1 -1
-1 -1
-1 -1
-1 -1
-1 -1
-1 -1
-1 -1
-1 -1
-1 -1
-1 -1
458.502 551.381
458.652 553.427
458.651 555.936
458.571 555.777
458.77 555.341
458.446 554.919
458.51 555.232
458.259 555.102
457.9 554.426
457.728 556.605
457.302 558.477
456.293 567.31
453.813 570.455
451.742 580.669
445.828 589.936
442.254 600.976
438.692 605.892
434.988 622.687
431.859 626.11
430.71 631.643
430.605 635.766
429.237 638.155
428.101 641.541
427.701 643.018
425.757 644.023
424.634 645.669
424.087 646.577
422.904 646.044
421.7 646.079
420.797 645.316
420.97 645.216
419.962 644.071
419.411 642.504
419.062 641.108
418.324 640.562
417.424 637.794
417.698 638.953
417.897 639.704
418.013 639.128
419.232 638.676
-1 -1
-1 -1
-1 -1
-1 -1
-1 -1
-1 -1
-1 -1
-1 -1
-1 -1
-1 -1
-1 -1
-1 -1
-1 -1
-1 -1
-1 -1
-1 -1
409.374 564.039
408.098 561.538
407.729 559.508
407.346 558.562
407.222 557.026
407.837 557.329
407.648 555.646
407.781 555.085
408.394 556.937
408.779 558.025
408.902 557.906
409.141 558.632
409.485 559.412
409.782 559.596
409.77 559.11
410.761 560.324
411.575 561.115
413.864 563.634
416.886 566.076
423.367 573.684
427.838 578.727
430.723 582.841
433.832 587.093
437.217 592.697
440.43 597.414
443.935 604.636
446.761 610.317
448.462 613.793
450.756 621.518
451.537 623.647
453.61 626.59
454.827 629.441
456.057 631.038
457.225 632.508
457.771 633.756
458.599 634.747
458.826 634.112
458.855 634.072
459.172 633.926
460.056 633.391
460.833 633.224
461.118 633.153
460.978 633.402
461.037 633.53
460.676 634.189
460.549 634.103
460.638 633.032
-1 -1
-1 -1
-1 -1
-1 -1
-1 -1
-1 -1
-1 -1
-1 -1
-1 -1
-1 -1
-1 -1
-1 -1
-1 -1
-1 -1
-1 -1
-1 -1
-1 -1
-1 -1
-1 -1
-1 -1
-1 -1
-1 -1
-1 -1
-1 -1
464.946 700.647
464.103 701.408
464.281 701.126
464.231 700.863
464.486 701.424
464.188 701.046
464.354 700.23
464.93 700.387
466.03 700.801
467.142 700.346
468.681 700.725
472.273 701.995
476.929 703.444
480.889 704.604
484.117 705.551
485.985 706.443
486.892 706.543
488.03 707.59
489.414 707.814
490.933 708.462
492.662 709.306
494.169 709.976
495.432 711.214
496.027 712.637
498.769 715.844
499.889 717.13
500.498 718.559
501.115 720.417
501.992 721.263
503.149 721.54
503.994 721.034
504.624 721.02
505.351 720.541
506.207 719.243
507.009 719.296
507.737 718.646
508.44 718.054
508.822 718.728
509.423 718.665
510.033 718.966
510.292 719.161
510.74 718.891
511.263 719.056
512.013 718.881
512.901 718.378
513.261 717.986
513.971 717.962
514.34 717.985
514.497 717.677
515.171 716.607
515.748 715.777
515.525 716.246
516.26 715.734
516.551 715.631
516.18 715.829
516.498 715.767
516.234 716.289
515.82 717.162
515.523 717.166
515.182 717.356
514.468 718.709
513.645 717.36
513.357 713.374
-1 -1
-1 -1
-1 -1
-1 -1
-1 -1
-1 -1
-1 -1
-1 -1
-1 -1
-1 -1
-1 -1
-1 -1
-1 -1
-1 -1
509.186 701.315
509.293 702.087
509.756 702.383
509.864 702.377
509.877 701.326
509.981 700.359
510.047 700.278
510.235 699.936
510.069 699.166
509.85 699.389
509.889 699.645
509.648 700.148
509.037 699.75
508.326 698.25
507.911 698.779
507.671 698.661
508.194 697.638
508.77 696.264
508.725 695.066
508.532 696.301
510.64 695.245
511.163 697.295
512.134 698.568
512.237 699.41
512.448 698.773
512.568 698.405
513.109 698.133
513.636 697.681
514.769 697.309
514.845 697.455
514.875 697.579
515.425 697.412
515.616 698.3
515.869 699.245
516.474 699.215
-1 -1
-1 -1
-1 -1
-1 -1
-1 -1
-1 -1
-1 -1
-1 -1
-1 -1
-1 -1
-1 -1
-1 -1
-1 -1
-1 -1
554.863 670.223
554.64 671.369
554.426 673.615
554.188 673.799
554.639 673.21
554.546 673.668
554.366 673.527
554.242 672.652
554.174 672.867
553.468 672.994
552.232 673.785
549.872 676.594
546.761 677.772
543.874 678.233
541.438 680.221
539.279 682.485
537.714 682.248
535.729 680.788
533.778 680.607
532.108 679.273
529.828 676.676
526.457 675.147
522.934 674.714
508.665 669.438
502.723 668.927
497.114 665.504
490.583 663.16
483.636 659.267
477.137 654.691
471.933 652.597
467.026 650.26
461.23 646.196
457.085 644.603
451.825 640.519
446.112 634.683
438.999 624.242
433.136 619.174
427.688 616.666
426.163 618.009
425.237 620.927
425.549 621.969
424.8 624.687
424.875 630.092
424.679 630.663
424.351 635.934
423.288 635.744
422.421 636.598
422.139 639.523
421.279 639.657
420.139 640.44
420.035 642.39
419.092 642.348
418.683 643.701
419.529 644.955
418.89 644.18
418.972 645.531
419.478 646.594
419.068 646.004
419.106 646.614
419.419 646.948
419.147 646.131
419.022 645.019
418.276 642.146
418.987 638.675
422.037 637.994
423.86 635.696
-1 -1
-1 -1
-1 -1
-1 -1
-1 -1
-1 -1
-1 -1
-1 -1
-1 -1
-1 -1
-1 -1
-1 -1
-1 -1
-1 -1
-1 -1
-1 -1
-1 -1
-1 -1
-1 -1
-1 -1
-1 -1
-1 -1
421.403 655.352
421.951 655.252
422.58 653.984
422.101 652.649
422.4 652.861
422.385 652.774
422.184 650.835
421.751 650.614
421.08 648.142
420.577 646.632
419.741 644.903
418.728 640.589
417.323 635.5
416.515 632.238
415.86 628.143
413.57 620.45
413.067 618.959
412.983 618.272
412.654 612.933
412.348 607.766
412.426 607.239
412.122 604.377
410.881 600.33
410.662 599.579
409.274 589.823
408.856 588.744
407.861 586.724
407.238 584.25
406.759 582.112
407.654 582.713
407.425 581.047
406.685 577.927
407.174 578.87
407.187 578.441
407.662 578.198
408.474 580.201
409.144 581.056
411.439 584.822
412.766 586.978
-1 -1
-1 -1
-1 -1
-1 -1
-1 -1
-1 -1
-1 -1
-1 -1
-1 -1
-1 -1
-1 -1
-1 -1
-1 -1
-1 -1
-1 -1
-1 -1
-1 -1
-1 -1
-1 -1
-1 -1
-1 -1
-1 -1
-1 -1
-1 -1
-1 -1
-1 -1
-1 -1
-1 -1
-1 -1
-1 -1
-1 -1
-1 -1
-1 -1
-1 -1
-1 -1
-1 -1
-1 -1
-1 -1
-1 -1
-1 -1
-1 -1
-1 -1
-1 -1
-1 -1
-1 -1
-1 -1
-1 -1
-1 -1
-1 -1
-1 -1
-1 -1
-1 -1
-1 -1
-1 -1
-1 -1
-1 -1
-1 -1
-1 -1
-1 -1
-1 -1
-1 -1
-1 -1
-1 -1
-1 -1
-1 -1
-1 -1
-1 -1
-1 -1
-1 -1
-1 -1
-1 -1
-1 -1
-1 -1
-1 -1
-1 -1
-1 -1
-1 -1
-1 -1
-1 -1
-1 -1
-1 -1
-1 -1
-1 -1
-1 -1
-1 -1
-1 -1
-1 -1
-1 -1
-1 -1
-1 -1
-1 -1
-1 -1
-1 -1
-1 -1
-1 -1
-1 -1
-1 -1
-1 -1
-1 -1
-1 -1
-1 -1
-1 -1
-1 -1
-1 -1
-1 -1
-1 -1
-1 -1
-1 -1
-1 -1
-1 -1
-1 -1
-1 -1
-1 -1
-1 -1
-1 -1
-1 -1
-1 -1
-1 -1
-1 -1
