-1 -1
-1 -1
-1 -1
-1 -1
-1 -1
-1 -1
-1 -1
-1 -1
-1 -1
-1 -1
-1 -1
-1 -1
-1 -1
-1 -1
-1 -1
-1 -1
-1 -1
-1 -1
-1 -1
-1 -1
-1 -1
-1 -1
-1 -1
-1 -1
-1 -1
-1 -1
-1 -1
-1 -1
-1 -1
-1 -1
-1 -1
-1 -1
-1 -1
-1 -1
-1 -1
-1 -1
-1 -1
-1 -1
-1 -1
-1 -1
-1 -1
-1 -1
-1 -1
-1 -1
-1 -1
-1 -1
-1 -1
-1 -1
-1 -1
-1 -1
-1 -1
-1 -1
-1 -1
-1 -1
-1 -1
-1 -1
-1 -1
-1 -1
-1 -1
-1 -1
-1 -1
-1 -1
-1 -1
-1 -1
-1 -1
-1 -1
-1 -1
-1 -1
-1 -1
568.965 598.977
571.518 598.921
576.086 594.47
575.446 598.641
574.664 603.535
575.288 606.172
574.382 612.759
572.383 615.45
571.868 615.376
571.676 616.091
571.681 615.428
571.422 614.927
571.732 615.53
572.192 614.995
572.213 614.421
572.834 614.077
572.911 613.066
573.245 612.486
572.774 612.491
572.215 612.225
571.68 613.675
570.779 615.736
568.671 621.689
566.835 627.708
563.48 634.697
560.225 644.877
558.542 656.245
556.256 664.796
551.785 670.934
549.204 676.574
547.895 681.448
545.201 684.986
542.651 687.53
541.759 690.23
540.157 693.89
538.562 695.603
537.911 695.976
537.152 697.629
536.316 699.152
536.081 698.259
-1 -1
-1 -1
-1 -1
-1 -1
-1 -1
-1 -1
-1 -1
-1 -1
-1 -1
-1 -1
-1 -1
-1 -1
-1 -1
-1 -1
-1 -1
-1 -1
-1 -1
-1 -1
-1 -1
-1 -1
-1 -1
-1 -1
-1 -1
-1 -1
-1 -1
-1 -1
-1 -1
-1 -1
-1 -1
-1 -1
-1 -1
512.716 617.106
512.779 616.897
512.808 617.405
512.65 618.118
512.675 618.379
512.89 618.77
512.732 619.415
512.67 619.505
512.078 620.152
511.797 621.251
511.762 620.797
510.819 619.874
510.538 618.474
511.241 616.1
511.767 613.735
511.266 611.552
511.536 608.2
511.879 604.795
512.188 599.907
512.975 592.043
513.827 581.635
514.867 568.915
515.715 556.865
516.543 549.053
519.076 541.905
520.798 535.963
520.689 533.889
521.727 530.309
521.464 527.439
520.502 528.395
520.443 528.634
520.928 528.282
520.203 528.236
519.209 528.514
518.665 528.247
518.752 529.168
517.831 531.638
516.502 532.797
-1 -1
-1 -1
-1 -1
-1 -1
-1 -1
-1 -1
-1 -1
-1 -1
-1 -1
-1 -1
-1 -1
-1 -1
-1 -1
-1 -1
-1 -1
-1 -1
-1 -1
-1 -1
-1 -1
-1 -1
-1 -1
-1 -1
-1 -1
-1 -1
-1 -1
-1 -1
-1 -1
-1 -1
-1 -1
-1 -1
-1 -1
-1 -1
-1 -1
-1 -1
-1 -1
-1 -1
-1 -1
-1 -1
-1 -1
517.294 717.551
516.765 718.687
517.147 718.832
517.729 718.28
517.153 718.248
516.311 717.962
516.972 717.645
517.267 717.237
516.943 716.918
517.223 716.071
517.308 713.831
516.762 711.229
516.118 707.203
516.652 701.959
516.948 697.703
517.144 693.658
517.796 687.126
517.204 680.734
517.363 675.763
518.488 669.056
518.541 662.177
517.885 656.301
518.317 648.537
518.681 641.618
517.815 636.697
517.096 631.309
517.176 627.962
516.49 628.079
516.405 626.739
516.403 624.477
516.437 624.486
516.804 623.404
517.362 621.531
516.885 620.212
516.189 618.221
516.365 617.453
516.849 618.09
516.65 618.265
516.759 617.598
516.546 618.454
515.753 619.922
514.794 619.621
-1 -1
-1 -1
-1 -1
-1 -1
-1 -1
-1 -1
-1 -1
-1 -1
-1 -1
-1 -1
-1 -1
-1 -1
-1 -1
-1 -1
-1 -1
-1 -1
-1 -1
-1 -1
-1 -1
-1 -1
-1 -1
-1 -1
526.669 512.355
526.54 514.338
527.146 516.109
527.208 517.863
526.907 519.336
527.012 520.811
526.078 522.512
525.434 522.069
525.365 521.675
524.867 521.117
525.225 521.786
526.458 522.903
527.46 525.074
527.992 528.851
530.986 533.348
536.799 541.845
540.503 549.5
543.171 554.848
548.516 562.604
554.597 572.404
558.715 578.648
560.059 584.431
560.629 589
562.727 592.947
565.492 597.514
567.42 602.724
569.604 606.005
571.562 608.765
573.591 611.949
575.675 613.52
576.301 614.674
575.73 615.127
575.66 615.054
575.282 615.386
575.026 616.344
575.002 617.019
574.667 617.539
574.511 618.179
574.828 618.764
574.901 619.013
573.938 619.982
573.566 619.755
-1 -1
-1 -1
-1 -1
-1 -1
-1 -1
-1 -1
-1 -1
-1 -1
-1 -1
-1 -1
-1 -1
-1 -1
-1 -1
-1 -1
-1 -1
-1 -1
-1 -1
-1 -1
-1 -1
-1 -1
-1 -1
-1 -1
-1 -1
-1 -1
-1 -1
453.566 632.267
453.033 631.61
452.394 631.529
452.444 632.284
453.14 632.148
453.327 631.699
453.517 632
453.193 632.009
453.299 631.473
453.012 631.618
452.335 631.849
452.3 631.511
452.387 629.686
452.334 627.583
452.072 625.091
453.244 619.504
454.152 611.144
454.867 603.245
456.976 592.85
459.306 584.882
462.592 577.314
465.412 569.304
466.804 563.302
469.208 556.788
471.212 552.523
471.896 548.602
472.684 545.071
473.571 542.223
473.277 539.404
473.454 538.43
473.557 538.222
473.364 538.344
472.977 539.496
472.393 541.244
471.405 544.592
469.833 545.993
-1 -1
-1 -1
-1 -1
-1 -1
-1 -1
-1 -1
-1 -1
-1 -1
-1 -1
-1 -1
-1 -1
-1 -1
-1 -1
-1 -1
-1 -1
-1 -1
-1 -1
-1 -1
-1 -1
-1 -1
-1 -1
-1 -1
-1 -1
-1 -1
-1 -1
-1 -1
399.925 623.297
399.983 623.477
399.779 622.879
399.69 622.922
399.577 622.972
399.661 622.974
399.903 623.528
399.819 624.232
399.905 624.276
400.407 624.968
400.526 626.285
400.51 627.338
401.421 629.384
402.499 633.439
402.971 638.775
403.236 647.288
405.052 656.188
406.983 664.903
407.497 675.237
408.489 683.244
409.213 688.258
409.683 692.475
410.193 696.146
410.851 697.804
411.068 698.933
411.478 701.054
411.787 703.291
411.769 704.619
411.838 705.993
411.16 707.775
410.953 709.624
-1 -1
-1 -1
-1 -1
-1 -1
-1 -1
-1 -1
-1 -1
-1 -1
-1 -1
-1 -1
-1 -1
-1 -1
-1 -1
-1 -1
-1 -1
-1 -1
-1 -1
-1 -1
-1 -1
-1 -1
-1 -1
-1 -1
-1 -1
-1 -1
-1 -1
-1 -1
-1 -1
-1 -1
-1 -1
-1 -1
-1 -1
-1 -1
362.978 643.616
363.654 643.214
363.788 641.403
363.126 640.711
362.958 640.588
362.491 639.577
363.021 639.427
362.905 637.327
363.229 635.376
363.881 631.794
364.329 627.001
365.869 621.831
366.697 614.537
367.831 604.789
371.367 596.982
377.927 590.467
381.072 582.897
384.045 576.552
390.09 570.718
394.791 564.607
393.695 560.376
395.178 558.784
397.665 556.083
397.758 553.004
398.199 552.34
400.009 549.863
400.441 547.148
399.764 547.395
400.314 547.998
401.279 546.988
401.831 547.85
401.725 548.903
402.841 548.02
404.168 546.959
403.122 546.612
-1 -1
-1 -1
-1 -1
-1 -1
-1 -1
-1 -1
-1 -1
-1 -1
-1 -1
-1 -1
-1 -1
-1 -1
-1 -1
-1 -1
-1 -1
-1 -1
-1 -1
-1 -1
-1 -1
-1 -1
-1 -1
-1 -1
-1 -1
-1 -1
-1 -1
-1 -1
-1 -1
-1 -1
-1 -1
463.048 537.121
463.619 539.212
464.066 539.8
463.128 539.683
462.705 540.948
463.032 542.128
462.181 542.389
461.889 543.046
461.024 544.54
458.975 545.85
456.32 547.32
450.484 550.223
444.448 554.435
435.189 559.801
427.161 565.348
420.42 571.525
412.21 576.203
405.427 580.218
399.667 585.358
393.29 591.27
387.461 596.291
382.19 601.262
376.493 607.372
368.503 610.877
362.066 614.405
357.937 620.317
353.29 622.619
347.81 623.295
345.898 626.675
345.02 628.72
344.312 629.201
343.798 630.57
343.346 631.719
343.166 631.937
344.182 632.05
345.241 632.213
344.445 632.927
344.699 633.375
346.797 633.436
347.096 634.17
346.125 634.018
-1 -1
-1 -1
-1 -1
-1 -1
-1 -1
-1 -1
-1 -1
-1 -1
-1 -1
-1 -1
-1 -1
-1 -1
-1 -1
-1 -1
-1 -1
-1 -1
-1 -1
-1 -1
-1 -1
-1 -1
-1 -1
-1 -1
-1 -1
-1 -1
-1 -1
-1 -1
-1 -1
-1 -1
-1 -1
-1 -1
-1 -1
-1 -1
-1 -1
-1 -1
-1 -1
403.666 544.283
400.109 540.917
399.091 539.855
400.54 540.722
400.271 541.683
399.473 542.353
400.771 543.938
402.906 544.965
400.119 545.03
399.562 545.789
403.797 549.709
409.19 557.299
412.11 564.381
418.358 570.992
432.562 580.19
444.55 587.473
445.324 592.433
446.614 596.715
454.155 601.619
461.425 606.137
461.609 609.398
461.101 611.523
463.322 613.402
464.593 614.942
463.005 615.416
462.231 615.651
463.536 616.776
464.361 618.212
462.73 619.09
461.815 618.655
461.585 618.797
-1 -1
-1 -1
-1 -1
-1 -1
-1 -1
-1 -1
-1 -1
-1 -1
-1 -1
-1 -1
-1 -1
-1 -1
-1 -1
-1 -1
-1 -1
-1 -1
-1 -1
-1 -1
-1 -1
-1 -1
-1 -1
-1 -1
-1 -1
-1 -1
-1 -1
-1 -1
412.333 705.246
412.086 704.929
411.489 705.468
411.531 705.195
411.789 704.577
411.913 704.773
411.831 704.834
412.048 704.821
411.429 703.651
410.657 700.904
410.336 697.952
409.653 694.223
408.88 689.41
408.332 685.719
407.777 681.531
406.19 673.961
405.367 667.005
405.713 663.039
404.98 655.809
404.6 648.509
405.078 643.337
404.842 636.91
404.688 631.081
405.12 627.646
405.333 624.54
405.002 622.124
405.088 620.479
405.112 617.894
404.374 616.627
403.948 616.478
403.882 615.049
403.996 614.443
403.107 616.442
402.587 617.027
403.218 616.873
403.541 618.314
402.345 618.547
-1 -1
-1 -1
-1 -1
-1 -1
-1 -1
-1 -1
-1 -1
-1 -1
-1 -1
-1 -1
-1 -1
-1 -1
-1 -1
-1 -1
-1 -1
-1 -1
-1 -1
-1 -1
-1 -1
-1 -1
-1 -1
-1 -1
-1 -1
-1 -1
-1 -1
-1 -1
-1 -1
-1 -1
-1 -1
-1 -1
-1 -1
-1 -1
-1 -1
-1 -1
-1 -1
-1 -1
-1 -1
-1 -1
-1 -1
-1 -1
-1 -1
-1 -1
-1 -1
-1 -1
-1 -1
-1 -1
-1 -1
-1 -1
-1 -1
-1 -1
-1 -1
-1 -1
-1 -1
-1 -1
-1 -1
-1 -1
-1 -1
-1 -1
-1 -1
-1 -1
-1 -1
-1 -1
-1 -1
-1 -1
-1 -1
-1 -1
-1 -1
-1 -1
-1 -1
-1 -1
-1 -1
-1 -1
-1 -1
-1 -1
-1 -1
-1 -1
-1 -1
-1 -1
-1 -1
-1 -1
-1 -1
-1 -1
-1 -1
-1 -1
-1 -1
-1 -1
-1 -1
-1 -1
-1 -1
-1 -1
-1 -1
-1 -1
-1 -1
-1 -1
-1 -1
-1 -1
-1 -1
-1 -1
-1 -1
-1 -1
-1 -1
-1 -1
-1 -1
-1 -1
-1 -1
-1 -1
-1 -1
-1 -1
-1 -1
-1 -1
-1 -1
-1 -1
-1 -1
-1 -1
-1 -1
-1 -1
-1 -1
-1 -1
-1 -1
-1 -1
-1 -1
-1 -1
-1 -1
-1 -1
