-1 -1
-1 -1
-1 -1
-1 -1
-1 -1
-1 -1
-1 -1
-1 -1
-1 -1
-1 -1
-1 -1
-1 -1
-1 -1
-1 -1
-1 -1
-1 -1
-1 -1
-1 -1
-1 -1
-1 -1
-1 -1
-1 -1
-1 -1
-1 -1
-1 -1
-1 -1
-1 -1
-1 -1
-1 -1
-1 -1
-1 -1
-1 -1
-1 -1
-1 -1
-1 -1
-1 -1
-1 -1
-1 -1
-1 -1
-1 -1
-1 -1
-1 -1
-1 -1
-1 -1
-1 -1
-1 -1
-1 -1
-1 -1
-1 -1
-1 -1
-1 -1
-1 -1
-1 -1
-1 -1
-1 -1
-1 -1
-1 -1
-1 -1
-1 -1
-1 -1
-1 -1
-1 -1
-1 -1
-1 -1
-1 -1
-1 -1
-1 -1
-1 -1
-1 -1
-1 -1
-1 -1
-1 -1
-1 -1
-1 -1
-1 -1
-1 -1
-1 -1
-1 -1
-1 -1
-1 -1
-1 -1
-1 -1
-1 -1
-1 -1
-1 -1
-1 -1
-1 -1
-1 -1
-1 -1
-1 -1
-1 -1
-1 -1
-1 -1
-1 -1
-1 -1
-1 -1
-1 -1
550.192 598.977
548.695 598.253
546.309 595.124
545.429 595.616
543.764 595.363
540.848 596.32
537.415 595.008
533.792 592.088
532.074 589.17
532.467 589.829
533.035 587.9
532.233 584.571
530.023 582.39
526.913 579.64
523.971 577.659
520.929 577.344
515.071 577.704
508.294 575.646
503.32 576.867
497.7 577.505
491.44 575.624
485.674 575.552
481.008 578.12
477.41 580.348
474.162 584.215
470.601 589.133
467.481 595.013
464.927 601.484
462.529 607.004
459.677 612.405
457.689 619.007
457.787 627.442
458.049 635.923
460.06 645.317
461.691 654.114
463.449 660.52
466.777 666.593
471.242 672.89
475.708 677.973
479.657 682.004
485.003 684.608
492.062 687.98
498.292 691.377
503.777 692.018
510.219 692.833
517.444 693.109
523.476 691.291
529.28 688.86
534.965 687.215
540.702 683.856
545.753 681.051
550.029 677.27
554.699 672.15
558.061 667.816
559.149 662.587
559.352 656.652
560.582 651.187
562.239 645.604
563.284 639.117
563.857 633.742
564.178 629.033
564.48 625.531
563.846 620.579
562.716 616.114
561.415 613.142
559.905 611.162
558.879 608.576
558.292 608.912
558.084 608.729
557.809 605.449
558.954 599.039
-1 -1
-1 -1
-1 -1
-1 -1
-1 -1
-1 -1
-1 -1
-1 -1
-1 -1
-1 -1
-1 -1
-1 -1
-1 -1
-1 -1
-1 -1
-1 -1
-1 -1
-1 -1
-1 -1
-1 -1
-1 -1
-1 -1
-1 -1
-1 -1
-1 -1
-1 -1
-1 -1
-1 -1
-1 -1
-1 -1
-1 -1
394.482 621.684
395.114 621.268
395.786 619.677
396.63 618.728
397.279 616.356
397.761 611.39
398.467 605.725
400.386 599.448
403.596 593.049
407.769 586.851
412.633 581.391
418.123 576.544
425.139 573.426
432.51 570.018
439.5 567.592
448.534 567.797
458.891 572.604
468.877 581.352
476.783 589.008
483.309 597.929
489.018 607.955
493.589 618.547
496.988 628.699
498.633 639.468
499.038 649.819
497.235 660.772
493.391 668.574
488.602 674.611
484.135 680.397
480.378 684.211
476.04 687.93
470.882 691.105
466.271 694.334
462.266 695.996
456.393 696.975
448.476 696.432
443.666 695.414
441.813 694.717
436.676 693.553
430.906 690.437
427.864 687.293
424.587 684.092
419.852 679.304
416.45 674.582
413.462 670.668
409.92 665.401
406.932 660.401
404.751 656.226
401.424 651.452
398.287 646.97
397.619 642.337
397.577 638.239
396.827 633.325
395.356 628.521
396.017 625.72
397.005 623.638
396.666 621.63
398.054 622.604
399.964 622.987
401.505 620.692
-1 -1
-1 -1
-1 -1
-1 -1
-1 -1
-1 -1
-1 -1
-1 -1
-1 -1
-1 -1
-1 -1
-1 -1
-1 -1
-1 -1
-1 -1
-1 -1
-1 -1
-1 -1
-1 -1
-1 -1
-1 -1
-1 -1
-1 -1
-1 -1
-1 -1
-1 -1
-1 -1
-1 -1
-1 -1
-1 -1
472.072 591.746
472.398 593.646
473.299 595.258
474.024 596.371
475.496 595.631
478.316 596.989
482.654 598.525
486.011 600.776
488.871 604.408
492.662 612.301
496.82 623.353
498.37 633.266
496.171 642.057
489.732 648.528
481.481 651.053
472.31 651.713
464.506 647.888
458.914 639.816
456.07 632.468
458.584 627.136
464.205 624.036
469.556 623.248
476.859 627.049
483.031 632.396
485.922 640.215
485.219 645.891
481.123 649.489
474.155 650.146
467.095 645.773
462.829 637.599
460.616 627.168
455.972 614.984
452.07 601.564
-1 -1
-1 -1
-1 -1
-1 -1
-1 -1
-1 -1
-1 -1
-1 -1
-1 -1
-1 -1
-1 -1
-1 -1
-1 -1
-1 -1
-1 -1
-1 -1
-1 -1
-1 -1
-1 -1
-1 -1
-1 -1
-1 -1
-1 -1
-1 -1
-1 -1
-1 -1
-1 -1
-1 -1
-1 -1
-1 -1
-1 -1
-1 -1
-1 -1
-1 -1
-1 -1
-1 -1
-1 -1
-1 -1
-1 -1
-1 -1
-1 -1
-1 -1
-1 -1
-1 -1
-1 -1
496.238 637.31
500.625 635.239
504.523 630.635
506.578 620.693
505.862 609.576
502.123 595.252
494.151 578.574
479.249 560.294
463.188 544.087
449.947 537.427
438.991 543.457
429.239 557.308
426.874 572.391
430.329 589.799
442.392 618.019
453.111 628.128
464.728 634.577
475.766 640.076
484.613 642.886
491.782 639.689
495.907 629.826
496.427 622.544
-1 -1
-1 -1
-1 -1
-1 -1
-1 -1
-1 -1
-1 -1
-1 -1
-1 -1
-1 -1
-1 -1
-1 -1
-1 -1
-1 -1
-1 -1
-1 -1
-1 -1
-1 -1
-1 -1
-1 -1
-1 -1
-1 -1
-1 -1
-1 -1
-1 -1
-1 -1
-1 -1
-1 -1
-1 -1
-1 -1
-1 -1
-1 -1
-1 -1
-1 -1
-1 -1
-1 -1
-1 -1
-1 -1
-1 -1
-1 -1
-1 -1
452.217 613.086
452.222 616.328
453.769 621.015
456.601 624.697
461.481 630.676
466.915 636.098
472.274 640.628
477.992 643.455
484.24 644.942
489.811 645.87
494.988 644.964
499.65 641.406
503.313 634.871
505.454 625.664
505.07 614.738
502.929 603.204
499.225 590.177
493.028 577.377
482.62 567.519
472.51 560.203
463.071 558.943
451.264 562.729
440.591 563.894
432.878 568.544
427.981 576.939
424.679 585.97
424.613 596.752
426.364 607.85
429.167 617.824
433.465 625.658
437.944 634.806
442.408 641.795
447.056 647.497
452.848 652.248
457.926 653.793
462.65 653.409
468.746 653.043
474.756 650.918
478.462 644.209
-1 -1
-1 -1
-1 -1
-1 -1
-1 -1
-1 -1
-1 -1
-1 -1
-1 -1
-1 -1
-1 -1
-1 -1
-1 -1
-1 -1
-1 -1
-1 -1
-1 -1
-1 -1
-1 -1
-1 -1
-1 -1
-1 -1
-1 -1
-1 -1
-1 -1
-1 -1
-1 -1
-1 -1
-1 -1
-1 -1
-1 -1
-1 -1
-1 -1
-1 -1
-1 -1
-1 -1
-1 -1
-1 -1
-1 -1
-1 -1
-1 -1
-1 -1
494.848 579.078
498.217 575.365
503.161 574.008
509.298 576.746
515.957 580.184
521.483 587.369
524.875 597.603
526.149 605.043
526.051 612.374
524.058 621.79
521.062 631.007
517.17 638.053
510.641 645.694
502.008 649.686
493.433 651.198
486.739 651.67
480.308 646.523
473.319 635.64
467.339 625.529
462.992 611.588
460.554 600.026
460.318 590.599
463.519 582.639
468.14 575.851
472.569 568.657
-1 -1
-1 -1
-1 -1
-1 -1
-1 -1
-1 -1
-1 -1
-1 -1
-1 -1
-1 -1
-1 -1
-1 -1
-1 -1
-1 -1
-1 -1
-1 -1
-1 -1
-1 -1
-1 -1
-1 -1
-1 -1
-1 -1
-1 -1
-1 -1
-1 -1
-1 -1
-1 -1
-1 -1
-1 -1
-1 -1
-1 -1
-1 -1
-1 -1
-1 -1
-1 -1
-1 -1
-1 -1
-1 -1
-1 -1
-1 -1
-1 -1
-1 -1
-1 -1
-1 -1
-1 -1
-1 -1
-1 -1
-1 -1
-1 -1
-1 -1
-1 -1
467.808 609.826
473.614 608.412
479.526 605.682
485.505 603.113
493.144 603.132
502.761 607.463
510.162 612.059
515.593 620.399
521.044 628.385
522.381 634.591
521.421 642.374
519.825 648.939
515.705 655.189
510.499 661.469
505.42 665.268
498.826 668.728
491.305 672.437
487.147 676.576
482.888 680.031
474.515 682.153
467.986 683.316
463.388 683.537
457.405 683.809
452.51 683.002
449.931 683.743
446.932 683.95
444.999 683.525
444.753 684.072
443.809 683.851
441.631 682.469
439.394 681.934
437.638 682.612
-1 -1
-1 -1
-1 -1
-1 -1
-1 -1
-1 -1
-1 -1
-1 -1
-1 -1
-1 -1
-1 -1
-1 -1
-1 -1
-1 -1
-1 -1
-1 -1
-1 -1
-1 -1
-1 -1
-1 -1
-1 -1
-1 -1
-1 -1
-1 -1
-1 -1
-1 -1
-1 -1
-1 -1
-1 -1
439.283 579.01
442.56 579.643
445.98 581.766
448.898 584.315
452.274 587.819
457.542 591.405
462.824 596.611
466.741 604.809
470.39 613.269
474.678 622.904
475.825 630.234
474.717 636.85
473.902 642.662
473.024 649.775
471.223 657.425
466.999 663.951
460.594 669.549
455.116 674.165
450.77 677.684
445.078 678.989
438.759 678.48
433.358 678.069
427.017 675.535
419.373 670.557
414.433 666.454
408.683 661.186
401.838 653.716
396.672 646.922
393.703 641.03
390.378 634.425
387.747 628.989
386.16 623.721
384.748 617.851
382.796 612.632
383.077 608.408
382.484 603.416
381.436 599.516
382.325 598.428
382.386 597.298
382.329 596.19
383.194 595.917
383.883 595.616
385.687 595.432
386.539 594.395
386.12 591.547
387.218 590.115
389.472 588.74
390.038 586.223
390.665 584.247
393.355 586.267
395.008 586.859
396.077 587.333
396.674 587.448
396.55 584.468
398.705 584.047
-1 -1
-1 -1
-1 -1
-1 -1
-1 -1
-1 -1
-1 -1
-1 -1
-1 -1
-1 -1
-1 -1
-1 -1
-1 -1
-1 -1
-1 -1
-1 -1
-1 -1
-1 -1
-1 -1
-1 -1
-1 -1
-1 -1
-1 -1
-1 -1
-1 -1
-1 -1
-1 -1
-1 -1
-1 -1
-1 -1
-1 -1
-1 -1
-1 -1
-1 -1
-1 -1
-1 -1
-1 -1
-1 -1
-1 -1
-1 -1
-1 -1
-1 -1
-1 -1
-1 -1
-1 -1
-1 -1
-1 -1
-1 -1
-1 -1
-1 -1
-1 -1
-1 -1
-1 -1
504.31 578.953
503.942 576.599
511.776 587.126
520.79 599.861
527.017 607.316
530.967 612.964
527.917 609.943
516.114 599.324
502.309 586.31
496.425 581.513
502.025 592.995
513.567 610.051
524.426 626.051
525.463 629.657
516.982 623.379
503.504 611.796
490.41 599.739
489.904 603.515
499.385 618.894
508.763 632.064
513.297 638.554
513.178 639.024
504.932 631.48
490.47 617.038
479.7 609.916
479.34 613.35
487.59 626.614
494.605 641.158
495.895 648.422
492.449 644.374
488.739 637.857
-1 -1
-1 -1
-1 -1
-1 -1
-1 -1
-1 -1
-1 -1
-1 -1
-1 -1
-1 -1
-1 -1
-1 -1
-1 -1
-1 -1
-1 -1
-1 -1
-1 -1
454.693 605.863
459.832 611.871
459.405 615.334
452.634 611.093
436.271 594.417
419.248 574.879
416.602 571.241
428.827 585.376
445.563 605.367
452.94 614.555
444.923 605.633
427.42 587.392
414.308 576.961
415.922 584.105
427.993 603.85
434.924 616.461
425.671 610.905
411.971 598.86
410.821 601.162
421.962 616.108
429.793 627.17
424.771 626.643
415.012 621.707
418.858 627.668
430.319 639.83
428.401 642.318
413.391 636.687
410.803 639.894
418.048 650.363
414.491 654.639
406.864 655.407
404.657 659.636
399.172 658.759
392.588 650.23
-1 -1
-1 -1
-1 -1
-1 -1
-1 -1
-1 -1
-1 -1
-1 -1
-1 -1
-1 -1
-1 -1
-1 -1
-1 -1
-1 -1
-1 -1
-1 -1
-1 -1
-1 -1
-1 -1
-1 -1
-1 -1
-1 -1
-1 -1
-1 -1
-1 -1
-1 -1
-1 -1
-1 -1
-1 -1
549.246 634.039
545.036 632.442
536.131 623.775
521.179 609.425
501.733 585.751
482.288 559.646
468.021 545.078
464.371 543.94
468.911 553.488
480.086 571.102
493.797 592.575
508.155 618.098
519.858 638.472
526.095 649.546
524.899 652.459
515.412 646.275
497.516 629.804
472.074 606.138
-1 -1
-1 -1
-1 -1
-1 -1
-1 -1
-1 -1
-1 -1
-1 -1
-1 -1
-1 -1
-1 -1
-1 -1
-1 -1
-1 -1
-1 -1
-1 -1
-1 -1
-1 -1
-1 -1
-1 -1
-1 -1
-1 -1
-1 -1
-1 -1
-1 -1
-1 -1
-1 -1
-1 -1
-1 -1
-1 -1
-1 -1
-1 -1
-1 -1
-1 -1
-1 -1
-1 -1
-1 -1
-1 -1
-1 -1
-1 -1
-1 -1
-1 -1
-1 -1
-1 -1
-1 -1
-1 -1
519.07 607.962
523.133 611.21
523.687 612.599
519.315 610.078
509.549 603.051
497.424 591.055
496.07 589.733
505.196 601.494
512.826 612.209
511.234 612.8
500.452 601.052
495.488 597.548
502.002 608.288
502.738 612.184
492.41 605.826
491.812 609.506
497.667 621.678
494.69 623.197
-1 -1
-1 -1
-1 -1
-1 -1
-1 -1
-1 -1
-1 -1
-1 -1
-1 -1
-1 -1
-1 -1
-1 -1
-1 -1
-1 -1
-1 -1
-1 -1
-1 -1
-1 -1
-1 -1
439.625 603.887
453.46 619.119
468.758 633.682
469.976 632.895
455.28 619.491
443.869 606.532
454.071 615.807
464.636 627.144
443.923 608.036
452.266 618.835
458.012 626.93
451.103 624.53
-1 -1
-1 -1
-1 -1
-1 -1
-1 -1
-1 -1
-1 -1
-1 -1
-1 -1
-1 -1
-1 -1
-1 -1
-1 -1
-1 -1
-1 -1
-1 -1
-1 -1
-1 -1
521.532 670.628
513.397 664.231
508.744 658.652
515.879 661.981
519.685 662.669
510.796 653.308
507.832 650.499
517.781 659.114
520.754 660.059
509.731 652.016
504.463 650.254
507.155 657.964
502.365 659.139
493.509 657.765
495.971 664.322
501.326 672.287
499.897 672.759
492.78 671.204
-1 -1
-1 -1
-1 -1
-1 -1
-1 -1
-1 -1
-1 -1
-1 -1
-1 -1
-1 -1
-1 -1
-1 -1
480.51 680.146
465.077 666.813
451.689 656.383
458.135 658.675
465.595 661.48
457.572 655.951
457.043 655.712
471.84 667.712
474.986 669.429
461.132 659.356
457.115 657.772
462.734 663.913
461.311 663.541
457.924 662.573
460.447 666.309
459.982 669.18
-1 -1
-1 -1
-1 -1
-1 -1
-1 -1
-1 -1
-1 -1
-1 -1
-1 -1
-1 -1
-1 -1
-1 -1
-1 -1
-1 -1
-1 -1
-1 -1
-1 -1
-1 -1
-1 -1
-1 -1
553.15 602.889
551.609 599.7
542.72 590.618
537.499 586.322
542.786 591.896
548.59 598.957
546.68 596.403
538.427 588.985
538.045 591.022
541.911 598.897
541.121 598.487
535.063 597.663
536.015 601.274
540.856 606.475
541.693 606.409
538.718 601.652
-1 -1
-1 -1
-1 -1
-1 -1
-1 -1
-1 -1
-1 -1
-1 -1
-1 -1
-1 -1
-1 -1
-1 -1
497.92 547.42
503.982 555.449
502.26 554.958
496.056 549.469
492.31 540.784
498.164 545.366
504.976 559.708
505.5 562.721
493.807 548.251
489.839 544.992
496.952 558.48
497.989 564.256
489.937 557.053
490.685 560.783
497.281 573.226
498.824 575.897
493.728 571.498
491.507 570.403
490.63 571.746
-1 -1
-1 -1
-1 -1
-1 -1
-1 -1
-1 -1
-1 -1
-1 -1
-1 -1
-1 -1
-1 -1
-1 -1
-1 -1
-1 -1
-1 -1
481.44 633.952
476.539 629.552
482.01 633.594
489.249 639.367
486.32 634.977
480.506 630.248
488.714 637.985
498.007 646.307
493.408 642.903
483.946 636.525
487.434 641.179
493.665 648.076
492.478 647.873
488.473 647.249
491.728 651.709
495.595 655.489
492.182 653.764
-1 -1
-1 -1
-1 -1
-1 -1
-1 -1
-1 -1
-1 -1
-1 -1
-1 -1
-1 -1
-1 -1
-1 -1
-1 -1
-1 -1
-1 -1
433.898 670.54
431.298 669.373
425.425 666.079
424.221 663.867
419.934 659.96
406.372 650.56
405.325 650.619
419.464 662.478
422.919 666.324
414.3 661.465
413.88 662.504
419.353 666.857
419.854 667.685
417.616 666.933
420.048 668.518
422.625 670.399
-1 -1
-1 -1
-1 -1
-1 -1
-1 -1
-1 -1
-1 -1
-1 -1
-1 -1
-1 -1
-1 -1
-1 -1
393.374 622.304
389.627 618.786
378.921 607.393
378.328 603.485
387.237 609.61
387.937 610.677
380.148 603.588
384.068 605.824
388.152 608.976
375.611 600.636
374.652 601.521
390.619 617.09
397.479 621.958
386.186 614.534
380.104 611.372
384.76 615.088
387.369 614.027
-1 -1
-1 -1
-1 -1
-1 -1
-1 -1
-1 -1
-1 -1
-1 -1
-1 -1
-1 -1
-1 -1
-1 -1
-1 -1
-1 -1
-1 -1
-1 -1
-1 -1
-1 -1
-1 -1
460.932 632.181
459.703 632.46
464.458 638.431
470.136 644.027
461.348 634.986
452.915 625.26
464.646 635.523
472.683 642.928
471.271 640.275
467.412 636.04
468.935 635.842
469.728 633.821
465.158 627.485
463.033 625.749
467.804 630.438
469.882 629.657
469.19 627.749
470.084 627.184
470.217 624.966
-1 -1
-1 -1
-1 -1
-1 -1
-1 -1
-1 -1
-1 -1
-1 -1
-1 -1
-1 -1
-1 -1
-1 -1
478.087 602.062
475.36 613.706
475.745 618.988
480.766 617.174
489.6 613.142
495.366 611.154
493.857 609.151
489.86 608.785
488.224 609.429
490.809 607.805
492.657 607.136
488.549 612.309
485.744 614.858
486.249 612.624
490.028 607.387
496.054 604.87
500.116 607.886
497.746 613.726
493.742 616.226
491.454 618.609
491.572 620.156
-1 -1
-1 -1
-1 -1
-1 -1
-1 -1
-1 -1
-1 -1
-1 -1
-1 -1
-1 -1
-1 -1
-1 -1
-1 -1
-1 -1
-1 -1
-1 -1
-1 -1
-1 -1
-1 -1
-1 -1
534.984 650.397
532.293 656.972
529.804 663.035
529.402 665.087
530.825 661.683
533.598 657.118
535.321 654.803
530.856 657.97
522.586 662.885
518.765 665.592
521.154 666.032
525.884 662.841
529.301 660.992
530.693 662.877
529.865 664.879
528.782 667.011
529.179 666.529
531.557 665.688
535.012 665.015
-1 -1
-1 -1
-1 -1
-1 -1
-1 -1
-1 -1
-1 -1
-1 -1
-1 -1
-1 -1
-1 -1
-1 -1
-1 -1
-1 -1
-1 -1
482.64 651.256
485.224 653.772
489.557 651.219
491.631 645.825
492.084 644.583
490.698 647.424
486.878 651.527
485.304 653.318
488.213 652.96
491.869 651.818
495.16 652.528
495.149 653.177
491.647 656.384
489.337 660.651
489.88 662.117
489.799 661.791
489.885 662.189
491.991 662.458
-1 -1
-1 -1
-1 -1
-1 -1
-1 -1
-1 -1
-1 -1
-1 -1
-1 -1
-1 -1
-1 -1
-1 -1
533.321 576.705
530.895 582.738
524.176 588.026
521.906 586.179
523.764 582.858
526.904 578.13
529.328 574.947
530.467 573.172
529.968 574.785
527.02 584.062
523.986 589.437
523.917 590.883
525.549 589.844
528.026 584.922
530.312 581.505
529.952 585.3
528.373 591.396
528.054 594.189
528.967 597.971
529.932 599.51
531.594 596.903
-1 -1
-1 -1
-1 -1
-1 -1
-1 -1
-1 -1
-1 -1
-1 -1
-1 -1
-1 -1
476.579 554.522
475.88 560.709
475.778 563.804
476.333 565.796
478.26 567.588
479.926 569.05
477.802 566.839
478.277 567.17
479.569 567.275
484.49 575.707
486.632 581.734
476.945 573.327
469.779 565.687
477.133 577.2
484.37 591.016
483.39 592.096
475.82 585.092
476.131 587.432
478.263 592.456
474.817 589.359
472.156 586.659
-1 -1
-1 -1
-1 -1
-1 -1
-1 -1
-1 -1
-1 -1
-1 -1
-1 -1
-1 -1
-1 -1
-1 -1
-1 -1
421.71 661.117
432.857 659.947
437.977 657.346
438.711 655.988
438.125 657.491
431.397 659.774
424.251 660.249
422.413 661.611
424.821 659.387
428.04 657.467
430.387 660.774
431.745 665.354
431.487 668.628
431.072 673.373
433.011 676.067
435.23 675.142
434.809 673.908
-1 -1
-1 -1
-1 -1
-1 -1
-1 -1
-1 -1
-1 -1
-1 -1
-1 -1
-1 -1
389.024 667.877
392.258 663.053
396.675 661.23
395.954 657.402
390.426 654.005
384.89 657.683
383.052 662.587
384.311 665.645
384.1 669.322
382.422 671.619
382.313 670.81
385.122 670.597
385.556 671.021
382.405 672.979
382.218 675.712
383.408 676.388
383.351 674.905
381.458 672.259
-1 -1
-1 -1
-1 -1
-1 -1
-1 -1
-1 -1
-1 -1
-1 -1
-1 -1
-1 -1
-1 -1
-1 -1
-1 -1
420.31 612.18
415.122 612.056
417.355 615.017
426.816 621.199
419.421 617.277
402.044 606.476
404.763 610.499
421.726 625.219
427.363 629.847
414.781 622.298
409.851 620.769
413.62 626.785
409.52 626.38
400.697 622.164
404.717 627.777
411.291 636.112
-1 -1
-1 -1
-1 -1
-1 -1
-1 -1
-1 -1
-1 -1
-1 -1
-1 -1
-1 -1
-1 -1
-1 -1
482.222 633.754
485.019 635.871
475.627 632.402
465.712 623.199
474.151 627.082
486.351 635.707
482.691 635.525
469.006 630.127
469.031 633.977
473.832 641.903
468.773 643.799
466.82 645.658
473.102 654.954
477.195 661.836
474.157 658.041
469.725 652.059
-1 -1
-1 -1
-1 -1
-1 -1
-1 -1
-1 -1
-1 -1
-1 -1
-1 -1
437.534 625.149
454.11 624.41
464.863 623.238
461.393 618.415
450.682 614.909
439.172 619.06
428.389 622.04
425.509 624.558
432.465 628.496
436.061 627.389
433.345 629.381
431.367 635.349
432.292 639.325
431.745 641.637
431.931 646.125
434.88 647.623
434.574 645.372
429.108 642.001
-1 -1
-1 -1
-1 -1
-1 -1
-1 -1
-1 -1
-1 -1
-1 -1
-1 -1
-1 -1
392.463 633.803
401.742 627.755
404.985 624.718
402.983 620.61
398.576 622.313
392.009 624.304
388.73 624.877
393.842 630.508
398.985 635.107
395.65 635.139
389.556 635.483
387.505 634.444
390.204 634.695
392.621 634.912
391.665 632.175
388.515 628.449
-1 -1
-1 -1
-1 -1
-1 -1
-1 -1
-1 -1
-1 -1
-1 -1
-1 -1
-1 -1
-1 -1
-1 -1
-1 -1
495.789 589.329
498.394 596.903
501.251 596.212
502.901 588.972
504.914 583.242
501.863 586.925
492.086 590.974
487.617 594.32
490.48 597.239
494.134 595.443
496.825 589.901
491.989 590.474
489.935 594.58
490.071 596.851
489.657 596.955
489.717 597.772
-1 -1
-1 -1
-1 -1
-1 -1
-1 -1
-1 -1
-1 -1
-1 -1
-1 -1
539.367 643.638
537.979 648.486
539.455 649.792
543.23 645.925
548.533 637.8
551.551 631.698
545.802 637.769
536.38 644.611
533.048 647.944
534.753 647.861
538.119 643.067
539.594 639.474
536.828 643.651
535.267 645.979
534.885 647.205
531.702 650.183
-1 -1
-1 -1
-1 -1
-1 -1
-1 -1
-1 -1
-1 -1
-1 -1
-1 -1
-1 -1
-1 -1
-1 -1
-1 -1
-1 -1
-1 -1
-1 -1
-1 -1
-1 -1
-1 -1
-1 -1
-1 -1
-1 -1
-1 -1
-1 -1
-1 -1
-1 -1
-1 -1
-1 -1
-1 -1
-1 -1
-1 -1
-1 -1
-1 -1
-1 -1
-1 -1
-1 -1
565.142 578.834
560.901 586.803
554.21 587.231
546.03 582.722
536.786 581.19
537.928 581.542
544.981 582.473
553.752 581.713
560.239 583.345
559.126 585.695
552.837 585.313
543.062 589.303
536.215 594.6
538.048 601.434
545.64 610.062
555.962 619.776
564.797 629.474
565.739 633.38
560.036 629.728
-1 -1
-1 -1
-1 -1
-1 -1
-1 -1
-1 -1
-1 -1
-1 -1
-1 -1
-1 -1
-1 -1
-1 -1
569.503 600.702
568.473 602.368
555.845 591.6
540.775 574.374
537.188 568.828
545.826 581.474
558.658 599.262
569.314 612.019
570.071 612.968
560.526 602.912
548.436 590.636
543.106 588.71
549.9 605.758
559.343 625.083
563.687 633.797
558.978 626.75
546.75 610.675
534.866 596.236
534.817 600.183
544.738 620.441
553.277 634.156
553.689 640.615
546.545 635.779
534.383 624.921
525.073 621.176
519.423 622.914
-1 -1
-1 -1
-1 -1
-1 -1
-1 -1
-1 -1
-1 -1
-1 -1
-1 -1
-1 -1
-1 -1
-1 -1
-1 -1
467.617 591.312
483.494 609.017
476.253 600.018
451.571 572.747
430.959 548.132
434.68 551.341
456.353 575.967
468.347 589.21
453.187 574.956
431.088 552.891
432.549 559.249
445.086 578.182
439.247 575.044
422.538 561.891
435.622 578.638
452.85 597.767
446.61 591.045
432.372 578.108
435.014 584.44
439.755 591.701
437.7 592.87
-1 -1
-1 -1
-1 -1
-1 -1
-1 -1
-1 -1
-1 -1
-1 -1
-1 -1
-1 -1
-1 -1
-1 -1
-1 -1
432.709 633.383
446.52 650.959
462.879 666.543
467.372 669.218
457.378 660.836
433.986 638.487
420.339 629.764
437.134 645.064
457.147 663.592
457.648 667.681
436.951 652.947
420.812 642.438
433.059 653.622
446.807 666
436.251 661.636
417.952 650.088
424.854 657.94
436.122 670.415
425.691 667.659
415.121 664.999
418.167 673.784
425.308 683.435
421.573 685.052
410.358 681.947
-1 -1
-1 -1
-1 -1
-1 -1
-1 -1
-1 -1
-1 -1
-1 -1
-1 -1
-1 -1
-1 -1
-1 -1
518.261 564.349
520.06 559.945
523.871 561.685
515.83 546.077
508.825 529.056
516.236 543.58
527.415 574.351
531.53 580.967
515.16 562.401
498.009 545.434
503.745 564.668
514.428 600.112
520.485 610.766
508.136 588.945
493.375 567.771
501.309 580.463
508.766 595.276
500.687 585.143
487.419 570.988
493.152 586.807
502.962 604.159
507.209 609.883
497.086 597.172
490.673 591.231
494.628 602.506
498.16 611.536
497.907 616.608
496.97 624.73
-1 -1
-1 -1
-1 -1
-1 -1
-1 -1
-1 -1
-1 -1
-1 -1
-1 -1
-1 -1
-1 -1
-1 -1
519.009 646.98
507.186 635.536
519.023 649.109
533.594 663.392
534.848 659.551
522.768 646.94
519.893 643.18
528.272 654.501
524.636 653.763
509.552 641.19
511.143 645.804
520.426 657.999
518.55 656.204
505.519 645.687
504.822 650.616
512.114 663.999
513.994 668.393
502.308 660.755
494.685 660.243
497.123 669.478
498.198 679.315
491.753 682.601
-1 -1
-1 -1
-1 -1
-1 -1
-1 -1
-1 -1
-1 -1
-1 -1
-1 -1
-1 -1
-1 -1
-1 -1
-1 -1
-1 -1
417.152 639.032
438.391 649.157
431.949 642.68
417.173 623.248
422.942 616.765
434.462 621.109
438.054 623.41
442.482 625.626
444.587 620.603
439.447 608.849
446.433 613.5
462.976 629.269
467.618 625.746
453.822 605.898
448.897 591.639
455.36 592.768
456.608 588.104
449.237 574.14
450.671 570.627
-1 -1
-1 -1
-1 -1
-1 -1
-1 -1
-1 -1
-1 -1
-1 -1
-1 -1
-1 -1
-1 -1
-1 -1
-1 -1
-1 -1
-1 -1
-1 -1
-1 -1
-1 -1
-1 -1
-1 -1
-1 -1
-1 -1
-1 -1
-1 -1
423.271 594.616
413.465 603.695
409.25 605.409
416.729 602.891
431.611 602.66
448.131 604.138
445.75 602.669
424.35 597.206
414.158 595.382
416.583 596.08
429.753 599.002
434.879 603.095
428.389 607.831
428.491 617.645
429.861 619.679
432.478 615.912
439.242 612.667
439.165 614.098
437.154 622.768
439.162 628.89
442.794 632.049
448.312 629.071
458.815 620.186
468.803 615.516
465.894 620.03
461.081 620.852
-1 -1
-1 -1
-1 -1
-1 -1
-1 -1
-1 -1
-1 -1
-1 -1
-1 -1
-1 -1
490.291 644.094
485.55 639.873
476.816 639.096
465.914 644.997
471.304 655.94
483.084 658.768
484.856 652.579
477.321 640.765
471.943 645.654
478.647 659.854
484.357 663.844
480.756 656.269
476.769 646.045
478.481 649.148
481.188 658.026
478.821 659.292
479.46 659.466
482.832 656.481
481.794 651.377
477.565 648.787
473.895 646.422
-1 -1
-1 -1
-1 -1
-1 -1
-1 -1
-1 -1
-1 -1
-1 -1
-1 -1
-1 -1
-1 -1
419.226 650.471
431.27 662.728
431.055 661.857
411.85 645.286
403.047 637.53
422.024 651.298
433.5 659.106
420.343 649.783
415.476 646.398
426.762 656.657
435.299 657.224
428.935 647.409
426.396 643.179
431.65 647.337
427.989 648.307
420.495 653.753
420.879 660.429
420.072 659.07
422.31 655.134
427.827 652.647
425.345 653.186
424.182 655.99
423.874 660.615
421.825 660.472
422.477 656.486
421.437 647.621
419.186 644.996
419.168 652.396
421.03 656.032
417.859 653.839
413.187 649.459
412.626 646.765
-1 -1
-1 -1
-1 -1
-1 -1
-1 -1
-1 -1
-1 -1
-1 -1
423.144 636.392
432.193 641.323
435.005 639.678
433.108 628.574
431.204 604.647
427.421 589.283
422.387 600.366
423.727 614.274
428.078 621.103
430.972 619.798
433.625 612.832
429.401 598.739
419.869 600.87
421.794 613.929
423.264 621.941
425.911 622.307
433.581 620.341
435.568 612.474
427.912 611.138
434.492 622.062
445.392 632.401
440.125 630.492
425.732 617.075
420.997 608.966
426.927 616.418
434.116 621.597
430.039 615.691
427.972 614.195
432.097 616.821
435.375 612.772
-1 -1
-1 -1
-1 -1
-1 -1
-1 -1
-1 -1
-1 -1
486.926 631.615
475.779 633.581
466.982 629.44
466.249 623.725
475.533 619.047
485.97 616.413
488.568 618.919
479.1 621.339
473.824 620.903
474.97 621.302
479.039 618.087
482.413 610.536
475.943 607.366
470.387 614.525
470.76 622.948
474.317 636.305
479.771 641.996
480.518 636.78
478.772 626.33
477.205 618.563
475.83 623.62
474.888 631.486
475.297 636.279
475.012 635.359
475.079 628.341
475.022 615.052
-1 -1
-1 -1
-1 -1
-1 -1
-1 -1
-1 -1
-1 -1
-1 -1
414.762 580.005
426.423 601.764
434.957 619.162
429.719 616.162
421.586 603.35
418.137 587.94
422.186 602.576
421.848 606.176
426.154 607.73
422.693 597.34
423.496 598.526
430.402 611.651
432.141 619.715
427.778 619.198
427.914 617.399
428.21 611.328
427.419 600.903
426.239 600.359
423.28 601.63
413.515 599.636
402.762 596.685
399.471 595.507
-1 -1
-1 -1
-1 -1
-1 -1
-1 -1
-1 -1
-1 -1
-1 -1
460.61 627.579
462.693 632.294
446.813 622.878
438.639 619.604
449.602 628.75
453.587 632.899
442.3 627.859
444.908 632.15
456.214 643.599
452.154 640.345
442.434 631.448
445.499 632.373
451.413 630.498
448.919 625.726
447.889 628.265
450.337 635.791
451.246 643.635
451.143 645.416
449.909 642.211
448.62 634.072
448.292 619.894
446.232 615.492
445.764 619.191
444.164 620.597
441.907 621.573
-1 -1
-1 -1
-1 -1
-1 -1
-1 -1
-1 -1
-1 -1
405.924 618.068
417.816 630.952
437.235 641.744
449.865 644.952
439.43 629.47
428.035 618.438
434.041 633.059
445.801 645.641
443.386 646.054
435.986 637.979
435.111 628.599
434.012 617.842
432.331 615.474
436.882 619.554
439.169 626.73
436.623 634.404
435.16 633.637
436.469 630.284
439.422 625.07
441.908 618.854
436.272 618.469
432.269 626.225
432.691 628.002
-1 -1
-1 -1
-1 -1
-1 -1
-1 -1
-1 -1
-1 -1
-1 -1
-1 -1
-1 -1
485.599 645.502
478.719 644.281
465.054 628.232
459.559 613.261
465.586 610.85
472.758 626.042
474.231 630.794
473.018 633.423
475.18 636.604
475.703 633.335
475.685 627.358
477.697 627.539
479.733 635.264
477.804 639.947
476.488 639.409
476.457 636.69
475.735 629.498
475.026 621.251
474.159 620.553
473.416 618.966
-1 -1
-1 -1
-1 -1
-1 -1
-1 -1
-1 -1
-1 -1
-1 -1
-1 -1
-1 -1
-1 -1
-1 -1
492.761 601.52
482.447 590.985
466.273 575.306
465.977 578.397
479.072 594.817
480.778 594.629
466.135 580.402
467.871 584.92
477.174 598.357
474.546 595.838
465.973 588.262
467.644 592.971
472.748 599.083
471.467 596.011
464.261 588.748
-1 -1
-1 -1
-1 -1
-1 -1
-1 -1
-1 -1
-1 -1
-1 -1
-1 -1
-1 -1
-1 -1
538.576 626.465
534.712 622.792
520.635 609.837
516.733 606.639
526.382 621.094
532.914 627.902
527.92 625.075
519.097 623.851
523.819 630.736
527.203 635.468
520.303 631.042
516.576 628.804
518.147 633.506
519.546 637.741
522.32 642.051
-1 -1
-1 -1
-1 -1
-1 -1
-1 -1
-1 -1
-1 -1
-1 -1
-1 -1
-1 -1
-1 -1
550.423 670.575
546.442 663.533
533.746 651.686
532.307 650.797
539.746 660.192
541.705 662.851
533.179 657.633
529.129 660.331
532.079 669.878
530.422 671.2
520.755 666.85
-1 -1
-1 -1
-1 -1
-1 -1
-1 -1
-1 -1
-1 -1
-1 -1
-1 -1
-1 -1
-1 -1
-1 -1
-1 -1
-1 -1
464.847 615.16
457.938 616.056
438.067 599.498
426.29 589.674
431.752 594.021
430.109 596.015
411.156 583.869
409.898 589.478
423.021 608.655
417.243 608.44
405.864 601.268
406.773 606.096
410.918 614.234
410.983 615.342
-1 -1
-1 -1
-1 -1
-1 -1
-1 -1
-1 -1
-1 -1
-1 -1
-1 -1
-1 -1
-1 -1
-1 -1
-1 -1
-1 -1
-1 -1
-1 -1
-1 -1
-1 -1
-1 -1
-1 -1
-1 -1
-1 -1
-1 -1
-1 -1
-1 -1
-1 -1
-1 -1
-1 -1
-1 -1
-1 -1
-1 -1
-1 -1
-1 -1
-1 -1
-1 -1
-1 -1
532.528 627.908
537.335 624.104
535.731 610.946
533.977 601.486
531.797 590.853
528.92 583.177
539.273 601.853
551.799 617.842
546.613 605.69
529.504 587.729
527.349 589.12
537.197 603.191
540.218 604.949
529.591 586.858
526.207 585.206
533.432 599.898
536.7 605.681
531.22 600.991
529.453 605.698
531.945 612.736
532.943 612.794
532.612 611.947
534.122 612.856
536.302 614.5
535.456 613.569
-1 -1
-1 -1
-1 -1
-1 -1
-1 -1
-1 -1
-1 -1
-1 -1
-1 -1
-1 -1
-1 -1
-1 -1
-1 -1
484.291 567.926
479.67 568.399
475.334 567.449
470.825 565.82
469.53 564.164
470.027 564.429
469.798 562.532
469.666 560.497
469.202 559.301
469.293 557.913
469.568 555.759
469.696 555.796
470.185 556.983
470.729 557.307
471.195 557.507
471.529 557.691
471.595 556.793
472.153 555.824
471.977 554.256
471.902 554.092
472.005 554.339
471.835 554.524
471.832 555.618
471.494 555.739
471.33 555.648
471.291 556.05
471.337 556.357
471.186 555.969
471.111 555.763
471.104 556.203
472.203 558.543
473.603 560.744
471.555 562.783
-1 -1
-1 -1
-1 -1
-1 -1
-1 -1
-1 -1
-1 -1
-1 -1
-1 -1
421.92 624.351
421.587 624.076
421.255 624.454
421.222 626.202
422.339 627.066
422.705 627.326
422.746 627.729
423.576 627.525
423.453 627.475
422.957 628.344
423.121 628.285
422.859 627.796
422.065 626.983
422.393 626.856
422.305 626.475
422.605 626.344
422.595 626.289
422.755 626.653
422.586 626.435
423.173 627.474
423.11 627.135
423.131 627.001
423.064 626.878
423.233 626.77
423.252 626.401
423.315 626.417
423.643 627.002
423.804 627.344
423.955 627.675
423.638 627.55
423.763 628.509
423.624 628.103
423.283 626.826
-1 -1
-1 -1
-1 -1
-1 -1
-1 -1
-1 -1
-1 -1
-1 -1
-1 -1
-1 -1
469.253 636.072
468.506 633.764
467.644 632.018
466.802 630.368
465.726 628.145
465.118 627.118
464.899 626.442
464.917 624.716
464.457 622.989
464.536 623.08
464.256 622.936
464.072 622.859
464.336 623.229
464.576 623.417
464.28 622.933
464.294 623.992
464.258 625.002
463.484 624.588
462.276 624.378
461.555 625.379
461.545 625.8
460.174 626.231
459.528 625.876
460.108 626.719
460.455 626.907
460.617 626.249
460.569 626.814
460.284 628.181
461.004 629.191
460.997 629.733
460.925 630.571
461.267 631.733
461.651 631.678
461.688 630.774
461.702 628.802
461.37 627.489
460.796 627.95
-1 -1
-1 -1
-1 -1
-1 -1
-1 -1
-1 -1
-1 -1
-1 -1
-1 -1
-1 -1
-1 -1
412.934 641.827
412.249 643.678
412.813 643.91
412.954 642.856
412.69 641.909
412.886 641.694
412.967 641.436
413.193 641.494
413.335 642.095
413.304 643.377
414.066 645.323
414.304 646.376
414.135 646.691
414.013 646.363
414.068 646.069
414.688 646.856
415.3 647.903
415.936 648.148
416.251 648.011
416.504 648.31
416.729 648.598
416.903 648.292
417.179 648.246
417.42 648.038
417.228 647.387
417.329 646.893
417.463 646.743
417.667 646.784
419.472 647.354
-1 -1
-1 -1
-1 -1
-1 -1
-1 -1
-1 -1
-1 -1
-1 -1
-1 -1
-1 -1
383.936 671.523
382.643 671.747
383.456 673.188
384.273 673.994
383.691 672.377
383.645 671.447
383.905 671.46
383.276 670.455
382.438 670.457
382.466 670.799
382.303 670.784
383.031 671.084
383.437 671.364
383.399 671.14
384.302 670.828
385.202 670.932
386.216 672.134
386.57 671.979
386.638 672.292
387.117 672.714
387.159 672.754
387.155 673.064
387.237 673.631
387.135 673.611
387.254 673.481
387.342 673.19
387.122 672.928
387.355 673.486
387.372 673.497
387.106 673.472
386.882 672.979
386.793 670.476
-1 -1
-1 -1
-1 -1
-1 -1
-1 -1
-1 -1
-1 -1
-1 -1
-1 -1
-1 -1
-1 -1
-1 -1
-1 -1
-1 -1
-1 -1
513.502 573.899
514.369 573.253
515.142 570.075
516.12 567.569
516.053 567.188
515.419 566.243
514.987 564.707
513.913 564.013
512.996 564.932
513.466 563.733
513.375 564.3
513.601 564.41
514.254 563.214
514.662 563.887
515.135 564.129
515.645 564.442
516.307 566.098
516.553 568.598
516.629 569.426
516.328 569.84
516.298 569.244
516.181 569.391
516.163 568.68
516.27 568.553
516.425 568.576
516.559 567.183
516.561 566.064
516.527 566.265
516.631 566.794
517.005 566.56
517.544 566.691
-1 -1
-1 -1
-1 -1
-1 -1
-1 -1
-1 -1
-1 -1
-1 -1
-1 -1
-1 -1
-1 -1
-1 -1
532.966 634.411
534.495 636.819
535.208 635.564
535.701 632.726
535.779 632.12
535.749 631.706
535.804 632.236
535.466 633.185
534.68 633.436
533.683 632.738
532.457 633.293
530.896 633.242
530.16 631.747
531.34 631.645
532.813 631.546
533.44 632.508
532.935 632.632
532.036 633.141
531.091 633.221
530.487 631.791
530.586 631.004
531.067 630.888
530.611 632.012
530.235 630.762
530.532 629.096
529.533 627.392
-1 -1
-1 -1
-1 -1
-1 -1
-1 -1
-1 -1
-1 -1
-1 -1
-1 -1
-1 -1
-1 -1
-1 -1
-1 -1
-1 -1
-1 -1
-1 -1
-1 -1
-1 -1
-1 -1
-1 -1
-1 -1
-1 -1
-1 -1
-1 -1
-1 -1
-1 -1
-1 -1
-1 -1
-1 -1
-1 -1
-1 -1
-1 -1
-1 -1
-1 -1
-1 -1
-1 -1
-1 -1
-1 -1
-1 -1
-1 -1
-1 -1
-1 -1
-1 -1
-1 -1
-1 -1
-1 -1
-1 -1
-1 -1
-1 -1
-1 -1
-1 -1
-1 -1
-1 -1
-1 -1
-1 -1
-1 -1
-1 -1
-1 -1
-1 -1
-1 -1
-1 -1
-1 -1
-1 -1
-1 -1
-1 -1
-1 -1
-1 -1
-1 -1
-1 -1
-1 -1
-1 -1
-1 -1
-1 -1
-1 -1
-1 -1
-1 -1
-1 -1
-1 -1
-1 -1
-1 -1
-1 -1
-1 -1
