-1 -1
-1 -1
-1 -1
-1 -1
-1 -1
-1 -1
-1 -1
-1 -1
-1 -1
-1 -1
-1 -1
-1 -1
-1 -1
-1 -1
-1 -1
-1 -1
-1 -1
-1 -1
-1 -1
-1 -1
-1 -1
-1 -1
-1 -1
-1 -1
-1 -1
-1 -1
-1 -1
-1 -1
-1 -1
-1 -1
-1 -1
-1 -1
-1 -1
-1 -1
-1 -1
-1 -1
-1 -1
-1 -1
-1 -1
-1 -1
-1 -1
-1 -1
-1 -1
534.01 682.692
533.35 683.504
533.99 681.557
533.335 679.336
531.248 676.29
529.257 671.161
528.155 664.151
526.966 654.587
526.141 645.034
525.745 634.568
527.445 624.66
532.582 619.778
539.031 621.022
541.986 623.027
539.261 623.768
531.129 621.488
519.828 617.665
512.507 618.558
512.666 623.781
517.828 630.704
520.692 631.388
520.319 628.515
517.215 622.483
515.36 621.624
511.645 619.894
-1 -1
-1 -1
-1 -1
-1 -1
-1 -1
-1 -1
-1 -1
-1 -1
-1 -1
-1 -1
-1 -1
-1 -1
-1 -1
-1 -1
-1 -1
-1 -1
-1 -1
357.028 611.096
356.26 610.658
358.355 612.233
361.641 614.071
362.891 612.826
358.888 607.757
348.954 601.085
329.414 592.729
310.693 585.313
300.763 584.799
314.322 593.801
333.957 599.857
338.927 587.227
346.231 583.005
363.402 586.688
373.321 589.785
380.647 593.067
379.244 591.751
372.497 590.07
371.453 593.377
373.175 595.277
367.579 592.299
365.278 594.148
378.866 610.15
387.279 618.955
384.672 617.755
379.151 614.039
379.27 613.36
378.767 611.21
376.269 608.448
376.425 605.641
377.255 603.085
377.106 597.746
384.391 601.191
-1 -1
-1 -1
-1 -1
-1 -1
-1 -1
-1 -1
-1 -1
-1 -1
-1 -1
-1 -1
-1 -1
-1 -1
-1 -1
-1 -1
-1 -1
-1 -1
-1 -1
-1 -1
-1 -1
-1 -1
-1 -1
-1 -1
-1 -1
-1 -1
-1 -1
