581.591 640.74
581.845 640.525
581.61 640.75
581.604 641.029
581.483 640.591
581.526 640.57
581.696 640.774
581.537 641.118
581.291 641.352
581.152 641.634
580.997 641.747
580.747 641.754
580.696 641.892
580.806 641.74
580.758 641.786
580.783 641.901
580.691 641.809
580.499 641.914
580.433 641.902
580.597 641.824
580.519 642.163
580.638 642.194
580.581 642.281
580.812 642.398
581.178 642.119
581.257 642.257
580.925 642.634
581.192 641.974
581.261 641.683
580.836 642.234
580.154 642.424
580.011 642.403
579.929 642.637
579.883 643.321
580.028 643.558
580.257 643.422
580.356 643.461
580.117 643.816
580.138 643.883
580.19 643.859
579.944 643.971
579.564 644.092
579.281 644.263
579.002 644.55
578.932 644.53
578.846 644.659
578.808 644.7
578.87 644.506
578.907 644.694
578.922 644.898
579.024 645.475
578.998 645.607
578.851 646.125
578.789 646.194
578.639 646.243
578.668 646.074
578.73 646.142
578.595 646.148
578.478 646.527
578.457 646.327
578.417 646.432
578.476 646.805
578.467 646.136
578.382 645.187
578.84 643.237
578.772 643.195
579.722 642.767
579.846 642.712
579.849 643.062
580.217 642.714
580.308 642.891
580.689 642.422
580.826 641.979
580.074 642.141
580.12 642.026
580.033 642.522
580.15 643.16
580.044 643.649
579.83 643.972
579.548 643.987
579.421 644.273
579.355 644.325
579.28 644.293
579.082 644.075
578.951 643.714
578.986 643.458
579.237 643.112
579.354 642.727
579.086 642.774
