560.827 526.956
560.827 526.956
560.827 526.956
560.827 526.956
560.827 526.956
560.827 526.956
560.827 526.956
560.827 526.956
560.827 526.956
560.827 526.956
560.827 526.956
560.827 526.956
560.827 526.956
560.827 526.956
560.827 526.956
560.827 526.956
560.827 526.956
560.827 526.956
560.827 526.956
560.827 526.956
560.827 526.956
560.827 526.956
560.827 526.956
560.827 526.956
560.827 526.956
560.827 526.956
560.827 526.956
560.827 526.956
560.827 526.956
560.827 526.956
560.827 526.956
560.827 526.956
560.827 526.956
560.827 526.956
560.827 526.956
560.827 526.956
560.827 526.956
560.827 526.956
560.827 526.956
560.827 526.956
560.827 526.956
560.827 526.956
560.827 526.956
560.827 526.956
560.827 526.956
560.827 526.956
560.827 526.956
560.827 526.956
560.827 526.956
560.827 526.956
560.827 526.956
560.827 526.956
560.827 526.956
560.827 526.956
560.827 526.956
560.827 526.956
560.827 526.956
560.827 526.956
560.827 526.956
560.827 526.956
560.827 526.956
560.827 526.956
560.827 526.956
