417.633 658.38
419.387 654.018
423.528 646.257
430.502 636.932
436.205 630.847
443.03 627.873
451.698 625.471
457.603 625.071
475.021 626.991
480.18 627.148
484.572 630.161
487.068 633.267
488.595 637.69
486.75 647.39
482.677 658.967
478.495 666.741
473.56 674.277
468.975 680.643
464.067 684.9
458.851 687.598
453.388 688.665
447.934 688.974
441.145 688.669
434.648 687.182
428.728 685.207
422.272 683.029
417.265 680.18
412.992 676.349
408.828 672.924
404.98 669.727
403.076 665.129
403.413 658.671
404.523 652.279
407.745 645.494
412.848 637.825
418.082 631.508
424.225 628.349
431.211 625.282
438.307 620.418
447.733 617.324
457.154 617.095
465.282 618.371
476.11 620.839
484.311 624.972
490.313 630.63
497.001 636.75
500.218 643.446
501.827 649.914
501.893 658.186
499.05 668.16
495.659 675.928
490.077 683.011
474.747 695.437
464.238 699.336
454.292 702.265
445.086 703.103
430.319 700.486
424.62 697.219
418.52 694.332
412.69 693.813
408.369 692.977
405.441 690.417
404.554 685.737
406.227 679.587
409.289 671.452
412.56 664.199
426.093 648.579
432.667 639.821
442.318 636.168
451.026 634.195
459.66 629.896
476.368 637.549
482.205 644.166
487.776 648.055
493.426 659.505
495.041 665.023
496.602 669.031
497.813 673.122
494.902 680.754
490.591 683.189
483.631 685.892
473.53 689.729
429.805 690.071
421.839 685.942
417.215 679.608
413.651 672.655
411.597 665.43
416.055 647.027
418.413 638.256
424.585 632.309
431.663 625.506
439.648 617.652
460.054 613.91
480.861 612.943
489.339 613.431
498.903 616.112
515.963 620.385
522.391 618.62
527.641 614.177
532.9 600.254
533.399 591.846
531.93 581.297
522.468 556.645
502.521 534.144
491.235 523.445
466.341 523.445
456.405 525.05
442.418 531.183
436.503 536.038
428.255 550.014
426.996 559.572
429.337 577.291
438.327 594.16
444.433 605.954
451.747 616.487
466.383 629.352
487.118 646.965
524.677 672.121
528.229 668.672
526.248 669.549
522.476 666.208
518.314 661.53
512.969 640.443
513.831 622.115
519.175 575.888
515.977 569.119
512.796 571.573
508.11 580.095
503.036 588.885
498.704 596.319
492.742 609.003
484.785 625.34
478.178 637.932
473.247 645.324
476.503 650.827
481.935 644.641
489.168 633.46
493.951 628.219
495.051 627.111
496.023 623.704
496.733 618.718
471.719 606.441
466.867 605.147
460.908 602.113
455.226 598.419
448.076 600.96
444.203 608.547
444.412 619.077
443.948 627.171
445.81 629.871
449.671 627.961
453.954 623.883
457.78 620.858
460.252 619.451
