-1 -1
-1 -1
360.599 704.983
364.787 708.215
365.622 710.96
365.413 710.57
364.774 710.052
365.361 711.879
364.565 712.8
360.975 710.253
356.797 706.238
-1 -1
-1 -1
-1 -1
-1 -1
-1 -1
-1 -1
-1 -1
-1 -1
354.242 704.465
356.012 704.391
357.563 705.672
357.958 706.805
357.32 707.069
355.76 706.85
-1 -1
-1 -1
-1 -1
-1 -1
-1 -1
-1 -1
-1 -1
-1 -1
-1 -1
357.002 703.477
358.15 703.193
359.076 704.127
359.195 704.609
357.694 703.796
355.885 703.319
-1 -1
-1 -1
-1 -1
-1 -1
-1 -1
-1 -1
359.882 705.404
360.997 706.503
361.748 707.561
361.288 707.736
359.791 706.841
357.896 707.044
-1 -1
-1 -1
-1 -1
-1 -1
-1 -1
-1 -1
-1 -1
362.682 713.003
364.887 714.468
364.724 713.042
363.941 711.347
362.48 710.71
360.316 711.117
-1 -1
-1 -1
362.08 712.932
364.481 714.013
365.275 713.748
364.327 713.285
-1 -1
-1 -1
-1 -1
364.126 710.263
369.625 712.191
370.904 712.159
369.061 711.183
366.694 711.513
-1 -1
-1 -1
-1 -1
-1 -1
366.467 712.441
370.857 715.045
368.554 713.965
-1 -1
-1 -1
375.128 717.984
376.566 718.814
374.09 717.385
372.105 717.127
-1 -1
-1 -1
-1 -1
-1 -1
365.543 705.46
371.725 715.721
370.117 716.34
-1 -1
-1 -1
368.19 719.408
369.91 721.595
369.224 720.941
368.264 719.928
367.405 719.733
-1 -1
-1 -1
-1 -1
373.217 722.797
373.479 721.708
370.903 719.064
-1 -1
-1 -1
-1 -1
-1 -1
367.575 717.962
372.243 719.635
373.527 717.643
372.636 716.185
-1 -1
-1 -1
-1 -1
-1 -1
371.442 721.709
372.273 720.873
372.027 720.016
370.237 721.13
-1 -1
370.238 717.534
370.366 714.96
369.555 713.414
367.684 711.735
-1 -1
-1 -1
-1 -1
371.112 713.628
375.309 713.293
376.566 712.021
375.323 711.402
372.225 711.839
-1 -1
-1 -1
-1 -1
-1 -1
366.582 706.223
369.462 708.873
368.785 708.026
366.64 707.861
