-1 -1
-1 -1
-1 -1
-1 -1
-1 -1
-1 -1
-1 -1
-1 -1
-1 -1
-1 -1
-1 -1
-1 -1
-1 -1
-1 -1
-1 -1
-1 -1
-1 -1
-1 -1
-1 -1
-1 -1
-1 -1
-1 -1
-1 -1
-1 -1
-1 -1
-1 -1
-1 -1
-1 -1
-1 -1
-1 -1
-1 -1
-1 -1
-1 -1
-1 -1
-1 -1
-1 -1
-1 -1
-1 -1
-1 -1
-1 -1
-1 -1
-1 -1
-1 -1
-1 -1
-1 -1
-1 -1
482.739 594.63
511.58 564.12
557.387 473.619
565.897 438.586
597.41 487.136
634.227 525.64
639.047 560.374
608.317 625.778
577.538 712.027
555.731 790.444
542.498 829.188
541.94 824.52
564.99 768.041
589.791 703.195
607.705 658.104
616.434 612.203
614.987 580.965
609.058 582.801
600.204 621.223
590.676 670.543
575.762 714.609
562.095 757.36
556.797 786.484
559.448 778.288
569.61 723.173
585.795 665.323
606.601 624.251
620.057 571.705
626.984 537.452
631.873 530.858
632.675 545.525
624.221 577.703
609.804 623.891
596.991 674.33
581.445 719.98
570.476 749.616
566.806 751.233
578.722 722.953
600.769 685.246
625.787 641.995
648.202 590.291
659.104 549.552
658.689 536.27
652.4 545.464
640.607 571.514
627.489 620.235
611.916 667.901
595.881 701.707
587.116 720.301
593.914 707.959
615.934 665.637
633.156 626.325
646.921 593.755
656.036 559.186
653.302 549.026
643.192 565.879
635.446 593.273
627.441 633.369
622.718 685.796
619.095 727.949
612.421 745.885
614.359 746.348
632.385 719.87
657.661 678.017
673.696 642.526
682.578 607.855
688.937 580.355
692.106 581.949
685.956 610.381
672.224 652.093
652.529 692.126
630.452 724.402
616.856 740.894
620.388 732.51
639.195 700.122
660.88 661.666
676.104 624.474
682.972 606.006
-1 -1
-1 -1
-1 -1
-1 -1
-1 -1
-1 -1
-1 -1
-1 -1
-1 -1
510.243 790.778
533.396 740.118
546.997 690.496
547.733 636.976
543.446 623.295
537.25 653.003
535.529 705.68
534.078 758.509
526.926 796.899
523.622 810.134
529.566 780.764
539.409 731.96
546.097 694.708
548.667 651.483
543.875 615.369
535.639 613.25
532.447 636.085
536.489 677.617
542.098 728.022
545.982 761.322
546.796 766.698
554.024 749.595
569.811 712.278
581.924 676.033
590.327 642.102
597.808 611.751
600.324 602.799
600.943 616.969
601.125 644.159
601.112 684.757
596.332 732.692
592.505 774.481
592.477 790.241
598.764 771.245
620.156 733.805
642.331 688.432
654.306 635.944
657.906 592.034
654.914 570.777
644.831 573.871
632.876 605.777
622.111 657.398
613.403 720.486
601.407 781.008
579.199 810.318
-1 -1
-1 -1
-1 -1
-1 -1
-1 -1
-1 -1
-1 -1
-1 -1
-1 -1
-1 -1
-1 -1
-1 -1
-1 -1
-1 -1
-1 -1
-1 -1
-1 -1
-1 -1
-1 -1
-1 -1
-1 -1
-1 -1
-1 -1
-1 -1
-1 -1
-1 -1
543.528 651.815
535.835 652.653
503.096 635.532
474.863 611.109
474.417 575.368
495.753 532.885
529.014 498.481
568.843 481.194
611.591 474.864
652.03 480.018
686.655 504.076
712.426 537.573
726.082 582.756
728.424 632.518
710.638 679.846
675.074 705.783
626.393 705.297
582.991 689.268
552.37 660.906
541.291 627.519
559.9 580.98
594.805 534.153
629.143 509.904
666.027 499.947
701.912 497.505
733.185 516.684
751.785 542.146
757.895 579.266
752.944 623.03
736.75 673.257
709.99 718.54
666.735 741.029
617.145 748.659
571.916 741.077
532.643 712.897
498.691 674.144
479.486 631.804
488.409 583.509
517.721 530.751
549.425 495.048
587.485 477.878
627.503 463.766
661.273 470.979
688.999 493.486
713.388 522.926
730.605 559.499
739.995 605.959
739.131 654.897
724.85 702.078
693.648 734.336
651.788 747.729
605.217 745.258
563.373 722.512
524.036 681.845
500.784 640.954
503.073 598.992
528.148 554.965
564.556 515.16
603.139 492.175
639.432 481.056
674.242 475.563
703.854 491.461
724.373 522.379
737.167 560.105
743.438 603.359
740.212 649.067
721.874 685.543
694.676 710.535
664.139 725.226
631.13 731.822
597.564 720.608
571.914 686.214
557.979 653.537
567.567 613.949
592.364 564.738
-1 -1
-1 -1
-1 -1
-1 -1
-1 -1
-1 -1
-1 -1
-1 -1
-1 -1
-1 -1
-1 -1
-1 -1
-1 -1
-1 -1
-1 -1
-1 -1
525.495 753.943
568.042 738.709
615.373 735.97
655.735 735.617
687.058 758.813
705.891 801.966
718.105 852.328
704.149 894.172
670.836 925.536
634.248 941.554
594.656 938.385
556.579 921.407
524.767 892.522
501.398 849.761
497.466 808.349
513.545 765.961
539.181 733.571
570.116 717.294
600.111 708.565
629.743 711.637
658.526 724.343
680.966 746.996
696.104 774.861
703.729 812.026
703.616 857.104
690.727 901.702
667.072 936.084
638.156 965.536
602.308 979.596
561.904 979.227
523.89 962.188
496.469 917.512
481.585 874.707
482.666 831.674
497.411 785.237
521.532 747.11
551.283 723.789
584.683 709.118
616.236 698.713
647.818 701.786
677.74 720.461
701.103 753.544
712.882 793.979
713 841.144
697.681 890.384
671.35 935.949
637.968 963.621
596.881 975.647
555.559 972.978
522.384 953.463
498.265 922.51
484.67 879.428
487.025 835.673
501.165 787.487
523.045 741.221
550.557 707.313
579.906 678.417
610.062 664.972
640.43 664.253
667.891 672.388
691.773 693.19
706.095 725.496
714.005 765.453
716.081 812.93
710.701 857.509
696.418 889.288
681.035 911.595
-1 -1
-1 -1
-1 -1
-1 -1
-1 -1
-1 -1
-1 -1
-1 -1
-1 -1
-1 -1
-1 -1
-1 -1
-1 -1
-1 -1
-1 -1
530.542 508.033
552.594 504.494
561.337 507.218
551.957 513.594
528.101 525.126
504.054 535.922
494.763 540.621
510.103 533.714
536.282 524.041
558.804 521.754
565.065 519.561
551.692 524.515
528.834 535.734
511.547 546.672
507.621 553.313
520.754 553.126
551.12 548.73
583.601 538.399
599.678 538.096
595.282 541.62
576.324 547.65
556.835 558.22
548.614 565.628
559.301 569.437
581.569 567.321
605.069 564.166
609.728 564.539
593.276 563.782
569.851 567.901
556.665 578.458
559.828 582.332
578.511 583.601
597.523 586.768
598.541 584.98
-1 -1
-1 -1
-1 -1
-1 -1
-1 -1
-1 -1
-1 -1
-1 -1
-1 -1
-1 -1
-1 -1
-1 -1
-1 -1
456.974 693.44
499.407 695.713
544.739 707.786
575.256 714.767
572.17 712.161
545.823 710.195
520.263 715.509
502.883 715.383
504.871 715.34
527.285 715.501
553.139 719.419
556 717.725
535.726 714.944
516.577 717.807
510.974 722.329
521.565 721.349
549.369 720.895
578.829 724.154
583.242 724.567
559.29 722.042
529.899 722.157
509.92 731.979
511.321 740.228
539.013 739.533
572.223 744.236
589.207 756.721
583.059 760.72
565.351 760.916
546.838 763.723
535.724 768.199
-1 -1
-1 -1
-1 -1
-1 -1
-1 -1
-1 -1
-1 -1
-1 -1
-1 -1
-1 -1
-1 -1
-1 -1
-1 -1
-1 -1
-1 -1
-1 -1
-1 -1
-1 -1
-1 -1
438.795 854.654
432.464 848.235
443.403 838.146
467.532 827.394
490.002 828.507
505.428 833.221
514.052 849.035
512.85 868.879
498.7 885.396
485.226 895.777
470.33 896.165
458.317 883.825
455.281 866.744
465.363 846.167
481.896 825.29
503.091 812.045
525.171 806.27
543.287 818.541
551.791 839.869
555.52 865.009
547.676 884.234
526.763 901.17
504.959 906.591
489.114 898.828
471.992 878.247
458.745 855.931
467.767 838.938
492.948 827.367
515.878 821.69
533.602 834.029
551.464 852.931
558.228 874.953
549.63 894.861
536.976 905.186
520.027 912.577
502.764 907.013
493.874 886.185
497.19 875.442
510.711 861.135
526.441 846.457
542.465 848.793
552.016 861.068
553.585 877.11
541.112 884.069
522.534 877.82
-1 -1
-1 -1
-1 -1
-1 -1
-1 -1
-1 -1
-1 -1
-1 -1
-1 -1
-1 -1
-1 -1
-1 -1
-1 -1
-1 -1
-1 -1
-1 -1
-1 -1
-1 -1
566.09 598.036
582.209 580.912
603.085 575.338
622.825 575.374
634.997 586.038
636.925 607.536
629.333 631.102
613.016 650.311
592.289 664.522
567.788 664.787
548.502 657.864
545.393 643.072
554.065 626.203
566.169 619.268
587.368 611.072
610.053 610.408
625.333 621.996
634.411 639.783
638.361 660.069
634.706 683.463
621.272 695.66
602.639 701.089
580.241 699.712
561.383 686.699
552.322 667.845
548.642 650.943
555.001 630.261
575.733 609.623
599.814 597.801
614.82 595.761
625.706 604.415
636.476 626.405
643.99 652.477
638.696 672.259
624.345 686.765
608.082 695.202
587.774 697.439
572.499 692.077
568.675 675.7
574.456 652.554
587.42 637.59
605.101 628.657
617.54 625.422
614.488 631.675
595.916 635.365
-1 -1
-1 -1
-1 -1
-1 -1
-1 -1
-1 -1
-1 -1
-1 -1
-1 -1
-1 -1
-1 -1
-1 -1
-1 -1
-1 -1
-1 -1
-1 -1
-1 -1
-1 -1
-1 -1
-1 -1
-1 -1
-1 -1
-1 -1
-1 -1
-1 -1
-1 -1
-1 -1
-1 -1
-1 -1
-1 -1
-1 -1
-1 -1
-1 -1
-1 -1
-1 -1
-1 -1
-1 -1
-1 -1
-1 -1
-1 -1
-1 -1
-1 -1
-1 -1
-1 -1
-1 -1
-1 -1
-1 -1
-1 -1
-1 -1
-1 -1
-1 -1
-1 -1
-1 -1
-1 -1
-1 -1
-1 -1
-1 -1
-1 -1
-1 -1
-1 -1
-1 -1
-1 -1
-1 -1
-1 -1
-1 -1
-1 -1
-1 -1
-1 -1
