Frame      76287    pt_id     1         5     0.26146         1     0.57481         6     1.96755         3     2.26377         4     3.46979         2     4.03271
Frame      76288    pt_id     1         5     0.24626         1     0.58202         6     1.88926         3     2.19347         4     3.38991         2     3.96105
Frame      76289    pt_id     1         5     0.21954         1     0.61916         6     1.88468         3     2.18492         4     3.38352         2     3.96388
Frame      76290    pt_id     1         5     0.20008         1     0.65210         6     1.85329         3     2.15144         4     3.35323         2     3.94596
Frame      76291    pt_id     1         5     0.18723         1     0.67428         6     1.82001         3     2.11904         4     3.31842         2     3.91992
Frame      76292    pt_id     1         5     0.17989         1     0.68681         6     1.81802         3     2.11675         4     3.31601         2     3.92033
Frame      76293    pt_id     1         5     0.17749         1     0.69115         6     1.82115         3     2.11972         4     3.31992         2     3.92458
Frame      76294    pt_id     1         5     0.17685         1     0.69164         6     1.80434         3     2.10487         4     3.29998         2     3.90603
Frame      76295    pt_id     1         5     0.16973         1     0.70585         6     1.80280         3     2.10145         4     3.29848         2     3.90825
Frame      76296    pt_id     1         5     0.17337         1     0.69854         6     1.80112         3     2.10105         4     3.29731         2     3.90515
Frame      76297    pt_id     1         5     0.17548         1     0.69456         6     1.79393         3     2.09685         4     3.28928         2     3.89511
Frame      76298    pt_id     1         5     0.17200         1     0.70172         6     1.80372         3     2.10571         4     3.29961         2     3.90538
Frame      76299    pt_id     1         5     0.17639         1     0.69581         6     1.79838         3     2.10229         4     3.29485         2     3.89912
Frame      76300    pt_id     1         5     0.17749         1     0.69430         6     1.80042         3     2.10487         4     3.29687         2     3.90013
Frame      76301    pt_id     1         5     0.17650         1     0.69555         6     1.80327         3     2.10553         4     3.29905         2     3.90209
Frame      76302    pt_id     1         5     0.17338         1     0.70249         6     1.79174         3     2.09353         4     3.28759         2     3.89401
Frame      76303    pt_id     1         5     0.17449         1     0.70068         6     1.78694         3     2.08957         4     3.28263         2     3.88901
Frame      76304    pt_id     1         5     0.18230         1     0.68657         6     1.79319         3     2.09823         4     3.29069         2     3.89224
Frame      76305    pt_id     1         5     0.18701         1     0.67941         6     1.76478         3     2.07373         4     3.26072         2     3.86484
Frame      76306    pt_id     1         5     0.18138         1     0.69114         6     1.75988         3     2.06699         4     3.25587         2     3.86427
Frame      76307    pt_id     1         5     0.16919         1     0.71450         6     1.75885         3     2.06404         4     3.25553         2     3.86973
Frame      76308    pt_id     1         5     0.16864         1     0.71598         6     1.74733         3     2.05434         4     3.24334         2     3.85871
Frame      76309    pt_id     1         5     0.15841         1     0.73602         6     1.75083         3     2.05568         4     3.24745         2     3.86730
Frame      76310    pt_id     1         5     0.15398         1     0.74529         6     1.72793         3     2.03467         4     3.22369         2     3.84868
Frame      76311    pt_id     1         5     0.15180         1     0.75271         6     1.71125         3     2.01980         4     3.20837         2     3.83790
Frame      76312    pt_id     1         5     0.14848         1     0.76237         6     1.70268         3     2.00994         4     3.20048         2     3.83389
Frame      76313    pt_id     1         5     0.14158         1     0.77750         6     1.70028         3     2.00584         4     3.19837         2     3.83607
Frame      76314    pt_id     1         5     0.12545         1     0.81967         6     1.68920         3     1.98917         4     3.18853         2     3.83884
Frame      76315    pt_id     1         5     0.12380         1     0.82733         6     1.70450         3     2.00298         4     3.20590         2     3.85435
Frame      76316    pt_id     1         5     0.11554         1     0.85332         6     1.68982         3     1.98733         4     3.19128         2     3.84729
Frame      76317    pt_id     1         5     0.11611         1     0.85438         6     1.67934         3     1.97691         4     3.18097         2     3.83886
Frame      76318    pt_id     1         5     0.10690         1     0.88326         6     1.66302         3     1.95782         4     3.16507         2     3.83288
Frame      76319    pt_id     1         5     0.10249         1     0.89858         6     1.64697         3     1.94105         4     3.14875         2     3.82283
Frame      76320    pt_id     1         5     0.10177         1     0.90991         6     1.65165         3     1.94245         4     3.15434         2     3.83048
Frame      76321    pt_id     1         5     0.09778         1     0.92287         6     1.65862         3     1.94732         4     3.16186         2     3.84017
Frame      76322    pt_id     1         5     0.09786         1     0.92115         6     1.65725         3     1.94755         4     3.16030         2     3.83768
Frame      76323    pt_id     1         5     0.09712         1     0.93091         6     1.64802         3     1.93757         4     3.15112         2     3.83186
Frame      76324    pt_id     1         5     0.09704         1     0.92553         6     1.64882         3     1.94017         4     3.15161         2     3.83068
Frame      76325    pt_id     1         5     0.09154         1     0.93824         6     1.66034         3     1.94913         4     3.16370         2     3.84492
Frame      76326    pt_id     1         5     0.09344         1     0.92857         6     1.67595         3     1.96538         4     3.17967         2     3.85605
Frame      76327    pt_id     1         5     0.08773         1     0.95158         6     1.66316         3     1.94994         4     3.16703         2     3.85136
Frame      76328    pt_id     1         5     0.08968         1     0.94358         6     1.65452         3     1.94273         4     3.15779         2     3.84170
Frame      76329    pt_id     1         5     0.09031         1     0.94592         6     1.64393         3     1.93258         4     3.14694         2     3.83270
Frame      76330    pt_id     1         5     0.08470         1     0.95816         6     1.64106         3     1.93013         4     3.14386         2     3.83292
Frame      76331    pt_id     1         5     0.07597         1     0.98212         6     1.63238         3     1.92208         4     3.13478         2     3.83053
Frame      76332    pt_id     1         5     0.06458         1     1.02326         6     1.62720         3     1.91478         4     3.12975         2     3.83592
Frame      76333    pt_id     1         5     0.05331         1     1.06639         6     1.62354         3     1.90896         4     3.12621         2     3.84317
Frame      76334    pt_id     1         5     0.04624         1     1.10437         6     1.61958         3     1.90171         4     3.12265         2     3.84921
Frame      76335    pt_id     1         5     0.04190         1     1.13058         6     1.60609         3     1.88695         4     3.10900         2     3.84373
Frame      76336    pt_id     1         5     0.04034         1     1.13966         6     1.58630         3     1.86801         4     3.08842         2     3.82855
Frame      76337    pt_id     1         5     0.03983         1     1.13819         6     1.58669         3     1.86885         4     3.08858         2     3.82861
Frame      76338    pt_id     1         5     0.03887         1     1.14364         6     1.59741         3     1.87749         4     3.09993         2     3.83999
Frame      76339    pt_id     1         5     0.03914         1     1.13396         6     1.60986         3     1.89003         4     3.11252         2     3.84895
Frame      76340    pt_id     1         5     0.03763         1     1.13451         6     1.63130         3     1.91034         4     3.13457         2     3.86821
Frame      76341    pt_id     1         5     0.03956         1     1.11805         6     1.65968         3     1.93809         4     3.16367         2     3.88967
Frame      76342    pt_id     1         5     0.04287         1     1.10045         6     1.66782         3     1.94661         4     3.17200         2     3.89282
Frame      76343    pt_id     1         5     0.04734         1     1.07864         6     1.66706         3     1.94828         4     3.17090         2     3.88623
Frame      76344    pt_id     1         5     0.04864         1     1.06825         6     1.67800         3     1.95947         4     3.18195         2     3.89364
Frame      76345    pt_id     1         5     0.04902         1     1.06578         6     1.67380         3     1.95662         4     3.17745         2     3.88880
Frame      76346    pt_id     1         5     0.04441         1     1.09219         6     1.68118         3     1.96051         4     3.18565         2     3.90216
Frame      76347    pt_id     1         5     0.04057         1     1.11749         6     1.67941         3     1.95738         4     3.18422         2     3.90612
Frame      76348    pt_id     1         5     0.03483         1     1.14992         6     1.67540         3     1.95286         4     3.18017         2     3.90951
Frame      76349    pt_id     1         5     0.02955         1     1.19135         6     1.66310         3     1.93856         4     3.16800         2     3.90800
Frame      76350    pt_id     1         5     0.02604         1     1.21613         6     1.64744         3     1.92219         4     3.15202         2     3.90002
Frame      76351    pt_id     1         5     0.02455         1     1.23917         6     1.62505         3     1.89919         4     3.12927         2     3.88542
Frame      76352    pt_id     1         5     0.02303         1     1.25621         6     1.62204         3     1.89461         4     3.12639         2     3.88705
Frame      76353    pt_id     1         5     0.02252         1     1.27431         6     1.61187         3     1.88308         4     3.11621         2     3.88242
Frame      76354    pt_id     1         5     0.02235         1     1.27695         6     1.62112         3     1.89285         4     3.12562         2     3.89037
Frame      76355    pt_id     1         5     0.02145         1     1.28838         6     1.62624         3     1.89649         4     3.13107         2     3.89780
Frame      76356    pt_id     1         5     0.02088         1     1.29820         6     1.61838         3     1.88858         4     3.12304         2     3.89296
Frame      76357    pt_id     1         5     0.01705         1     1.32452         6     1.61755         3     1.88613         4     3.12226         2     3.89886
Frame      76358    pt_id     1         5     0.01553         1     1.34811         6     1.61868         3     1.88531         4     3.12367         2     3.90554
Frame      76359    pt_id     1         5     0.01350         1     1.36533         6     1.62114         3     1.88685         4     3.12623         2     3.91181
Frame      76360    pt_id     1         5     0.01272         1     1.38042         6     1.61804         3     1.88295         4     3.12314         2     3.91256
Frame      76361    pt_id     1         5     0.01173         1     1.40041         6     1.61196         3     1.87573         4     3.11700         2     3.91201
Frame      76362    pt_id     1         5     0.01047         1     1.42141         6     1.60148         3     1.86432         4     3.10628         2     3.90800
Frame      76363    pt_id     1         5     0.00943         1     1.43549         6     1.60554         3     1.86725         4     3.11051         2     3.91505
Frame      76364    pt_id     1         5     0.01197         1     1.46431         6     1.57893         3     1.83891         4     3.08352         2     3.89851
Frame      76365    pt_id     1         5     0.01260         1     1.47401         6     1.57404         3     1.83339         4     3.07856         2     3.89649
Frame      76366    pt_id     1         5     0.01271         1     1.47430         6     1.57484         3     1.83383         4     3.07943         2     3.89749
Frame      76367    pt_id     1         5     0.01339         1     1.47291         6     1.57241         3     1.83129         4     3.07696         2     3.89512
Frame      76368    pt_id     1         5     0.01331         1     1.47150         6     1.57502         3     1.83347         4     3.07967         2     3.89748
Frame      76369    pt_id     1         5     0.01408         1     1.46633         6     1.57419         3     1.83239         4     3.07882         2     3.89595
Frame      76370    pt_id     1         5     0.01583         1     1.47908         6     1.56712         3     1.82418         4     3.07177         2     3.89287
Frame      76371    pt_id     1         5     0.01653         1     1.48292         6     1.55794         3     1.81559         4     3.06227         2     3.88534
Frame      76372    pt_id     1         5     0.01619         1     1.49394         6     1.54404         3     1.80322         4     3.04775         2     3.87479
Frame      76373    pt_id     1         5     0.01558         1     1.51218         6     1.52421         3     1.78551         4     3.02690         2     3.86066
Frame      76374    pt_id     1         5     0.01590         6     1.51696         1     1.53726         3     1.77781         4     3.01930         2     3.85991
Frame      76375    pt_id     1         5     0.01810         6     1.49669         1     1.57890         3     1.75774         4     2.99819         2     3.85076
Frame      76376    pt_id     1         5     0.01873         6     1.49620         1     1.61833         3     1.75590         4     2.99757         2     3.85908
Frame      76377    pt_id     1         5     0.01493         6     1.49869         1     1.61811         3     1.76062         4     2.99968         2     3.86034
Frame      76378    pt_id     1         5     0.01814         6     1.47639         1     1.64782         3     1.73953         4     2.97637         2     3.84640
Frame      76379    pt_id     1         5     0.02617         6     1.45387         1     1.69649         3     1.71535         4     2.95337         2     3.83697
Frame      76380    pt_id     1         5     0.02985         6     1.43838         3     1.70059         1     1.71832         4     2.93717         2     3.82747
Frame      76381    pt_id     1         5     0.03444         6     1.43761         3     1.69785         1     1.75172         4     2.93634         2     3.83444
Frame      76382    pt_id     1         5     0.03507         6     1.44176         3     1.70111         1     1.76279         4     2.94061         2     3.84072
Frame      76383    pt_id     1         5     0.04393         6     1.44126         3     1.69621         1     1.79054         4     2.94072         2     3.84723
Frame      76384    pt_id     1         5     0.05153         6     1.42601         3     1.68036         1     1.81012         4     2.92513         2     3.83764
Frame      76385    pt_id     1         5     0.05385         6     1.43525         3     1.68710         1     1.81647         4     2.93496         2     3.84794
Frame      76386    pt_id     1         5     0.05817         6     1.41894         3     1.67197         1     1.82626         4     2.91803         2     3.83489
Frame      76387    pt_id     1         5     0.07131         6     1.41518         3     1.66497         1     1.87039         4     2.91436         2     3.84139
Frame      76388    pt_id     1         5     0.06923         6     1.43575         3     1.68307         1     1.87837         4     2.93567         2     3.86234
Frame      76389    pt_id     1         5     0.06203         6     1.44668         3     1.69461         1     1.86308         4     2.94680         2     3.86902
Frame      76390    pt_id     1         5     0.06308         6     1.45495         3     1.70114         1     1.86491         4     2.95559         2     3.87729
Frame      76391    pt_id     1         5     0.06219         6     1.45242         3     1.69926         1     1.85939         4     2.95299         2     3.87370
Frame      76392    pt_id     1         5     0.07005         6     1.44104         3     1.68681         1     1.86468         4     2.94164         2     3.86456
Frame      76393    pt_id     1         5     0.06398         6     1.44203         3     1.68971         1     1.85533         4     2.94234         2     3.86318
Frame      76394    pt_id     1         5     0.05714         6     1.44866         3     1.69789         1     1.84375         4     2.94886         2     3.86652
Frame      76395    pt_id     1         5     0.05241         6     1.44861         3     1.69959         1     1.82940         4     2.94863         2     3.86304
Frame      76396    pt_id     1         5     0.04433         6     1.46935         3     1.72004         1     1.80347         4     2.97006         2     3.87644
Frame      76397    pt_id     1         5     0.04233         6     1.46698         3     1.71870         1     1.79311         4     2.96754         2     3.87185
Frame      76398    pt_id     1         5     0.04515         6     1.45088         3     1.70369         1     1.78698         4     2.95105         2     3.85574
Frame      76399    pt_id     1         5     0.04054         6     1.46344         3     1.71635         1     1.77864         4     2.96388         2     3.86533
Frame      76400    pt_id     1         5     0.03130         6     1.47474         3     1.73010         1     1.74519         4     2.97525         2     3.86776
Frame      76401    pt_id     1         5     0.03288         6     1.47183         3     1.72686         1     1.75078         4     2.97228         2     3.86641
Frame      76402    pt_id     1         5     0.03055         6     1.48740         3     1.74147         1     1.75501         4     2.98825         2     3.88157
Frame      76403    pt_id     1         5     0.02843         6     1.48824         1     1.74112         3     1.74307         4     2.98912         2     3.87916
Frame      76404    pt_id     1         5     0.02790         6     1.49428         1     1.73794         3     1.74831         4     2.99546         2     3.88412
Frame      76405    pt_id     1         5     0.02424         6     1.49658         1     1.72180         3     1.75232         4     2.99767         2     3.88226
Frame      76406    pt_id     1         5     0.02113         6     1.48543         1     1.68775         3     1.74495         4     2.98590         2     3.86406
Frame      76407    pt_id     1         5     0.02168         6     1.48805         1     1.68589         3     1.74657         4     2.98881         2     3.86628
Frame      76408    pt_id     1         5     0.01891         6     1.50308         1     1.67550         3     1.76089         4     3.00441         2     3.87764
Frame      76409    pt_id     1         5     0.02190         6     1.48510         1     1.66478         3     1.74373         4     2.98609         2     3.85903
Frame      76410    pt_id     1         5     0.02471         6     1.48304         1     1.67545         3     1.74026         4     2.98410         2     3.85994
Frame      76411    pt_id     1         5     0.02046         6     1.49970         1     1.64626         3     1.75700         4     3.00136         2     3.86863
Frame      76412    pt_id     1         5     0.01616         6     1.50907         1     1.62912         3     1.76806         4     3.01066         2     3.87289
Frame      76413    pt_id     1         5     0.01304         6     1.53111         1     1.61275         3     1.78923         4     3.03339         2     3.88933
Frame      76414    pt_id     1         5     0.00863         6     1.55668         1     1.59190         3     1.81517         4     3.05953         2     3.90741
Frame      76415    pt_id     1         5     0.00973         6     1.55630         1     1.60403         3     1.81359         4     3.05922         2     3.91010
Frame      76416    pt_id     1         5     0.01308         6     1.56494         1     1.64960         3     1.81773         4     3.06844         2     3.92890
Frame      76417    pt_id     1         5     0.01088         6     1.57109         1     1.64477         3     1.82506         4     3.07444         2     3.93296
Frame      76418    pt_id     1         5     0.01087         6     1.56864         1     1.64411         3     1.82307         4     3.07183         2     3.93057
Frame      76419    pt_id     1         5     0.00764         6     1.59644         1     1.64435         3     1.85086         4     3.10003         2     3.95519
Frame      76420    pt_id     1         5     0.00475         6     1.62157         1     1.63235         3     1.87714         4     3.12544         2     3.97432
Frame      76421    pt_id     1         5     0.00261         1     1.60849         6     1.63489         3     1.89244         4     3.13882         2     3.98014
Frame      76422    pt_id     1         5     0.00099         1     1.55484         6     1.64528         3     1.90522         4     3.14950         2     3.97698
Frame      76423    pt_id     1         5     0.00045         1     1.52339         6     1.65852         3     1.92086         4     3.16280         2     3.98075
Frame      76424    pt_id     1         5     0.00066         1     1.54255         6     1.65210         3     1.91293         4     3.15632         2     3.97998
Frame      76425    pt_id     1         5     0.00072         1     1.54703         6     1.65380         3     1.91432         4     3.15803         2     3.98260
Frame      76426    pt_id     1         5     0.00081         1     1.55019         6     1.66136         3     1.92166         4     3.16563         2     3.99008
Frame      76427    pt_id     1         5     0.00116         1     1.55698         6     1.67313         3     1.93244         4     3.17766         2     4.00231
Frame      76428    pt_id     1         5     0.00164         1     1.56663         6     1.68287         3     1.94187         4     3.18747         2     4.01304
Frame      76429    pt_id     1         5     0.00150         1     1.57324         6     1.65723         3     1.91693         4     3.16122         2     3.99174
Frame      76430    pt_id     1         5     0.00312         1     1.60133         6     1.62964         3     1.88797         4     3.13315         2     3.97415
Frame      76431    pt_id     1         5     0.00595         6     1.62415         1     1.64316         3     1.88028         4     3.12749         2     3.97909
Frame      76432    pt_id     1         5     0.01110         6     1.62582         1     1.70738         3     1.87853         4     3.12911         2     3.99522
Frame      76433    pt_id     1         5     0.01676         6     1.61741         1     1.75266         3     1.86795         4     3.12046         2     3.99807
Frame      76434    pt_id     1         5     0.01551         6     1.62175         1     1.74758         3     1.87329         4     3.12469         2     4.00044
Frame      76435    pt_id     1         5     0.01592         6     1.63359         1     1.75228         3     1.88413         4     3.13689         2     4.01217
Frame      76436    pt_id     1         5     0.01495         6     1.62548         1     1.74336         3     1.87637         4     3.12876         2     4.00303
Frame      76437    pt_id     1         5     0.01465         6     1.61657         1     1.73791         3     1.86752         4     3.11981         2     3.99400
Frame      76438    pt_id     1         5     0.01559         6     1.61141         1     1.74418         3     1.86179         4     3.11464         2     3.99093
Frame      76439    pt_id     1         5     0.01596         6     1.61153         1     1.74786         3     1.86167         4     3.11476         2     3.99188
Frame      76440    pt_id     1         5     0.01531         6     1.61343         1     1.74391         3     1.86399         4     3.11663         2     3.99259
Frame      76441    pt_id     1         5     0.01534         6     1.61480         1     1.74388         3     1.86509         4     3.11812         2     3.99388
Frame      76442    pt_id     1         5     0.01486         6     1.61637         1     1.74045         3     1.86680         4     3.11974         2     3.99449
Frame      76443    pt_id     1         5     0.01520         6     1.62312         1     1.74356         3     1.87320         4     3.12661         2     4.00126
Frame      76444    pt_id     1         5     0.01597         6     1.62665         1     1.74873         3     1.87589         4     3.13028         2     4.00578
Frame      76445    pt_id     1         5     0.01046         6     1.64006         1     1.70194         3     1.89120         4     3.14404         2     4.00715
Frame      76446    pt_id     1         5     0.00943         6     1.65938         1     1.69518         3     1.91103         4     3.16361         2     4.02251
Frame      76447    pt_id     1         5     0.00718         6     1.66372         1     1.66456         3     1.91758         4     3.16787         2     4.01915
Frame      76448    pt_id     1         5     0.00311         1     1.58092         6     1.66291         3     1.92082         4     3.16710         2     3.99959
Frame      76449    pt_id     1         5     0.00182         1     1.51327         6     1.66761         3     1.92990         4     3.17165         2     3.98779
Frame      76450    pt_id     1         5     0.00164         1     1.49692         6     1.67290         3     1.93528         4     3.17723         2     3.98884
Frame      76451    pt_id     1         5     0.00164         1     1.46620         6     1.66844         3     1.93388         4     3.17242         2     3.97698
Frame      76452    pt_id     1         5     0.00290         1     1.42642         6     1.67665         3     1.94380         4     3.18085         2     3.97489
Frame      76453    pt_id     1         5     0.00257         1     1.43724         6     1.67833         3     1.94470         4     3.18261         2     3.97904
Frame      76454    pt_id     1         5     0.00330         1     1.41409         6     1.67061         3     1.93842         4     3.17482         2     3.96658
Frame      76455    pt_id     1         5     0.00183         1     1.45642         6     1.64834         3     1.91406         4     3.15214         2     3.95726
Frame      76456    pt_id     1         5     0.00169         1     1.47359         6     1.63648         3     1.90165         4     3.14004         2     3.95081
Frame      76457    pt_id     1         5     0.00218         1     1.45218         6     1.63589         3     1.90150         4     3.13962         2     3.94550
Frame      76458    pt_id     1         5     0.00148         1     1.47489         6     1.63700         3     1.90213         4     3.14066         2     3.95133
Frame      76459    pt_id     1         5     0.00216         1     1.54704         6     1.63658         3     1.89561         4     3.14077         2     3.96864
Frame      76460    pt_id     1         5     0.00282         1     1.55719         6     1.62669         3     1.88532         4     3.13072         2     3.96230
Frame      76461    pt_id     1         5     0.00383         1     1.57569         6     1.63272         3     1.88887         4     3.13715         2     3.97250
Frame      76462    pt_id     1         5     0.00742         6     1.61087         1     1.62575         3     1.86471         4     3.11489         2     3.96466
Frame      76463    pt_id     1         5     0.00816         6     1.59674         1     1.62543         3     1.85116         4     3.10046         2     3.95189
Frame      76464    pt_id     1         5     0.00885         6     1.60751         1     1.64497         3     1.86074         4     3.11136         2     3.96600
Frame      76465    pt_id     1         5     0.00862         6     1.59851         1     1.63696         3     1.85259         4     3.10217         2     3.95603
Frame      76466    pt_id     1         5     0.00774         6     1.59051         1     1.59778         3     1.84559         4     3.09436         2     3.94022
Frame      76467    pt_id     1         5     0.01052         6     1.58759         1     1.64584         3     1.84024         4     3.09139         2     3.94852
Frame      76468    pt_id     1         5     0.01441         6     1.59036         1     1.69757         3     1.84005         4     3.09422         2     3.96281
Frame      76469    pt_id     1         5     0.01054         6     1.59913         1     1.66737         3     1.85045         4     3.10319         2     3.96359
Frame      76470    pt_id     1         5     0.00833         6     1.60099         1     1.65405         3     1.85423         4     3.10481         2     3.96169
Frame      76471    pt_id     1         5     0.00995         6     1.59492         1     1.66737         3     1.84751         4     3.09863         2     3.95938
Frame      76472    pt_id     1         5     0.00746         6     1.60507         1     1.65190         3     1.85902         4     3.10881         2     3.96456
Frame      76473    pt_id     1         5     0.00702         6     1.60837         1     1.64839         3     1.86238         4     3.11222         2     3.96670
Frame      76474    pt_id     1         5     0.00662         6     1.60208         1     1.64224         3     1.85705         4     3.10578         2     3.95942
Frame      76475    pt_id     1         5     0.00566         6     1.61620         1     1.64094         3     1.87101         4     3.12017         2     3.97164
Frame      76476    pt_id     1         5     0.00680         6     1.63030         1     1.67186         3     1.88421         4     3.13424         2     3.99091
Frame      76477    pt_id     1         5     0.00767         6     1.62745         1     1.68114         3     1.88094         4     3.13131         2     3.99053
Frame      76478    pt_id     1         5     0.00684         6     1.62590         1     1.67109         3     1.87978         4     3.12983         2     3.98684
Frame      76479    pt_id     1         5     0.00755         6     1.61175         1     1.68325         3     1.86758         4     3.11486         2     3.97622
Frame      76480    pt_id     1         5     0.00900         6     1.61030         1     1.69037         3     1.86413         4     3.11376         2     3.97723
Frame      76481    pt_id     1         5     0.00789         6     1.61593         1     1.68008         3     1.87026         4     3.11950         2     3.97985
Frame      76482    pt_id     1         5     0.00778         6     1.60712         1     1.68343         3     1.86327         4     3.11014         2     3.97208
Frame      76483    pt_id     1         5     0.00747         6     1.60626         1     1.67669         3     1.86217         4     3.10937         2     3.97000
Frame      76484    pt_id     1         5     0.00734         6     1.59847         1     1.66526         3     1.85430         4     3.10162         2     3.96077
Frame      76485    pt_id     1         5     0.00624         6     1.59391         1     1.64065         3     1.85061         4     3.09713         2     3.95127
Frame      76486    pt_id     1         5     0.00603         6     1.58547         1     1.62311         3     1.84285         4     3.08868         2     3.93978
Frame      76487    pt_id     1         5     0.00363         6     1.60038         1     1.60466         3     1.85932         4     3.10369         2     3.94840
Frame      76488    pt_id     1         5     0.00283         1     1.59412         6     1.60541         3     1.86532         4     3.10870         2     3.95028
Frame      76489    pt_id     1         5     0.00326         1     1.58934         6     1.61621         3     1.87362         4     3.12028         2     3.95973
Frame      76490    pt_id     1         5     0.00168         1     1.57890         6     1.62463         3     1.88443         4     3.12847         2     3.96389
Frame      76491    pt_id     1         5     0.00075         1     1.54463         6     1.61886         3     1.88238         4     3.12220         2     3.94999
Frame      76492    pt_id     1         5     0.00049         1     1.53479         6     1.63114         3     1.89463         4     3.13481         2     3.95860
Frame      76493    pt_id     1         5     0.00035         1     1.52706         6     1.64085         3     1.90470         4     3.14471         2     3.96522
Frame      76494    pt_id     1         5     0.00043         1     1.51667         6     1.64570         3     1.90961         4     3.14976         2     3.96725
Frame      76495    pt_id     1         5     0.00039         1     1.52026         6     1.64754         3     1.91133         4     3.15157         2     3.96968
Frame      76496    pt_id     1         5     0.00037         1     1.51691         6     1.65218         3     1.91699         4     3.15606         2     3.97260
Frame      76497    pt_id     1         5     0.00071         1     1.49291         6     1.63246         3     1.89960         4     3.13579         2     3.94934
Frame      76498    pt_id     1         5     0.00113         1     1.48613         6     1.62095         3     1.88825         4     3.12418         2     3.93770
Frame      76499    pt_id     1         5     0.00123         1     1.48604         6     1.61299         3     1.88099         4     3.11595         2     3.93046
Frame      76500    pt_id     1         5     0.00257         1     1.47203         6     1.60415         3     1.87061         4     3.10742         2     3.92049
Frame      76501    pt_id     1         5     0.00314         1     1.49738         6     1.60170         3     1.86472         4     3.10540         2     3.92513
Frame      76502    pt_id     1         5     0.00434         1     1.50246         6     1.58689         3     1.84972         4     3.09032         2     3.91329
Frame      76503    pt_id     1         5     0.00656         1     1.50766         6     1.56914         3     1.83144         4     3.07238         2     3.89900
Frame      76504    pt_id     1         5     0.00632         1     1.50634         6     1.56290         3     1.82653         4     3.06577         2     3.89274
Frame      76505    pt_id     1         5     0.00775         1     1.52023         6     1.54933         3     1.81269         4     3.05195         2     3.88374
Frame      76506    pt_id     1         5     0.00893         1     1.54119         6     1.54252         3     1.80465         4     3.04503         2     3.88275
Frame      76507    pt_id     1         5     0.00848         6     1.55667         1     1.57033         3     1.81589         4     3.05971         2     3.90249
Frame      76508    pt_id     1         5     0.00682         6     1.57679         1     1.59493         3     1.83443         4     3.08013         2     3.92620
Frame      76509    pt_id     1         5     0.00869         6     1.55613         1     1.61118         3     1.81462         4     3.05878         2     3.91103
Frame      76510    pt_id     1         5     0.01021         6     1.55429         1     1.65363         3     1.81178         4     3.05668         2     3.91864
Frame      76511    pt_id     1         5     0.01212         6     1.55030         1     1.67290         3     1.80690         4     3.05257         2     3.91953
Frame      76512    pt_id     1         5     0.01510         6     1.55234         1     1.68866         3     1.80608         4     3.05509         2     3.92565
Frame      76513    pt_id     1         5     0.01373         6     1.55434         1     1.68427         3     1.80891         4     3.05697         2     3.92619
Frame      76514    pt_id     1         5     0.01208         6     1.54369         1     1.67329         3     1.80109         4     3.04569         2     3.91337
Frame      76515    pt_id     1         5     0.01101         6     1.54095         1     1.65240         3     1.79962         4     3.04286         2     3.90619
Frame      76516    pt_id     1         5     0.01167         6     1.53158         1     1.63400         3     1.79067         4     3.03349         2     3.89378
Frame      76517    pt_id     1         5     0.01454         6     1.52057         1     1.64171         3     1.77893         4     3.02238         2     3.88591
Frame      76518    pt_id     1         5     0.01819         6     1.49355         1     1.64468         3     1.75341         4     2.99462         2     3.86185
Frame      76519    pt_id     1         5     0.01448         6     1.51335         1     1.63205         3     1.77285         4     3.01495         2     3.87694
Frame      76520    pt_id     1         5     0.01395         6     1.51608         1     1.62101         3     1.77569         4     3.01781         2     3.87702
Frame      76521    pt_id     1         5     0.01385         6     1.51597         1     1.61953         3     1.77575         4     3.01768         2     3.87659
Frame      76522    pt_id     1         5     0.01137         6     1.52401         1     1.61669         3     1.78478         4     3.02564         2     3.88284
Frame      76523    pt_id     1         5     0.01119         6     1.53173         1     1.62893         3     1.79148         4     3.03355         2     3.89269
Frame      76524    pt_id     1         5     0.01336         6     1.54260         1     1.65784         3     1.79880         4     3.04497         2     3.90969
Frame      76525    pt_id     1         5     0.01276         6     1.55061         1     1.67277         3     1.80643         4     3.05298         2     3.92007
Frame      76526    pt_id     1         5     0.01138         6     1.55691         1     1.66942         3     1.81344         4     3.05924         2     3.92474
Frame      76527    pt_id     1         5     0.00950         6     1.55577         1     1.65238         3     1.81399         4     3.05796         2     3.91949
Frame      76528    pt_id     1         5     0.00866         6     1.56880         1     1.63896         3     1.82600         4     3.07155         2     3.92863
Frame      76529    pt_id     1         5     0.00755         6     1.56167         1     1.61333         3     1.82087         4     3.06421         2     3.91617
Frame      76530    pt_id     1         5     0.00505         6     1.57294         1     1.57627         3     1.83375         4     3.07572         2     3.91761
Frame      76531    pt_id     1         5     0.00284         1     1.50579         6     1.59584         3     1.85969         4     3.09903         2     3.92186
Frame      76532    pt_id     1         5     0.00533         1     1.41012         6     1.60305         3     1.87086         4     3.10620         2     3.90684
Frame      76533    pt_id     1         5     0.00891         1     1.33886         6     1.62210         3     1.89347         4     3.12542         2     3.90698
Frame      76534    pt_id     1         5     0.01115         1     1.31401         6     1.63253         3     1.90442         4     3.13621         2     3.91037
Frame      76535    pt_id     1         5     0.01429         1     1.28937         6     1.63519         3     1.90749         4     3.13919         2     3.90701
Frame      76536    pt_id     1         5     0.01547         1     1.28339         6     1.64039         3     1.91203         4     3.14471         2     3.91035
Frame      76537    pt_id     1         5     0.01716         1     1.27101         6     1.64516         3     1.91702         4     3.14964         2     3.91164
Frame      76538    pt_id     1         5     0.01978         1     1.25479         6     1.65154         3     1.92396         4     3.15623         2     3.91320
Frame      76539    pt_id     1         5     0.01974         1     1.25592         6     1.66254         3     1.93355         4     3.16771         2     3.92361
Frame      76540    pt_id     1         5     0.01830         1     1.26534         6     1.65624         3     1.92679         4     3.16130         2     3.92054
Frame      76541    pt_id     1         5     0.01669         1     1.29698         6     1.62730         3     1.89701         4     3.13188         2     3.90209
Frame      76542    pt_id     1         5     0.01230         1     1.35415         6     1.61738         3     1.88519         4     3.12201         2     3.90576
Frame      76543    pt_id     1         5     0.01218         1     1.38876         6     1.59758         3     1.86420         4     3.10197         2     3.89577
Frame      76544    pt_id     1         5     0.01196         1     1.38725         6     1.60021         3     1.86698         4     3.10465         2     3.89767
Frame      76545    pt_id     1         5     0.01201         1     1.37633         6     1.61217         3     1.87940         4     3.11685         2     3.90554
Frame      76546    pt_id     1         5     0.01231         1     1.36133         6     1.61707         3     1.88609         4     3.12161         2     3.90587
Frame      76547    pt_id     1         5     0.01273         1     1.34404         6     1.63515         3     1.90449         4     3.14007         2     3.91797
Frame      76548    pt_id     1         5     0.01388         1     1.32415         6     1.65025         3     1.92076         4     3.15532         2     3.92644
Frame      76549    pt_id     1         5     0.01573         1     1.30378         6     1.66655         3     1.93695         4     3.17206         2     3.93645
Frame      76550    pt_id     1         5     0.01872         1     1.27937         6     1.67910         3     1.95052         4     3.18483         2     3.94164
Frame      76551    pt_id     1         5     0.02077         1     1.25988         6     1.70386         3     1.97574         4     3.21000         2     3.95898
Frame      76552    pt_id     1         5     0.02317         1     1.23948         6     1.71534         3     1.98739         4     3.22171         2     3.96474
Frame      76553    pt_id     1         5     0.02658         1     1.21597         6     1.73074         3     2.00302         4     3.23749         2     3.97309
Frame      76554    pt_id     1         5     0.03057         1     1.19034         6     1.72838         3     2.00288         4     3.23485         2     3.96451
Frame      76555    pt_id     1         5     0.03199         1     1.17514         6     1.72787         3     2.00282         4     3.23421         2     3.96099
Frame      76556    pt_id     1         5     0.03365         1     1.16239         6     1.72441         3     2.00001         4     3.23060         2     3.95511
Frame      76557    pt_id     1         5     0.03270         1     1.16414         6     1.71159         3     1.98723         4     3.21750         2     3.94452
Frame      76558    pt_id     1         5     0.03446         1     1.15210         6     1.69288         3     1.96865         4     3.19845         2     3.92589
Frame      76559    pt_id     1         5     0.03825         1     1.13005         6     1.67939         3     1.95564         4     3.18367         2     3.90802
Frame      76560    pt_id     1         5     0.04418         1     1.10181         6     1.67131         3     1.94898         4     3.17525         2     3.89440
Frame      76561    pt_id     1         5     0.05061         1     1.07061         6     1.66696         3     1.94663         4     3.17050         2     3.88323
Frame      76562    pt_id     1         5     0.05547         1     1.04647         6     1.67267         3     1.95369         4     3.17598         2     3.88249
Frame      76563    pt_id     1         5     0.06089         1     1.02031         6     1.67708         3     1.95970         4     3.17947         2     3.87927
Frame      76564    pt_id     1         5     0.06370         1     1.00857         6     1.68338         3     1.96491         4     3.18541         2     3.88242
Frame      76565    pt_id     1         5     0.06993         1     0.98533         6     1.68403         3     1.96712         4     3.18425         2     3.87539
Frame      76566    pt_id     1         5     0.07648         1     0.96051         6     1.69712         3     1.97975         4     3.19513         2     3.87808
Frame      76567    pt_id     1         5     0.08944         1     0.91737         6     1.70206         3     1.98807         4     3.19916         2     3.87070
Frame      76568    pt_id     1         5     0.09922         1     0.88462         6     1.70504         3     1.99500         4     3.20026         2     3.86272
Frame      76569    pt_id     1         5     0.10415         1     0.86862         6     1.71977         3     2.01065         4     3.21596         2     3.87312
Frame      76570    pt_id     1         5     0.10513         1     0.86169         6     1.71919         3     2.01133         4     3.21315         2     3.86823
Frame      76571    pt_id     1         5     0.10860         1     0.85130         6     1.73210         3     2.02373         4     3.22624         2     3.87754
Frame      76572    pt_id     1         5     0.11548         1     0.83333         6     1.72638         3     2.01884         4     3.21583         2     3.86220
Frame      76573    pt_id     1         5     0.12046         1     0.81794         6     1.70918         3     2.00262         4     3.19087         2     3.83328
Frame      76574    pt_id     1         5     0.12913         1     0.79607         6     1.70994         3     2.00570         4     3.19108         2     3.82778
Frame      76575    pt_id     1         5     0.13434         1     0.78378         6     1.70820         3     2.00379         4     3.18839         2     3.82249
Frame      76576    pt_id     1         5     0.14041         1     0.77119         6     1.68989         3     1.98040         4     3.16041         2     3.78960
Frame      76577    pt_id     1         5     0.14357         1     0.76361         6     1.68443         3     1.97395         4     3.14967         2     3.77640
Frame      76578    pt_id     1         5     0.14357         1     0.76296         6     1.67898         3     1.96045         4     3.13139         2     3.75331
Frame      76579    pt_id     1         5     0.14894         1     0.75241         6     1.65249         3     1.93892         4     3.10057         2     3.72248
Frame      76580    pt_id     1         5     0.15364         1     0.74283         6     1.65448         3     1.94213         4     3.10282         2     3.72225
Frame      76581    pt_id     1         5     0.15758         1     0.73569         6     1.63755         3     1.92843         4     3.08365         2     3.70300
Frame      76582    pt_id     1         5     0.16068         1     0.72905         6     1.63536         3     1.92855         4     3.08343         2     3.70264
Frame      76583    pt_id     1         5     0.16109         1     0.73334         6     1.62197         3     1.91714         4     3.07308         2     3.69674
Frame      76584    pt_id     1         5     0.16040         1     0.73897         6     1.59782         3     1.89053         4     3.03886         2     3.66448
Frame      76585    pt_id     1         5     0.16655         1     0.73056         6     1.56912         3     1.86839         4     3.00610         2     3.63258
Frame      76586    pt_id     1         5     0.17853         1     0.70753         6     1.55024         3     1.86061         4     2.98158         2     3.60481
Frame      76587    pt_id     1         5     0.18649         1     0.69651         6     1.52276         3     1.82861         4     2.93714         2     3.55298
Frame      76588    pt_id     1         5     0.19458         1     0.68602         6     1.51285         3     1.82862         4     2.93124         2     3.54916
Frame      76589    pt_id     1         5     0.19626         1     0.68598         6     1.50156         3     1.81045         4     2.90493         2     3.51881
Frame      76590    pt_id     1         5     0.20755         1     0.67314         6     1.48131         3     1.79096         4     2.87054         2     3.47923
Frame      76591    pt_id     1         5     0.21827         1     0.66232         6     1.45969         3     1.76697         4     2.83261         2     3.43464
Frame      76592    pt_id     1         5     0.23112         1     0.65451         6     1.42186         3     1.72227         4     2.77022         2     3.36317
Frame      76593    pt_id     1         5     0.24119         1     0.65353         6     1.37971         3     1.64681         4     2.67410         2     3.24335
Frame      76594    pt_id     1         5     0.25209         1     0.64549         6     1.36021         3     1.63288         4     2.64785         2     3.21505
Frame      76595    pt_id     1         5     0.25047         1     0.65309         6     1.35766         3     1.62259         4     2.63154         2     3.19603
Frame      76596    pt_id     1         5     0.24843         1     0.66738         6     1.33844         3     1.59731         4     2.59849         2     3.16343
Frame      76597    pt_id     1         5     0.24391         1     0.68028         6     1.32952         3     1.59783         4     2.59785         2     3.17339
Frame      76598    pt_id     1         5     0.25277         1     0.68967         6     1.29691         3     1.55415         4     2.53700         2     3.10647
Frame      76599    pt_id     1         5     0.25965         1     0.68668         6     1.29149         3     1.54485         4     2.52193         2     3.08731
Frame      76600    pt_id     1         5     0.26643         1     0.69127         6     1.25723         3     1.49657         4     2.45974         2     3.01454
Frame      76601    pt_id     1         5     0.26861         1     0.70860         6     1.22512         3     1.45407         4     2.40235         2     2.95310
Frame      76602    pt_id     1         5     0.26630         1     0.73067         6     1.20361         3     1.42018         4     2.36156         2     2.91065
Frame      76603    pt_id     1         5     0.27144         1     0.75019         6     1.14854         3     1.39848         4     2.32111         2     2.89460
Frame      76604    pt_id     1         5     0.28306         1     0.78288         6     1.08362         3     1.33723         4     2.24620         2     2.83227
Frame      76605    pt_id     1         5     0.27302         1     0.79736         6     1.08224         3     1.33317         4     2.25947         2     2.85333
Frame      76606    pt_id     1         5     0.24549         1     0.80773         6     1.10735         3     1.36149         4     2.31515         2     2.92016
Frame      76607    pt_id     1         5     0.22886         1     0.82065         6     1.12695         3     1.37533         4     2.34662         2     2.95636
Frame      76608    pt_id     1         5     0.20297         1     0.83070         6     1.17034         3     1.42335         4     2.42643         2     3.04796
Frame      76609    pt_id     1         5     0.18751         1     0.84008         6     1.19912         3     1.45787         4     2.48270         2     3.11337
Frame      76610    pt_id     1         5     0.18148         1     0.85211         6     1.20527         3     1.48438         4     2.51646         2     3.16590
Frame      76611    pt_id     1         5     0.20000         1     0.83857         6     1.17199         3     1.45487         4     2.47199         2     3.11656
Frame      76612    pt_id     1         5     0.20472         1     0.82195         6     1.17667         3     1.43858         4     2.44638         2     3.07039
Frame      76613    pt_id     1         5     0.20658         1     0.79850         6     1.21700         3     1.44040         4     2.45103         2     3.04263
Frame      76614    pt_id     1         5     0.19974         1     0.78918         6     1.26519         3     1.46212         4     2.48198         2     3.05313
Frame      76615    pt_id     1         5     0.21063         1     0.76713         6     1.25551         3     1.45478         4     2.45808         2     3.01889
Frame      76616    pt_id     1         5     0.22080         1     0.76615         6     1.25056         3     1.44653         4     2.44713         2     3.00638
Frame      76617    pt_id     1         5     0.23305         1     0.75451         6     1.23490         3     1.43921         4     2.42807         2     2.98573
Frame      76618    pt_id     1         5     0.24090         1     0.73996         6     1.23840         3     1.44520         4     2.43078         2     2.98414
Frame      76619    pt_id     1         5     0.24464         1     0.73562         6     1.23221         3     1.43956         4     2.42205         2     2.97365
Frame      76620    pt_id     1         5     0.23427         1     0.73010         6     1.26813         3     1.46906         4     2.47135         2     3.02117
Frame      76621    pt_id     1         5     0.21244         1     0.72703         6     1.32788         3     1.54512         4     2.57774         2     3.14195
Frame      76622    pt_id     1         5     0.19328         1     0.73619         6     1.37704         3     1.63277         4     2.70237         2     3.30066
Frame      76623    pt_id     1         5     0.17989         1     0.74038         6     1.44505         3     1.73615         4     2.84251         2     3.46885
Frame      76624    pt_id     1         5     0.18552         1     0.71739         6     1.48355         3     1.79729         4     2.91296         2     3.54406
Frame      76625    pt_id     1         5     0.19179         1     0.71021         6     1.46409         3     1.78289         4     2.88828         2     3.51852
Frame      76626    pt_id     1         5     0.19851         1     0.70262         6     1.44578         3     1.76954         4     2.86776         2     3.49745
Frame      76627    pt_id     1         5     0.19977         1     0.69921         6     1.44391         3     1.75891         4     2.85321         2     3.47657
Frame      76628    pt_id     1         5     0.19598         1     0.71599         6     1.42091         3     1.73858         4     2.83086         2     3.46271
Frame      76629    pt_id     1         5     0.20224         1     0.71933         6     1.38476         3     1.69972         4     2.77845         2     3.40962
Frame      76630    pt_id     1         5     0.21465         1     0.71435         6     1.35207         3     1.67434         4     2.74159         2     3.37425
Frame      76631    pt_id     1         5     0.20990         1     0.72945         6     1.33883         3     1.63210         4     2.70149         2     3.32388
Frame      76632    pt_id     1         5     0.21808         1     0.72923         6     1.31687         3     1.60308         4     2.66479         2     3.28251
Frame      76633    pt_id     1         5     0.22580         1     0.73377         6     1.27907         3     1.54704         4     2.59270         2     3.19850
Frame      76634    pt_id     1         5     0.22482         1     0.76367         6     1.24636         3     1.51335         4     2.55719         2     3.17402
Frame      76635    pt_id     1         5     0.21488         1     0.78450         6     1.26869         3     1.50628         4     2.56841         2     3.17720
Frame      76636    pt_id     1         5     0.22146         1     0.78077         6     1.25954         3     1.47928         4     2.52741         2     3.12166
Frame      76637    pt_id     1         5     0.22678         1     0.77339         6     1.25696         3     1.47019         4     2.51408         2     3.10045
Frame      76638    pt_id     1         5     0.23927         1     0.76993         6     1.21984         3     1.43354         4     2.45619         2     3.03820
Frame      76639    pt_id     1         5     0.24793         1     0.76359         6     1.20358         3     1.41895         4     2.42919         2     3.00787
Frame      76640    pt_id     1         5     0.25134         1     0.76749         6     1.19782         3     1.39460         4     2.39386         2     2.95967
Frame      76641    pt_id     1         5     0.25401         1     0.75896         6     1.19942         3     1.41221         4     2.41005         2     2.98343
Frame      76642    pt_id     1         5     0.26920         1     0.76002         6     1.16394         3     1.37345         4     2.35191         2     2.91938
Frame      76643    pt_id     1         5     0.27852         1     0.75688         6     1.13536         3     1.37281         4     2.33187         2     2.91259
Frame      76644    pt_id     1         5     0.28169         1     0.74432         6     1.13903         3     1.37861         4     2.33106         2     2.90675
Frame      76645    pt_id     1         5     0.29632         1     0.73039         6     1.11814         3     1.39505         4     2.32942         2     2.91945
Frame      76646    pt_id     1         5     0.31013         1     0.73489         6     1.08022         3     1.35753         4     2.26818         2     2.85350
Frame      76647    pt_id     1         5     0.33130         1     0.74520         6     1.03851         3     1.29792         4     2.18255         2     2.75315
Frame      76648    pt_id     1         5     0.35508         1     0.74011         6     1.01912         3     1.23734         4     2.10569         2     2.64211
Frame      76649    pt_id     1         5     0.37295         1     0.76239         6     0.97681         3     1.20066         4     2.04402         2     2.58478
Frame      76650    pt_id     1         5     0.40838         1     0.78962         6     0.92717         3     1.11828         4     1.92752         2     2.44421
Frame      76651    pt_id     1         5     0.44786         1     0.82423         6     0.86906         3     1.04513         4     1.81470         2     2.31865
Frame      76652    pt_id     1         5     0.48998         6     0.83783         1     0.85395         3     0.97542         4     1.70846         2     2.18129
Frame      76653    pt_id     1         5     0.52512         6     0.83093         1     0.88502         3     0.91788         4     1.63309         2     2.07341
Frame      76654    pt_id     1         5     0.57402         6     0.81702         3     0.87458         1     0.91423         4     1.55557         2     1.97045
Frame      76655    pt_id     1         5     0.61180         3     0.81398         6     0.82130         1     0.96086         4     1.47584         2     1.84888
Frame      76656    pt_id     1         5     0.59948         6     0.82285         3     0.82945         1     0.95047         4     1.49536         2     1.87773
Frame      76657    pt_id     1         5     0.57093         6     0.81888         3     0.85321         1     0.94296         4     1.53257         2     1.94002
Frame      76658    pt_id     1         5     0.53436         6     0.82779         3     0.88880         1     0.92949         4     1.58469         2     2.01536
Frame      76659    pt_id     1         5     0.52009         6     0.84699         1     0.89744         3     0.90960         4     1.62318         2     2.05053
Frame      76660    pt_id     1         5     0.52009         6     0.84699         1     0.89744         3     0.90960         4     1.62318         2     2.05053
Frame      76661    pt_id     1         5     0.52009         6     0.84699         1     0.89744         3     0.90960         4     1.62318         2     2.05053
Frame      76662    pt_id     1         5     0.52009         6     0.84699         1     0.89744         3     0.90960         4     1.62318         2     2.05053
