Frame      81269    pt_id     1         2     0.15271         4     0.32058         3     0.75495         6     1.64430         5     4.36420         1     5.03636
Frame      81270    pt_id     1         2     0.13548         4     0.29968         3     0.74211         6     1.63381         5     4.39393         1     5.10273
Frame      81271    pt_id     1         2     0.12798         4     0.28489         3     0.73691         6     1.61952         5     4.40221         1     5.12200
Frame      81272    pt_id     1         2     0.12393         4     0.28772         3     0.73973         6     1.63072         5     4.42190         1     5.13823
Frame      81273    pt_id     1         2     0.11973         4     0.28833         3     0.73817         6     1.63427         5     4.42458         1     5.13613
Frame      81274    pt_id     1         2     0.12323         4     0.29053         3     0.74154         6     1.64059         5     4.43577         1     5.16022
Frame      81275    pt_id     1         2     0.12447         4     0.28798         3     0.73930         6     1.63540         5     4.43252         1     5.16350
Frame      81276    pt_id     1         2     0.12321         4     0.28507         3     0.73796         6     1.63150         5     4.43245         1     5.16367
Frame      81277    pt_id     1         2     0.12404         4     0.28346         3     0.73628         6     1.62787         5     4.42856         1     5.16418
Frame      81278    pt_id     1         2     0.12176         4     0.28445         3     0.73727         6     1.63178         5     4.42997         1     5.16105
Frame      81279    pt_id     1         2     0.11435         4     0.27669         3     0.72924         6     1.62129         5     4.42026         1     5.14928
Frame      81280    pt_id     1         2     0.11434         4     0.27554         3     0.72930         6     1.61975         5     4.42136         1     5.15009
Frame      81281    pt_id     1         2     0.11516         4     0.28010         3     0.73301         6     1.62894         5     4.42899         1     5.15783
Frame      81282    pt_id     1         2     0.11213         4     0.27535         3     0.72718         6     1.61804         5     4.41161         1     5.13253
Frame      81283    pt_id     1         2     0.11154         4     0.27237         3     0.72509         6     1.61181         5     4.40478         1     5.12375
Frame      81284    pt_id     1         2     0.11058         4     0.27011         3     0.72403         6     1.60681         5     4.40138         1     5.11535
Frame      81285    pt_id     1         2     0.11031         4     0.27184         3     0.72487         6     1.60946         5     4.40273         1     5.11256
Frame      81286    pt_id     1         2     0.11303         4     0.27587         3     0.72870         6     1.61578         5     4.40735         1     5.11908
Frame      81287    pt_id     1         2     0.11256         4     0.27428         3     0.72674         6     1.61191         5     4.40266         1     5.11276
Frame      81288    pt_id     1         2     0.11547         4     0.27307         3     0.72688         6     1.60799         5     4.40307         1     5.11811
Frame      81289    pt_id     1         2     0.12049         4     0.27854         3     0.73373         6     1.61767         5     4.41595         1     5.13725
Frame      81290    pt_id     1         2     0.12165         4     0.28024         3     0.73484         6     1.62022         5     4.41723         1     5.13906
Frame      81291    pt_id     1         2     0.12029         4     0.27655         3     0.73000         6     1.61087         5     4.40605         1     5.12287
Frame      81292    pt_id     1         2     0.12362         4     0.27942         3     0.73448         6     1.61762         5     4.41770         1     5.14247
Frame      81293    pt_id     1         2     0.12624         4     0.28000         3     0.73459         6     1.61710         5     4.41779         1     5.14871
Frame      81294    pt_id     1         2     0.12646         4     0.28293         3     0.73639         6     1.62224         5     4.41928         1     5.14811
Frame      81295    pt_id     1         2     0.12560         4     0.28417         3     0.73839         6     1.62644         5     4.42481         1     5.15258
Frame      81296    pt_id     1         2     0.12167         4     0.28005         3     0.73260         6     1.61869         5     4.41242         1     5.13515
Frame      81297    pt_id     1         2     0.11997         4     0.28053         3     0.73260         6     1.62043         5     4.41344         1     5.13236
Frame      81298    pt_id     1         2     0.11814         4     0.28031         3     0.73092         6     1.62013         5     4.40981         1     5.12705
Frame      81299    pt_id     1         2     0.12044         4     0.27983         3     0.73193         6     1.61938         5     4.41585         1     5.13633
Frame      81300    pt_id     1         2     0.12015         4     0.27961         3     0.73139         6     1.61845         5     4.41423         1     5.13355
Frame      81301    pt_id     1         2     0.11985         4     0.27958         3     0.73104         6     1.61859         5     4.41191         1     5.13087
Frame      81302    pt_id     1         2     0.12172         4     0.27998         3     0.73166         6     1.61814         5     4.41311         1     5.13613
Frame      81303    pt_id     1         2     0.12141         4     0.27945         3     0.73142         6     1.61741         5     4.41101         1     5.13364
Frame      81304    pt_id     1         2     0.11994         4     0.27439         3     0.72584         6     1.60689         5     4.39837         1     5.12208
Frame      81305    pt_id     1         2     0.12110         4     0.27457         3     0.72604         6     1.60609         5     4.39839         1     5.12304
Frame      81306    pt_id     1         2     0.12251         4     0.27529         3     0.72738         6     1.60668         5     4.40090         1     5.12643
Frame      81307    pt_id     1         2     0.12467         4     0.27549         3     0.72900         6     1.60616         5     4.40370         1     5.13134
Frame      81308    pt_id     1         2     0.12342         4     0.27304         3     0.72640         6     1.60005         5     4.39586         1     5.11713
Frame      81309    pt_id     1         2     0.12075         4     0.27293         3     0.72490         6     1.59987         5     4.38891         1     5.10522
Frame      81310    pt_id     1         2     0.11984         4     0.27364         3     0.72549         6     1.60116         5     4.38746         1     5.10006
Frame      81311    pt_id     1         2     0.12115         4     0.27606         3     0.72800         6     1.60568         5     4.39349         1     5.10742
Frame      81312    pt_id     1         2     0.12224         4     0.28004         3     0.73128         6     1.61275         5     4.39818         1     5.10975
Frame      81313    pt_id     1         2     0.12365         4     0.28491         3     0.73722         6     1.62379         5     4.41251         1     5.12331
Frame      81314    pt_id     1         2     0.12445         4     0.28699         3     0.73905         6     1.62798         5     4.41797         1     5.12948
Frame      81315    pt_id     1         2     0.12448         4     0.28598         3     0.73811         6     1.62550         5     4.41216         1     5.12514
Frame      81316    pt_id     1         2     0.12482         4     0.28633         3     0.73919         6     1.62654         5     4.41394         1     5.12809
Frame      81317    pt_id     1         2     0.12440         4     0.28805         3     0.74017         6     1.62890         5     4.41221         1     5.12149
Frame      81318    pt_id     1         2     0.12556         4     0.28888         3     0.74057         6     1.62995         5     4.41304         1     5.12515
Frame      81319    pt_id     1         2     0.12617         4     0.28969         3     0.74119         6     1.63136         5     4.41608         1     5.12983
Frame      81320    pt_id     1         2     0.12462         4     0.28728         3     0.73835         6     1.62620         5     4.40997         1     5.12043
Frame      81321    pt_id     1         2     0.12423         4     0.28605         3     0.73707         6     1.62245         5     4.40439         1     5.11143
Frame      81322    pt_id     1         2     0.12206         4     0.28259         3     0.73379         6     1.61581         5     4.39839         1     5.10158
Frame      81323    pt_id     1         2     0.12065         4     0.27679         3     0.72602         6     1.60066         5     4.37677         1     5.07800
Frame      81324    pt_id     1         2     0.12043         4     0.27692         3     0.72679         6     1.59991         5     4.37539         1     5.07149
Frame      81325    pt_id     1         2     0.11649         4     0.27299         3     0.72197         6     1.59163         5     4.36333         1     5.04884
Frame      81326    pt_id     1         2     0.11558         4     0.27414         3     0.72142         6     1.59334         5     4.36386         1     5.04470
Frame      81327    pt_id     1         2     0.11557         4     0.27555         3     0.72252         6     1.59588         5     4.36688         1     5.04522
Frame      81328    pt_id     1         2     0.11106         4     0.27830         3     0.72369         6     1.60315         5     4.36825         1     5.03423
Frame      81329    pt_id     1         2     0.10913         4     0.27713         3     0.72302         6     1.60091         5     4.36537         1     5.02432
Frame      81330    pt_id     1         2     0.10783         4     0.27873         3     0.72378         6     1.60368         5     4.36530         1     5.01726
Frame      81331    pt_id     1         2     0.10742         4     0.27904         3     0.72422         6     1.60454         5     4.36492         1     5.01606
Frame      81332    pt_id     1         2     0.10705         4     0.27857         3     0.72099         6     1.60200         5     4.35538         1     5.00759
Frame      81333    pt_id     1         2     0.10663         4     0.28222         3     0.72479         6     1.60973         5     4.36495         1     5.00917
Frame      81334    pt_id     1         2     0.10757         4     0.28485         3     0.72685         6     1.61396         5     4.36901         1     5.01180
Frame      81335    pt_id     1         2     0.11012         4     0.29007         3     0.73207         6     1.62315         5     4.37873         1     5.02010
Frame      81336    pt_id     1         2     0.11223         4     0.29198         3     0.73350         6     1.62468         5     4.37917         1     5.02015
Frame      81337    pt_id     1         2     0.11172         4     0.29226         3     0.73264         6     1.62278         5     4.37491         1     5.00814
Frame      81338    pt_id     1         2     0.11673         4     0.28914         3     0.73162         6     1.61351         5     4.37213         1     5.01473
Frame      81339    pt_id     1         2     0.11784         4     0.28997         3     0.73030         6     1.61156         5     4.36765         1     5.00764
Frame      81340    pt_id     1         2     0.11863         4     0.28680         3     0.72680         6     1.60323         5     4.35774         1     5.00003
Frame      81341    pt_id     1         2     0.11733         4     0.28676         3     0.72446         6     1.60124         5     4.35351         1     4.98925
Frame      81342    pt_id     1         2     0.11656         4     0.28765         3     0.72647         6     1.60236         5     4.35515         1     4.98285
Frame      81343    pt_id     1         2     0.11505         4     0.28679         3     0.72557         6     1.60023         5     4.35126         1     4.97480
Frame      81344    pt_id     1         2     0.11048         4     0.28573         3     0.72306         6     1.59805         5     4.34355         1     4.95316
Frame      81345    pt_id     1         2     0.10839         4     0.28131         3     0.71799         6     1.58771         5     4.33260         1     4.93665
Frame      81346    pt_id     1         2     0.10415         4     0.27597         3     0.71186         6     1.57593         5     4.31568         1     4.90880
Frame      81347    pt_id     1         2     0.10398         4     0.27336         3     0.70923         6     1.57089         5     4.30933         1     4.90626
Frame      81348    pt_id     1         2     0.10383         4     0.27517         3     0.71009         6     1.57333         5     4.30994         1     4.90389
Frame      81349    pt_id     1         2     0.10345         4     0.27564         3     0.71109         6     1.57286         5     4.30802         1     4.89317
Frame      81350    pt_id     1         2     0.10306         4     0.27682         3     0.71238         6     1.57481         5     4.31095         1     4.89206
Frame      81351    pt_id     1         2     0.10120         4     0.27819         3     0.71388         6     1.57747         5     4.31172         1     4.88427
Frame      81352    pt_id     1         2     0.10189         4     0.27974         3     0.71512         6     1.57941         5     4.31357         1     4.88402
Frame      81353    pt_id     1         2     0.10241         4     0.27707         3     0.71317         6     1.57198         5     4.30707         1     4.87456
Frame      81354    pt_id     1         2     0.10164         4     0.27769         3     0.71205         6     1.57095         5     4.30286         1     4.86402
Frame      81355    pt_id     1         2     0.09579         4     0.27829         3     0.71072         6     1.57095         5     4.29577         1     4.83479
Frame      81356    pt_id     1         2     0.09632         4     0.28195         3     0.71264         6     1.57712         5     4.29806         1     4.83593
Frame      81357    pt_id     1         2     0.09478         4     0.28507         3     0.71501         6     1.58195         5     4.29865         1     4.82485
Frame      81358    pt_id     1         2     0.09389         4     0.28547         3     0.71429         6     1.58096         5     4.29360         1     4.81174
Frame      81359    pt_id     1         2     0.09330         4     0.28637         3     0.71523         6     1.58338         5     4.29668         1     4.81258
Frame      81360    pt_id     1         2     0.09440         4     0.28962         3     0.71701         6     1.58581         5     4.29373         1     4.79999
Frame      81361    pt_id     1         2     0.09897         4     0.29087         3     0.71918         6     1.58499         5     4.29393         1     4.80268
Frame      81362    pt_id     1         2     0.10028         4     0.29149         3     0.71849         6     1.58210         5     4.28866         1     4.79027
Frame      81363    pt_id     1         2     0.09847         4     0.29755         3     0.72104         6     1.59207         5     4.29122         1     4.77975
Frame      81364    pt_id     1         2     0.09797         4     0.29568         3     0.71927         6     1.58653         5     4.28156         1     4.76609
Frame      81365    pt_id     1         2     0.10592         4     0.29966         3     0.72526         6     1.59326         5     4.29291         1     4.79428
Frame      81366    pt_id     1         2     0.10527         4     0.30237         3     0.72853         6     1.59683         5     4.29578         1     4.78365
Frame      81367    pt_id     1         2     0.10536         4     0.30066         3     0.72785         6     1.59076         5     4.29150         1     4.77107
Frame      81368    pt_id     1         2     0.10387         4     0.30259         3     0.72857         6     1.59151         5     4.28884         1     4.75385
Frame      81369    pt_id     1         2     0.09869         4     0.29984         3     0.72437         6     1.58521         5     4.27608         1     4.72910
Frame      81370    pt_id     1         2     0.09725         4     0.29850         3     0.72241         6     1.58230         5     4.27197         1     4.72290
Frame      81371    pt_id     1         2     0.08948         4     0.29684         3     0.71824         6     1.57805         5     4.26012         1     4.68971
Frame      81372    pt_id     1         2     0.08014         4     0.29386         3     0.71346         6     1.57269         5     4.24560         1     4.65509
Frame      81373    pt_id     1         2     0.07987         4     0.29376         3     0.71366         6     1.57149         5     4.24106         1     4.64798
Frame      81374    pt_id     1         2     0.07566         4     0.28739         3     0.70508         6     1.55586         5     4.21667         1     4.61594
Frame      81375    pt_id     1         2     0.06970         4     0.28158         3     0.69555         6     1.54124         5     4.19096         1     4.57759
Frame      81376    pt_id     1         2     0.06736         4     0.27908         3     0.69018         6     1.53163         5     4.16868         1     4.54727
Frame      81377    pt_id     1         2     0.06218         4     0.28149         3     0.68686         6     1.53134         5     4.15163         1     4.50934
Frame      81378    pt_id     1         2     0.05930         4     0.28240         3     0.68490         6     1.52814         5     4.14059         1     4.47761
Frame      81379    pt_id     1         2     0.06146         4     0.28646         3     0.68867         6     1.52980         5     4.14094         1     4.46142
Frame      81380    pt_id     1         2     0.06204         4     0.28924         3     0.69198         6     1.52861         5     4.13915         1     4.43626
Frame      81381    pt_id     1         2     0.05991         4     0.28765         3     0.68879         6     1.52228         5     4.12736         1     4.41365
Frame      81382    pt_id     1         2     0.06284         4     0.28883         3     0.68915         6     1.52011         5     4.12354         1     4.40627
Frame      81383    pt_id     1         2     0.06272         4     0.28792         3     0.68781         6     1.51382         5     4.11636         1     4.38711
Frame      81384    pt_id     1         2     0.06394         4     0.29693         3     0.69747         6     1.53112         5     4.13588         1     4.39460
Frame      81385    pt_id     1         2     0.06502         4     0.30083         3     0.70085         6     1.53494         5     4.13773         1     4.38480
Frame      81386    pt_id     1         2     0.06417         4     0.30028         3     0.70218         6     1.53121         5     4.13973         1     4.37061
Frame      81387    pt_id     1         2     0.06505         4     0.29964         3     0.70241         6     1.52942         5     4.14414         1     4.37290
Frame      81388    pt_id     1         2     0.06501         4     0.29863         3     0.70215         6     1.52652         5     4.13859         1     4.36763
Frame      81389    pt_id     1         2     0.06300         4     0.29839         3     0.69923         6     1.52384         5     4.12678         1     4.35112
Frame      81390    pt_id     1         2     0.05909         4     0.29905         3     0.69579         6     1.52410         5     4.11541         1     4.33465
Frame      81391    pt_id     1         2     0.05824         4     0.30042         3     0.69449         6     1.52225         5     4.09835         1     4.30922
Frame      81392    pt_id     1         2     0.05500         4     0.30178         3     0.69282         6     1.52241         5     4.08525         1     4.28625
Frame      81393    pt_id     1         2     0.04819         4     0.30127         3     0.68793         6     1.52213         5     4.06341         1     4.26191
Frame      81394    pt_id     1         2     0.04643         4     0.30003         3     0.68307         6     1.51429         5     4.04408         1     4.23371
Frame      81395    pt_id     1         2     0.04449         4     0.30382         3     0.68518         6     1.51883         5     4.04302         1     4.21808
Frame      81396    pt_id     1         2     0.04165         4     0.30543         3     0.68281         6     1.51883         5     4.02773         1     4.19489
Frame      81397    pt_id     1         2     0.03998         4     0.30800         3     0.68302         6     1.51937         5     4.01570         1     4.17110
Frame      81398    pt_id     1         2     0.03651         4     0.30919         3     0.68216         6     1.52091         5     4.00746         1     4.15581
Frame      81399    pt_id     1         2     0.03760         4     0.31409         3     0.68790         6     1.52717         5     4.01542         1     4.14746
Frame      81400    pt_id     1         2     0.03362         4     0.31131         3     0.68414         6     1.51984         5     3.99686         1     4.12144
Frame      81401    pt_id     1         2     0.03432         4     0.31474         3     0.68870         6     1.52537         5     4.00946         1     4.12410
Frame      81402    pt_id     1         2     0.03445         4     0.31613         3     0.68805         6     1.52312         5     4.00266         1     4.10764
Frame      81403    pt_id     1         2     0.03605         4     0.31604         3     0.68760         6     1.51508         5     3.99508         1     4.08370
Frame      81404    pt_id     1         2     0.03704         4     0.32294         3     0.69553         6     1.52379         5     4.00963         1     4.07623
Frame      81405    pt_id     1         2     0.03551         4     0.32384         3     0.69532         6     1.52120         5     4.00139         1     4.05634
Frame      81406    pt_id     1         2     0.03256         4     0.32113         3     0.69064         6     1.51391         5     3.98120         1     4.03749
Frame      81407    pt_id     1         2     0.03207         4     0.32742         3     0.69692         6     1.52388         5     3.98743         1     4.03002
Frame      81408    pt_id     1         2     0.03107         4     0.32616         3     0.69427         6     1.51604         5     3.97457         1     4.00549
Frame      81409    pt_id     1         2     0.02686         4     0.32317         3     0.68875         6     1.50613         5     3.95088         1     3.97526
Frame      81410    pt_id     1         2     0.02562         4     0.32266         3     0.68427         6     1.49703         5     3.92347         1     3.94097
Frame      81411    pt_id     1         2     0.02367         4     0.32376         3     0.68151         6     1.49344         5     3.90755         1     3.91681
Frame      81412    pt_id     1         2     0.02295         4     0.32689         3     0.68228         6     1.49307         1     3.89294         5     3.89824
Frame      81413    pt_id     1         2     0.02381         4     0.33063         3     0.68418         6     1.49122         1     3.86812         5     3.89561
Frame      81414    pt_id     1         2     0.02266         4     0.32806         3     0.67933         6     1.48074         1     3.84048         5     3.87126
Frame      81415    pt_id     1         2     0.02148         4     0.32254         3     0.66906         6     1.46568         1     3.81540         5     3.83578
Frame      81416    pt_id     1         2     0.02161         4     0.32165         3     0.66529         6     1.46120         1     3.80417         5     3.82234
Frame      81417    pt_id     1         2     0.02002         4     0.31673         3     0.65470         6     1.44831         1     3.78514         5     3.78912
Frame      81418    pt_id     1         2     0.01930         4     0.31783         3     0.65212         6     1.44750         5     3.77057         1     3.77225
Frame      81419    pt_id     1         2     0.01806         4     0.31477         3     0.64450         6     1.44160         5     3.75083         1     3.76801
Frame      81420    pt_id     1         2     0.01842         4     0.31588         3     0.64114         6     1.44091         5     3.74079         1     3.75917
Frame      81421    pt_id     1         2     0.01762         4     0.30906         3     0.63085         6     1.42637         5     3.70758         1     3.74586
Frame      81422    pt_id     1         2     0.01819         4     0.30836         3     0.62965         6     1.42006         5     3.68951         1     3.72686
Frame      81423    pt_id     1         2     0.01779         4     0.31176         3     0.63026         6     1.42659         5     3.67600         1     3.72562
Frame      81424    pt_id     1         2     0.01895         4     0.31374         3     0.62963         6     1.42397         5     3.65774         1     3.70658
Frame      81425    pt_id     1         2     0.02081         4     0.32247         3     0.63922         6     1.43343         5     3.66493         1     3.69034
Frame      81426    pt_id     1         2     0.02181         4     0.32745         3     0.64343         6     1.43905         5     3.66339         1     3.68283
Frame      81427    pt_id     1         2     0.02376         4     0.32994         3     0.64768         6     1.43700         5     3.65824         1     3.66464
Frame      81428    pt_id     1         2     0.02615         4     0.33441         3     0.64962         6     1.43666         1     3.64498         5     3.65260
Frame      81429    pt_id     1         2     0.02975         4     0.34137         3     0.65380         6     1.43872         1     3.61802         5     3.63399
Frame      81430    pt_id     1         2     0.03229         4     0.34911         3     0.66228         6     1.44753         1     3.61223         5     3.63884
Frame      81431    pt_id     1         2     0.03469         4     0.35383         3     0.66244         6     1.44805         1     3.59362         5     3.62011
Frame      81432    pt_id     1         2     0.03695         4     0.35715         3     0.66232         6     1.44884         1     3.58218         5     3.60289
Frame      81433    pt_id     1         2     0.03932         4     0.35791         3     0.66242         6     1.44401         1     3.57034         5     3.59216
Frame      81434    pt_id     1         2     0.04026         4     0.35844         3     0.65784         6     1.44255         1     3.56742         5     3.57378
Frame      81435    pt_id     1         2     0.04152         4     0.35805         3     0.65028         6     1.43851         5     3.54462         1     3.56070
Frame      81436    pt_id     1         2     0.04486         4     0.35959         3     0.64464         6     1.43176         5     3.51545         1     3.53806
Frame      81437    pt_id     1         2     0.04961         4     0.36488         3     0.64472         6     1.43244         5     3.49312         1     3.52482
Frame      81438    pt_id     1         2     0.05275         4     0.36686         3     0.64397         6     1.43188         5     3.47399         1     3.52275
Frame      81439    pt_id     1         2     0.05771         4     0.37239         3     0.64647         6     1.43180         5     3.45786         1     3.50381
Frame      81440    pt_id     1         2     0.06177         4     0.37358         3     0.64032         6     1.42612         5     3.42185         1     3.48740
Frame      81441    pt_id     1         2     0.06704         4     0.37838         3     0.64665         6     1.42848         5     3.41652         1     3.48116
Frame      81442    pt_id     1         2     0.07375         4     0.38736         3     0.65134         6     1.43636         5     3.40086         1     3.47630
Frame      81443    pt_id     1         2     0.07948         4     0.39072         3     0.64288         6     1.43275         5     3.35072         1     3.45491
Frame      81444    pt_id     1         2     0.08434         4     0.38611         3     0.63094         6     1.41483         5     3.30256         1     3.43519
Frame      81445    pt_id     1         2     0.09189         4     0.38680         3     0.62821         6     1.40482         5     3.26948         1     3.42187
Frame      81446    pt_id     1         2     0.09941         4     0.39195         3     0.63141         6     1.40474         5     3.24729         1     3.41259
Frame      81447    pt_id     1         2     0.10486         4     0.39454         3     0.62754         6     1.40446         5     3.21929         1     3.41221
Frame      81448    pt_id     1         2     0.11241         4     0.39433         3     0.62023         6     1.39344         5     3.17723         1     3.39845
Frame      81449    pt_id     1         2     0.12124         4     0.39671         3     0.61201         6     1.38973         5     3.12748         1     3.39511
Frame      81450    pt_id     1         2     0.13011         4     0.40096         3     0.61559         6     1.39080         5     3.11047         1     3.40288
Frame      81451    pt_id     1         2     0.13565         4     0.39834         3     0.59919         6     1.37700         5     3.05841         1     3.38814
Frame      81452    pt_id     1         2     0.14291         4     0.39561         3     0.58859         6     1.36241         5     3.01562         1     3.37739
Frame      81453    pt_id     1         2     0.15361         4     0.39980         3     0.58974         6     1.35867         5     2.99086         1     3.37566
Frame      81454    pt_id     1         2     0.16543         4     0.41416         3     0.60021         6     1.37421         5     2.98026         1     3.38094
Frame      81455    pt_id     1         2     0.17523         4     0.42286         3     0.59910         6     1.37887         5     2.94667         1     3.37012
Frame      81456    pt_id     1         2     0.18130         4     0.42563         3     0.59277         6     1.37755         5     2.92119         1     3.37131
Frame      81457    pt_id     1         2     0.18968         4     0.43109         3     0.58753         6     1.37498         5     2.88637         1     3.35561
Frame      81458    pt_id     1         2     0.20362         4     0.44446         3     0.59737         6     1.38655         5     2.86864         1     3.35598
Frame      81459    pt_id     1         2     0.20905         4     0.44497         3     0.59132         6     1.37953         5     2.84335         1     3.34734
Frame      81460    pt_id     1         2     0.21950         4     0.44849         3     0.58088         6     1.37198         5     2.79542         1     3.32940
Frame      81461    pt_id     1         2     0.23463         4     0.46508         3     0.59514         6     1.39007         5     2.78485         1     3.33601
Frame      81462    pt_id     1         2     0.24001         4     0.46454         3     0.58663         6     1.38420         5     2.75957         1     3.33892
Frame      81463    pt_id     1         2     0.24409         4     0.46617         3     0.57516         6     1.37975         5     2.72971         1     3.32918
Frame      81464    pt_id     1         2     0.24916         4     0.46428         3     0.55708         6     1.36517         5     2.68557         1     3.30785
Frame      81465    pt_id     1         2     0.25719         4     0.45910         3     0.53504         6     1.33915         5     2.63184         1     3.28348
Frame      81466    pt_id     1         2     0.27205         4     0.46236         3     0.52604         6     1.32711         5     2.58507         1     3.27275
Frame      81467    pt_id     1         2     0.28301         4     0.45987         3     0.50745         6     1.30618         5     2.53547         1     3.25833
Frame      81468    pt_id     1         2     0.29412         4     0.46138         3     0.48920         6     1.29183         5     2.48746         1     3.24361
Frame      81469    pt_id     1         2     0.31120         4     0.46907         3     0.48454         6     1.28627         5     2.44730         1     3.23711
Frame      81470    pt_id     1         2     0.32098         4     0.47013         3     0.47367         6     1.27798         5     2.41884         1     3.24152
Frame      81471    pt_id     1         2     0.35004         3     0.46519         4     0.48764         6     1.27269         5     2.35136         1     3.21808
Frame      81472    pt_id     1         2     0.37256         3     0.46238         4     0.50385         6     1.27565         5     2.30968         1     3.21019
Frame      81473    pt_id     1         2     0.40546         3     0.47123         4     0.52532         6     1.28268         5     2.26267         1     3.20629
Frame      81474    pt_id     1         2     0.43009         3     0.47262         4     0.54062         6     1.28758         5     2.23022         1     3.21557
Frame      81475    pt_id     1         2     0.45058         3     0.48160         4     0.55800         6     1.30479         5     2.21831         1     3.23743
Frame      81476    pt_id     1         2     0.45978         3     0.46614         4     0.56058         6     1.29216         5     2.18653         1     3.22303
Frame      81477    pt_id     1         3     0.45903         2     0.47175         4     0.56268         6     1.28292         5     2.16349         1     3.22600
Frame      81478    pt_id     1         3     0.45429         2     0.49266         4     0.57184         6     1.27572         5     2.12706         1     3.21925
Frame      81479    pt_id     1         3     0.44018         2     0.50597         4     0.57690         6     1.26687         5     2.09883         1     3.21619
Frame      81480    pt_id     1         3     0.43100         2     0.52607         4     0.58465         6     1.25360         5     2.05794         1     3.20052
Frame      81481    pt_id     1         3     0.42308         2     0.52868         4     0.58053         6     1.24554         5     2.05412         1     3.21234
Frame      81482    pt_id     1         3     0.41897         2     0.55246         4     0.59271         6     1.23973         5     2.01829         1     3.20228
Frame      81483    pt_id     1         3     0.38598         2     0.55641         4     0.58400         6     1.20331         5     1.97986         1     3.17478
Frame      81484    pt_id     1         3     0.37904         2     0.57441         4     0.59241         6     1.19285         5     1.94663         1     3.15908
Frame      81485    pt_id     1         3     0.37386         2     0.58576         4     0.59554         6     1.18489         5     1.92986         1     3.15775
Frame      81486    pt_id     1         3     0.38618         2     0.61225         4     0.61883         6     1.20567         5     1.92051         1     3.17535
Frame      81487    pt_id     1         3     0.40166         2     0.64826         4     0.65086         6     1.22729         5     1.89472         1     3.17637
Frame      81488    pt_id     1         3     0.39929         4     0.66089         2     0.66436         6     1.22544         5     1.87535         1     3.17231
Frame      81489    pt_id     1         3     0.38076         4     0.65012         2     0.66429         6     1.19791         5     1.85582         1     3.15732
Frame      81490    pt_id     1         3     0.37819         4     0.65955         2     0.67718         6     1.19878         5     1.84439         1     3.15633
Frame      81491    pt_id     1         3     0.36715         4     0.66195         2     0.68827         6     1.18550         5     1.82688         1     3.14779
Frame      81492    pt_id     1         3     0.36196         4     0.67167         2     0.70658         6     1.17759         5     1.80263         1     3.13806
Frame      81493    pt_id     1         3     0.36153         4     0.67164         2     0.71237         6     1.17566         5     1.80419         1     3.15319
Frame      81494    pt_id     1         3     0.34392         4     0.66375         2     0.71365         6     1.15333         5     1.79579         1     3.14874
Frame      81495    pt_id     1         3     0.32183         4     0.65499         2     0.71564         6     1.12161         5     1.77090         1     3.12392
Frame      81496    pt_id     1         3     0.32183         4     0.65499         2     0.71564         6     1.12161         5     1.77090         1     3.12392
Frame      81497    pt_id     1         3     0.32183         4     0.65499         2     0.71564         6     1.12161         5     1.77090         1     3.12392
Frame      81498    pt_id     1         3     0.32183         4     0.65499         2     0.71564         6     1.12161         5     1.77090         1     3.12392
