Frame      52016    pt_id     1         5     0.43981         1     0.93700         3     3.14412         6     3.21334         4     4.68471         2     5.51059
Frame      52017    pt_id     1         5     0.32420         1     1.01905         3     2.89902         6     2.94106         4     4.38319         2     5.24965
Frame      52018    pt_id     1         5     0.28561         1     1.04958         3     2.81449         6     2.86536         4     4.29147         2     5.16545
Frame      52019    pt_id     1         5     0.26215         1     1.06526         3     2.76982         6     2.81741         4     4.24261         2     5.12670
Frame      52020    pt_id     1         5     0.24481         1     1.05373         3     2.69603         6     2.73973         4     4.14575         2     5.03178
Frame      52021    pt_id     1         5     0.24286         1     1.04097         3     2.67106         6     2.71756         4     4.10946         2     4.99006
Frame      52022    pt_id     1         5     0.22288         1     1.01723         3     2.62428         6     2.67235         4     4.06235         2     4.94310
Frame      52023    pt_id     1         5     0.21348         1     0.98435         3     2.58073         6     2.63618         4     4.01835         2     4.88622
Frame      52024    pt_id     1         5     0.20499         1     0.96640         3     2.56321         6     2.62003         4     4.00866         2     4.87870
Frame      52025    pt_id     1         5     0.20132         1     0.95316         3     2.55748         6     2.61451         4     4.00962         2     4.88098
Frame      52026    pt_id     1         5     0.18250         1     0.95118         3     2.49274         6     2.54491         4     3.93356         2     4.81123
Frame      52027    pt_id     1         5     0.18324         1     0.93460         3     2.48145         6     2.53636         4     3.92479         2     4.80055
Frame      52028    pt_id     1         5     0.18446         1     0.90392         3     2.45508         6     2.51575         4     3.89304         2     4.76180
Frame      52029    pt_id     1         5     0.18183         1     0.89553         3     2.44137         6     2.50477         4     3.88130         2     4.74927
Frame      52030    pt_id     1         5     0.17836         1     0.90303         3     2.44384         6     2.51360         4     3.89246         2     4.75861
Frame      52031    pt_id     1         5     0.17481         1     0.91880         3     2.44987         6     2.51645         4     3.90396         2     4.77667
Frame      52032    pt_id     1         5     0.18055         1     0.93813         3     2.46716         6     2.52888         4     3.91883         2     4.79460
Frame      52033    pt_id     1         5     0.18085         1     0.96373         3     2.48482         6     2.53811         4     3.93415         2     4.82230
Frame      52034    pt_id     1         5     0.18417         1     0.97915         3     2.48719         6     2.55451         4     3.93476         2     4.80692
Frame      52035    pt_id     1         5     0.18366         1     0.99485         3     2.47927         6     2.54529         4     3.91515         2     4.78742
Frame      52036    pt_id     1         5     0.18302         1     1.01219         3     2.49446         6     2.56484         4     3.93472         2     4.80813
Frame      52037    pt_id     1         5     0.18094         1     1.00580         3     2.46635         6     2.54137         4     3.89479         2     4.75999
Frame      52038    pt_id     1         5     0.17845         1     1.02735         3     2.47543         6     2.54488         4     3.90833         2     4.78149
Frame      52039    pt_id     1         5     0.18484         1     1.01813         3     2.48281         6     2.55764         4     3.91761         2     4.78459
Frame      52040    pt_id     1         5     0.19110         1     1.00822         3     2.50263         6     2.57469         4     3.94278         2     4.81120
Frame      52041    pt_id     1         5     0.18839         1     0.98889         3     2.48069         6     2.55285         4     3.91728         2     4.78250
Frame      52042    pt_id     1         5     0.18040         1     0.97155         3     2.46374         6     2.55220         4     3.91325         2     4.76822
Frame      52043    pt_id     1         5     0.18219         1     0.96052         3     2.46381         6     2.55799         4     3.91763         2     4.76966
Frame      52044    pt_id     1         5     0.17791         1     0.95279         3     2.44504         6     2.52972         4     3.89378         2     4.75908
Frame      52045    pt_id     1         5     0.17177         1     0.95044         3     2.41357         6     2.50182         4     3.86060         2     4.72562
Frame      52046    pt_id     1         5     0.16229         1     0.96327         3     2.37130         6     2.46146         4     3.80977         2     4.67554
Frame      52047    pt_id     1         5     0.14419         1     0.97297         3     2.31729         6     2.42388         4     3.76524         2     4.61724
Frame      52048    pt_id     1         5     0.13598         1     0.97282         3     2.27879         6     2.39856         4     3.72502         2     4.56299
Frame      52049    pt_id     1         5     0.12494         1     0.98013         3     2.22912         6     2.34127         4     3.66259         2     4.50733
Frame      52050    pt_id     1         5     0.11543         1     0.98382         3     2.17701         6     2.28387         4     3.60041         2     4.44927
Frame      52051    pt_id     1         5     0.10520         1     1.00546         3     2.15175         6     2.26635         4     3.58570         2     4.43678
Frame      52052    pt_id     1         5     0.09818         1     1.02733         3     2.12970         6     2.23183         4     3.55824         2     4.42503
Frame      52053    pt_id     1         5     0.08337         1     1.06408         3     2.08510         6     2.18148         4     3.51449         2     4.39553
Frame      52054    pt_id     1         5     0.07804         1     1.07914         3     2.05057         6     2.14627         4     3.47292         2     4.35653
Frame      52055    pt_id     1         5     0.06889         1     1.10915         3     2.03540         6     2.12699         4     3.45629         2     4.34999
Frame      52056    pt_id     1         5     0.06175         1     1.13609         3     2.04214         6     2.13837         4     3.47901         2     4.38104
Frame      52057    pt_id     1         5     0.05972         1     1.15901         3     2.04993         6     2.12332         4     3.47939         2     4.41336
Frame      52058    pt_id     1         5     0.05175         1     1.18344         3     2.01626         6     2.09105         4     3.44292         2     4.38205
Frame      52059    pt_id     1         5     0.04106         1     1.22949         3     2.01506         6     2.09290         4     3.44795         2     4.39703
Frame      52060    pt_id     1         5     0.03502         1     1.25920         3     2.00802         6     2.08839         4     3.44109         2     4.39551
Frame      52061    pt_id     1         5     0.02983         1     1.26151         3     1.95993         6     2.04568         4     3.37472         2     4.31600
Frame      52062    pt_id     1         5     0.02622         1     1.28653         3     1.95317         6     2.04068         4     3.36993         2     4.31626
Frame      52063    pt_id     1         5     0.02653         1     1.27409         3     1.92815         6     2.02762         4     3.33421         2     4.26195
Frame      52064    pt_id     1         5     0.02255         1     1.30800         3     1.92702         6     2.02168         4     3.33698         2     4.27533
Frame      52065    pt_id     1         5     0.02261         1     1.31797         3     1.90812         6     2.02222         4     3.32936         2     4.25196
Frame      52066    pt_id     1         5     0.02290         1     1.30771         3     1.83952         6     1.95587         4     3.24217         2     4.15133
Frame      52067    pt_id     1         5     0.02074         1     1.32415         3     1.85440         6     1.97869         4     3.27078         2     4.18142
Frame      52068    pt_id     1         5     0.01881         1     1.34534         3     1.87457         6     1.98283         4     3.28834         2     4.21925
Frame      52069    pt_id     1         5     0.02053         1     1.34670         3     1.87255         6     1.99020         4     3.29861         2     4.22123
Frame      52070    pt_id     1         5     0.02205         1     1.33510         3     1.82812         6     1.95393         4     3.24784         2     4.15682
Frame      52071    pt_id     1         5     0.02278         1     1.34083         3     1.84358         6     1.95968         4     3.27060         2     4.19522
Frame      52072    pt_id     1         5     0.02033         1     1.33592         3     1.80637         6     1.92561         4     3.21922         2     4.14110
Frame      52073    pt_id     1         5     0.02068         1     1.34115         3     1.78704         6     1.90247         4     3.20168         2     4.12966
Frame      52074    pt_id     1         5     0.02076         1     1.33727         3     1.76932         6     1.88128         4     3.17821         2     4.10885
Frame      52075    pt_id     1         5     0.01973         1     1.33951         3     1.79341         6     1.88749         4     3.20018         2     4.14994
Frame      52076    pt_id     1         5     0.02417         1     1.32110         3     1.78186         6     1.86823         4     3.18545         2     4.13441
Frame      52077    pt_id     1         5     0.02978         1     1.29701         3     1.75836         6     1.83067         4     3.14659         2     4.09623
Frame      52078    pt_id     1         5     0.03753         1     1.26737         3     1.70143         6     1.79018         4     3.08397         2     4.00554
Frame      52079    pt_id     1         5     0.04888         1     1.22620         3     1.63088         6     1.71253         4     2.98313         2     3.89012
Frame      52080    pt_id     1         5     0.05292         1     1.22434         3     1.65163         6     1.72319         4     3.01086         2     3.92839
Frame      52081    pt_id     1         5     0.05081         1     1.22363         3     1.64246         6     1.71409         4     2.99618         2     3.91675
Frame      52082    pt_id     1         5     0.05464         1     1.21595         3     1.64916         6     1.71397         4     3.00292         2     3.92448
Frame      52083    pt_id     1         5     0.04653         1     1.22912         3     1.65559         6     1.72786         4     3.00968         2     3.92953
Frame      52084    pt_id     1         5     0.04199         1     1.23593         3     1.66308         6     1.74060         4     3.01832         2     3.93585
Frame      52085    pt_id     1         5     0.04212         1     1.23779         3     1.66383         6     1.74305         4     3.02176         2     3.94024
Frame      52086    pt_id     1         5     0.03327         1     1.26085         3     1.71071         6     1.78603         4     3.07428         2     4.00937
Frame      52087    pt_id     1         5     0.02574         1     1.28141         3     1.72190         6     1.81585         4     3.09347         2     4.01892
Frame      52088    pt_id     1         5     0.02504         1     1.29066         3     1.78305         6     1.86021         4     3.16397         2     4.11373
Frame      52089    pt_id     1         5     0.02170         1     1.32662         3     1.84501         6     1.91694         4     3.24445         2     4.21779
Frame      52090    pt_id     1         5     0.01695         1     1.35559         3     1.87640         6     1.95260         4     3.27773         2     4.25749
Frame      52091    pt_id     1         5     0.01705         1     1.35632         3     1.88643         6     1.96234         4     3.29690         2     4.27904
Frame      52092    pt_id     1         5     0.01965         1     1.34160         3     1.89838         6     1.96878         4     3.31192         2     4.29389
Frame      52093    pt_id     1         5     0.02312         1     1.32481         3     1.92750         6     1.98835         4     3.34092         2     4.33094
Frame      52094    pt_id     1         5     0.02422         1     1.31042         3     1.93306         6     2.00037         4     3.35843         2     4.33760
Frame      52095    pt_id     1         5     0.02949         1     1.28726         3     1.91809         6     1.97582         4     3.33530         2     4.31310
Frame      52096    pt_id     1         5     0.03099         1     1.27767         3     1.92691         6     1.98635         4     3.34932         2     4.32486
Frame      52097    pt_id     1         5     0.03300         1     1.28101         3     1.94899         6     2.00368         4     3.37980         2     4.36444
Frame      52098    pt_id     1         5     0.02981         1     1.29879         3     1.94884         6     2.01074         4     3.38514         2     4.37154
Frame      52099    pt_id     1         5     0.02752         1     1.30093         3     1.96544         6     2.02955         4     3.40299         2     4.38804
Frame      52100    pt_id     1         5     0.02530         1     1.30179         3     1.94974         6     2.02066         4     3.38597         2     4.36076
Frame      52101    pt_id     1         5     0.02317         1     1.30746         3     1.95544         6     2.02495         4     3.38335         2     4.35696
Frame      52102    pt_id     1         5     0.01923         1     1.31922         3     1.94850         6     2.03131         4     3.37464         2     4.34317
Frame      52103    pt_id     1         5     0.01634         1     1.34286         3     1.92140         6     2.00227         4     3.34374         2     4.31857
Frame      52104    pt_id     1         5     0.01688         1     1.35674         3     1.92885         6     1.99970         4     3.34814         2     4.33763
Frame      52105    pt_id     1         5     0.01425         1     1.36252         3     1.90577         6     1.99221         4     3.31378         2     4.29126
Frame      52106    pt_id     1         5     0.01138         1     1.36127         3     1.86773         6     1.97774         4     3.27347         2     4.22472
Frame      52107    pt_id     1         5     0.01187         1     1.36294         3     1.85704         6     1.96323         4     3.25440         2     4.20429
Frame      52108    pt_id     1         5     0.01401         1     1.35261         3     1.84721         6     1.95016         4     3.23771         2     4.18588
Frame      52109    pt_id     1         5     0.01510         1     1.34279         3     1.83132         6     1.94950         4     3.21998         2     4.14996
Frame      52110    pt_id     1         5     0.01554         1     1.34044         3     1.84797         6     1.95391         4     3.23704         2     4.17863
Frame      52111    pt_id     1         5     0.01444         1     1.33624         3     1.83069         6     1.94658         4     3.22232         2     4.15564
Frame      52112    pt_id     1         5     0.01186         1     1.35921         3     1.84761         6     1.96116         4     3.24379         2     4.18406
Frame      52113    pt_id     1         5     0.01531         1     1.34101         3     1.86931         6     1.97769         4     3.26706         2     4.20420
Frame      52114    pt_id     1         5     0.01955         1     1.31114         3     1.84172         6     1.96145         4     3.22854         2     4.14161
Frame      52115    pt_id     1         5     0.01834         1     1.32263         3     1.87117         6     1.98215         4     3.27018         2     4.19480
Frame      52116    pt_id     1         5     0.01832         1     1.33393         3     1.88306         6     1.97410         4     3.26744         2     4.21593
Frame      52117    pt_id     1         5     0.02137         1     1.31214         3     1.87605         6     1.95916         4     3.25484         2     4.20344
Frame      52118    pt_id     1         5     0.02383         1     1.29884         3     1.88151         6     1.95268         4     3.25310         2     4.20382
Frame      52119    pt_id     1         5     0.02513         1     1.29306         3     1.86767         6     1.92884         4     3.23415         2     4.18851
Frame      52120    pt_id     1         5     0.02565         1     1.28779         3     1.87504         6     1.94448         4     3.23880         2     4.18653
Frame      52121    pt_id     1         5     0.03014         1     1.28094         3     1.90969         6     1.96392         4     3.27519         2     4.23284
Frame      52122    pt_id     1         5     0.03388         1     1.26600         3     1.91232         6     1.96822         4     3.26907         2     4.21583
Frame      52123    pt_id     1         5     0.03253         1     1.28401         3     1.92045         6     1.97539         4     3.27309         2     4.22387
Frame      52124    pt_id     1         5     0.03209         1     1.31010         3     1.95437         6     2.00087         4     3.30850         2     4.27743
Frame      52125    pt_id     1         5     0.03548         1     1.31578         3     1.95302         6     1.98976         4     3.29238         2     4.26209
Frame      52126    pt_id     1         5     0.03452         1     1.29108         3     1.93500         6     1.99376         4     3.28339         2     4.22402
Frame      52127    pt_id     1         5     0.03500         1     1.28203         3     1.91500         6     1.99399         4     3.26732         2     4.18610
Frame      52128    pt_id     1         5     0.03533         1     1.30203         3     1.92419         6     2.01369         4     3.27236         2     4.18520
Frame      52129    pt_id     1         5     0.03878         1     1.32476         3     1.94370         6     2.03020         4     3.28157         2     4.20163
Frame      52130    pt_id     1         5     0.03739         1     1.32578         3     1.92706         6     2.00961         4     3.26160         2     4.18337
Frame      52131    pt_id     1         5     0.03867         1     1.33211         3     1.89553         6     1.98822         4     3.21827         2     4.12827
Frame      52132    pt_id     1         5     0.03943         1     1.33909         3     1.91302         6     1.99659         4     3.23725         2     4.15622
Frame      52133    pt_id     1         5     0.04441         1     1.31751         3     1.90162         6     2.01862         4     3.22943         2     4.11331
Frame      52134    pt_id     1         5     0.04789         1     1.31233         3     1.91118         6     2.03214         4     3.23886         2     4.11709
Frame      52135    pt_id     1         5     0.05278         1     1.29449         3     1.92911         6     2.06145         4     3.26308         2     4.12795
Frame      52136    pt_id     1         5     0.05877         1     1.28946         3     1.92874         6     2.06736         4     3.25642         2     4.11393
Frame      52137    pt_id     1         5     0.06674         1     1.30791         3     1.95844         6     2.08304         4     3.27290         2     4.14616
Frame      52138    pt_id     1         5     0.06065         1     1.28334         3     1.94075         6     2.06679         4     3.26398         2     4.13042
Frame      52139    pt_id     1         5     0.06599         1     1.25179         3     1.91305         6     2.04396         4     3.22742         2     4.07557
Frame      52140    pt_id     1         5     0.06793         1     1.23519         3     1.91606         6     2.04487         4     3.22941         2     4.07645
Frame      52141    pt_id     1         5     0.07214         1     1.22172         3     1.93908         6     2.06839         4     3.25550         2     4.10241
Frame      52142    pt_id     1         5     0.07064         1     1.16801         3     1.88088         6     2.03517         4     3.20441         2     4.01655
Frame      52143    pt_id     1         5     0.07152         1     1.14113         3     1.86927         6     2.00352         4     3.18734         2     4.00972
Frame      52144    pt_id     1         5     0.07854         1     1.09691         3     1.81200         6     1.95396         4     3.11878         2     3.91795
Frame      52145    pt_id     1         5     0.08187         1     1.06707         3     1.78090         6     1.93386         4     3.08990         2     3.87111
Frame      52146    pt_id     1         5     0.08207         1     1.04816         3     1.78657         6     1.92196         4     3.09022         2     3.88485
Frame      52147    pt_id     1         5     0.08539         1     1.03626         3     1.79951         6     1.93910         4     3.11025         2     3.90023
Frame      52148    pt_id     1         5     0.09071         1     1.02541         3     1.79698         6     1.93398         4     3.10191         2     3.88848
Frame      52149    pt_id     1         5     0.08774         1     1.02409         3     1.82386         6     1.95684         4     3.14329         2     3.94066
Frame      52150    pt_id     1         5     0.09365         1     1.00978         3     1.82620         6     1.96229         4     3.14408         2     3.93292
Frame      52151    pt_id     1         5     0.09243         1     1.01257         3     1.84310         6     1.97086         4     3.16819         2     3.96512
Frame      52152    pt_id     1         5     0.09765         1     1.02627         3     1.87193         6     1.98942         4     3.18443         2     3.99294
Frame      52153    pt_id     1         5     0.10151         1     1.02833         3     1.88836         6     2.01773         4     3.20785         2     3.99926
Frame      52154    pt_id     1         5     0.10502         1     1.05225         3     1.93960         6     2.07016         4     3.26953         2     4.05894
Frame      52155    pt_id     1         5     0.10340         1     1.06138         3     1.95434         6     2.06935         4     3.27257         2     4.08158
Frame      52156    pt_id     1         5     0.10188         1     1.06839         3     1.97695         6     2.09742         4     3.31399         2     4.12297
Frame      52157    pt_id     1         5     0.11002         1     1.05652         3     1.96621         6     2.08684         4     3.29152         2     4.08886
Frame      52158    pt_id     1         5     0.11551         1     1.03632         3     1.96395         6     2.09527         4     3.28578         2     4.06929
Frame      52159    pt_id     1         5     0.12104         1     1.01959         3     1.96017         6     2.08961         4     3.27762         2     4.05718
Frame      52160    pt_id     1         5     0.12674         1     1.00647         3     1.95270         6     2.08118         4     3.25710         2     4.03308
Frame      52161    pt_id     1         5     0.14036         1     0.98400         3     1.95100         6     2.08798         4     3.24458         2     4.00271
Frame      52162    pt_id     1         5     0.13771         1     0.98979         3     1.95736         6     2.07828         4     3.23947         2     4.01160
Frame      52163    pt_id     1         5     0.13224         1     0.98315         3     1.94401         6     2.03838         4     3.21292         2     4.01451
Frame      52164    pt_id     1         5     0.13624         1     0.96351         3     1.93226         6     2.03190         4     3.19946         2     3.99272
Frame      52165    pt_id     1         5     0.14234         1     0.95468         3     1.94154         6     2.03695         4     3.20614         2     3.99851
Frame      52166    pt_id     1         5     0.15410         1     0.94689         3     1.94447         6     2.01749         4     3.18354         2     3.98630
Frame      52167    pt_id     1         5     0.15445         1     0.92646         3     1.91433         6     1.99693         4     3.15411         2     3.94376
Frame      52168    pt_id     1         5     0.16188         1     0.92435         3     1.88768         6     1.98177         4     3.11595         2     3.88816
Frame      52169    pt_id     1         5     0.16630         1     0.92950         3     1.88660         6     1.98458         4     3.10139         2     3.86863
Frame      52170    pt_id     1         5     0.16051         1     0.93255         3     1.89415         6     1.98927         4     3.11659         2     3.88840
Frame      52171    pt_id     1         5     0.16021         1     0.93932         3     1.88029         6     1.99059         4     3.10589         2     3.86116
Frame      52172    pt_id     1         5     0.16097         1     0.91914         3     1.88162         6     2.00394         4     3.11945         2     3.86328
Frame      52173    pt_id     1         5     0.17395         1     0.90129         3     1.89419         6     2.04288         4     3.13880         2     3.85278
Frame      52174    pt_id     1         5     0.17404         1     0.90241         3     1.89808         6     2.04522         4     3.14176         2     3.86075
Frame      52175    pt_id     1         5     0.17708         1     0.89966         3     1.92227         6     2.06918         4     3.17163         2     3.88962
Frame      52176    pt_id     1         5     0.17568         1     0.89643         3     1.94631         6     2.09836         4     3.20955         2     3.92802
Frame      52177    pt_id     1         5     0.18597         1     0.89569         3     1.99097         6     2.13062         4     3.24705         2     3.97950
Frame      52178    pt_id     1         5     0.18025         1     0.90319         3     2.04846         6     2.16177         4     3.31391         2     4.07981
Frame      52179    pt_id     1         5     0.18294         1     0.88634         3     2.06044         6     2.19103         4     3.34749         2     4.09839
Frame      52180    pt_id     1         5     0.19148         1     0.87184         3     2.06134         6     2.19204         4     3.34702         2     4.09395
Frame      52181    pt_id     1         5     0.19524         1     0.86407         3     2.08600         6     2.19541         4     3.37089         2     4.14162
Frame      52182    pt_id     1         5     0.20231         1     0.85603         3     2.07563         6     2.19724         4     3.36148         2     4.11402
Frame      52183    pt_id     1         5     0.20559         1     0.86791         3     2.08911         6     2.19648         4     3.36368         2     4.12671
Frame      52184    pt_id     1         5     0.21150         1     0.86054         3     2.08434         6     2.17935         4     3.34310         2     4.11231
Frame      52185    pt_id     1         5     0.20603         1     0.86991         3     2.09678         6     2.20523         4     3.36853         2     4.13556
Frame      52186    pt_id     1         5     0.21043         1     0.87418         3     2.12352         6     2.22436         4     3.40078         2     4.17202
Frame      52187    pt_id     1         5     0.20085         1     0.89079         3     2.15164         6     2.24650         4     3.44418         2     4.22137
Frame      52188    pt_id     1         5     0.20393         1     0.89072         3     2.15155         6     2.26452         4     3.45137         2     4.21032
Frame      52189    pt_id     1         5     0.20809         1     0.89762         3     2.18148         6     2.28476         4     3.47874         2     4.24615
Frame      52190    pt_id     1         5     0.20968         1     0.90055         3     2.17203         6     2.30920         4     3.48410         2     4.21732
Frame      52191    pt_id     1         5     0.21422         1     0.90970         3     2.17382         6     2.30759         4     3.47841         2     4.21126
Frame      52192    pt_id     1         5     0.21107         1     0.92060         3     2.22487         6     2.34085         4     3.54119         2     4.30119
Frame      52193    pt_id     1         5     0.20418         1     0.91817         3     2.21685         6     2.34741         4     3.55106         2     4.30202
Frame      52194    pt_id     1         5     0.19954         1     0.93244         3     2.24207         6     2.38899         4     3.59585         2     4.34025
Frame      52195    pt_id     1         5     0.20424         1     0.93044         3     2.23713         6     2.38557         4     3.58230         2     4.32020
Frame      52196    pt_id     1         5     0.20041         1     0.93130         3     2.22356         6     2.37016         4     3.56443         2     4.30402
Frame      52197    pt_id     1         5     0.20061         1     0.93562         3     2.22807         6     2.37564         4     3.56765         2     4.31202
Frame      52198    pt_id     1         5     0.20694         1     0.92931         3     2.24955         6     2.37567         4     3.57889         2     4.34116
Frame      52199    pt_id     1         5     0.19350         1     0.92559         3     2.22645         6     2.34464         4     3.56414         2     4.33843
Frame      52200    pt_id     1         5     0.18480         1     0.94124         3     2.24624         6     2.33032         4     3.57421         2     4.38890
Frame      52201    pt_id     1         5     0.18579         1     0.92415         3     2.25703         6     2.34805         4     3.59842         2     4.40470
Frame      52202    pt_id     1         5     0.18236         1     0.90325         3     2.18561         6     2.29250         4     3.51555         2     4.29667
Frame      52203    pt_id     1         5     0.18736         1     0.88953         3     2.16597         6     2.27875         4     3.48653         2     4.25609
Frame      52204    pt_id     1         5     0.18735         1     0.88851         3     2.17555         6     2.26554         4     3.48835         2     4.28077
Frame      52205    pt_id     1         5     0.19426         1     0.85657         3     2.11813         6     2.22804         4     3.42303         2     4.18249
Frame      52206    pt_id     1         5     0.19430         1     0.85219         3     2.11011         6     2.22637         4     3.41311         2     4.16719
Frame      52207    pt_id     1         5     0.18587         1     0.85061         3     2.10662         6     2.22800         4     3.42215         2     4.17720
Frame      52208    pt_id     1         5     0.18363         1     0.84617         3     2.06701         6     2.20592         4     3.38668         2     4.12122
Frame      52209    pt_id     1         5     0.18925         1     0.85369         3     2.09059         6     2.22388         4     3.40795         2     4.14252
Frame      52210    pt_id     1         5     0.19677         1     0.83520         3     2.09238         6     2.23718         4     3.41715         2     4.13776
Frame      52211    pt_id     1         5     0.18850         1     0.83814         3     2.07655         6     2.21868         4     3.39541         2     4.12546
Frame      52212    pt_id     1         5     0.18893         1     0.84207         3     2.12522         6     2.25730         4     3.45370         2     4.19922
Frame      52213    pt_id     1         5     0.18708         1     0.85712         3     2.18265         6     2.29133         4     3.51647         2     4.29402
Frame      52214    pt_id     1         5     0.19636         1     0.85058         3     2.20910         6     2.31202         4     3.54356         2     4.32034
Frame      52215    pt_id     1         5     0.19910         1     0.86295         3     2.25597         6     2.34775         4     3.59784         2     4.39458
Frame      52216    pt_id     1         5     0.20611         1     0.86243         3     2.26180         6     2.34764         4     3.59274         2     4.39026
Frame      52217    pt_id     1         5     0.22169         1     0.84605         3     2.25119         6     2.33175         4     3.56627         2     4.35441
Frame      52218    pt_id     1         5     0.22478         1     0.86444         3     2.28979         6     2.35918         4     3.60298         2     4.40935
Frame      52219    pt_id     1         5     0.22358         1     0.86721         3     2.26488         6     2.34313         4     3.57157         2     4.37220
Frame      52220    pt_id     1         5     0.22571         1     0.88489         3     2.26936         6     2.34173         4     3.56628         2     4.37379
Frame      52221    pt_id     1         5     0.22810         1     0.89483         3     2.28717         6     2.35886         4     3.58875         2     4.39660
Frame      52222    pt_id     1         5     0.22893         1     0.91165         3     2.29742         6     2.35677         4     3.59443         2     4.41469
Frame      52223    pt_id     1         5     0.22356         1     0.90935         3     2.26656         6     2.33048         4     3.56218         2     4.37460
Frame      52224    pt_id     1         5     0.21342         1     0.90988         3     2.23612         6     2.30907         4     3.53296         2     4.34443
Frame      52225    pt_id     1         5     0.20029         1     0.92594         3     2.24377         6     2.30284         4     3.54914         2     4.37734
Frame      52226    pt_id     1         5     0.19108         1     0.93648         3     2.24644         6     2.30862         4     3.56213         2     4.39362
Frame      52227    pt_id     1         5     0.18325         1     0.95495         3     2.24904         6     2.32242         4     3.57280         2     4.40612
Frame      52228    pt_id     1         5     0.17359         1     0.95838         3     2.23409         6     2.33038         4     3.57413         2     4.39353
Frame      52229    pt_id     1         5     0.17458         1     0.95573         3     2.23290         6     2.32792         4     3.57219         2     4.39138
Frame      52230    pt_id     1         5     0.17288         1     0.95254         3     2.23091         6     2.31344         4     3.57307         2     4.40050
Frame      52231    pt_id     1         5     0.16588         1     0.95401         3     2.18469         6     2.29159         4     3.52577         2     4.32979
Frame      52232    pt_id     1         5     0.16121         1     0.95733         3     2.17074         6     2.28519         4     3.51149         2     4.31271
Frame      52233    pt_id     1         5     0.16022         1     0.97193         3     2.20920         6     2.31415         4     3.56060         2     4.37777
Frame      52234    pt_id     1         5     0.16085         1     0.96816         3     2.19046         6     2.31715         4     3.55326         2     4.34308
Frame      52235    pt_id     1         5     0.15540         1     0.98348         3     2.19717         6     2.32148         4     3.56066         2     4.35889
Frame      52236    pt_id     1         5     0.15497         1     0.98304         3     2.20116         6     2.32987         4     3.57354         2     4.37119
Frame      52237    pt_id     1         5     0.15300         1     0.97120         3     2.16469         6     2.30635         4     3.53602         2     4.31688
Frame      52238    pt_id     1         5     0.14834         1     0.97788         3     2.17063         6     2.29695         4     3.53749         2     4.33492
Frame      52239    pt_id     1         5     0.14553         1     0.98800         3     2.18219         6     2.30534         4     3.55484         2     4.35783
Frame      52240    pt_id     1         5     0.14188         1     0.98446         3     2.14085         6     2.29239         4     3.51591         2     4.29618
Frame      52241    pt_id     1         5     0.14175         1     0.99061         3     2.17735         6     2.29890         4     3.55324         2     4.36320
Frame      52242    pt_id     1         5     0.13386         1     1.00114         3     2.16615         6     2.28077         4     3.54160         2     4.35890
Frame      52243    pt_id     1         5     0.12909         1     0.99710         3     2.10242         6     2.23011         4     3.45870         2     4.26024
Frame      52244    pt_id     1         5     0.12507         1     1.00736         3     2.08901         6     2.19721         4     3.42793         2     4.24546
Frame      52245    pt_id     1         5     0.12460         1     0.98953         3     2.02626         6     2.16010         4     3.36709         2     4.15678
Frame      52246    pt_id     1         5     0.11880         1     0.99431         3     1.99622         6     2.13998         4     3.33830         2     4.12021
Frame      52247    pt_id     1         5     0.10750         1     1.00997         3     2.00385         6     2.13275         4     3.35447         2     4.15542
Frame      52248    pt_id     1         5     0.10734         1     1.00300         3     1.99378         6     2.11234         4     3.34168         2     4.14797
Frame      52249    pt_id     1         5     0.10098         1     1.00975         3     1.98706         6     2.10681         4     3.33127         2     4.14359
Frame      52250    pt_id     1         5     0.10307         1     0.99435         3     1.93474         6     2.06799         4     3.26639         2     4.05875
Frame      52251    pt_id     1         5     0.09768         1     0.98945         3     1.89777         6     2.04003         4     3.23289         2     4.01679
Frame      52252    pt_id     1         5     0.10715         1     0.96259         3     1.80327         6     1.97145         4     3.11955         2     3.86476
Frame      52253    pt_id     1         5     0.11180         1     0.95698         3     1.78679         6     1.95688         4     3.11587         2     3.85318
Frame      52254    pt_id     1         5     0.10792         1     0.96047         3     1.76976         6     1.94563         4     3.11042         2     3.84910
Frame      52255    pt_id     1         5     0.09736         1     0.98084         3     1.77971         6     1.93741         4     3.11885         2     3.88080
Frame      52256    pt_id     1         5     0.09811         1     0.98598         3     1.75057         6     1.91926         4     3.08417         2     3.83533
Frame      52257    pt_id     1         5     0.09526         1     0.99741         3     1.74606         6     1.91470         4     3.07634         2     3.83185
Frame      52258    pt_id     1         5     0.08847         1     1.02202         3     1.75030         6     1.91703         4     3.08635         2     3.84934
Frame      52259    pt_id     1         5     0.08361         1     1.04428         3     1.75013         6     1.90955         4     3.09213         2     3.86620
Frame      52260    pt_id     1         5     0.07172         1     1.08239         3     1.79117         6     1.93280         4     3.14285         2     3.94560
Frame      52261    pt_id     1         5     0.06466         1     1.10956         3     1.78845         6     1.93078         4     3.13317         2     3.94480
Frame      52262    pt_id     1         5     0.05980         1     1.13558         3     1.82569         6     1.96951         4     3.18281         2     4.00219
Frame      52263    pt_id     1         5     0.05066         1     1.16272         3     1.83242         6     1.97374         4     3.18898         2     4.02378
Frame      52264    pt_id     1         5     0.04691         1     1.17467         3     1.84175         6     1.97523         4     3.19671         2     4.04881
Frame      52265    pt_id     1         5     0.04512         1     1.17929         3     1.83394         6     1.95769         4     3.17647         2     4.03962
Frame      52266    pt_id     1         5     0.04607         1     1.16372         3     1.78455         6     1.90895         4     3.12085         2     3.97516
Frame      52267    pt_id     1         5     0.04236         1     1.16856         3     1.75238         6     1.86572         4     3.07936         2     3.94581
Frame      52268    pt_id     1         5     0.04134         1     1.17914         3     1.71479         6     1.83090         4     3.02899         2     3.89536
Frame      52269    pt_id     1         5     0.04471         1     1.17614         3     1.66121         6     1.78864         4     2.95374         2     3.80311
Frame      52270    pt_id     1         5     0.03997         1     1.20453         3     1.67472         6     1.78158         4     2.96400         2     3.83672
Frame      52271    pt_id     1         5     0.04083         1     1.20549         3     1.62919         6     1.75534         4     2.91855         2     3.76479
Frame      52272    pt_id     1         5     0.03246         1     1.24257         3     1.65165         6     1.75397         4     2.94268         2     3.82654
Frame      52273    pt_id     1         5     0.03105         1     1.25973         3     1.63859         6     1.74010         4     2.92969         2     3.81437
Frame      52274    pt_id     1         5     0.02851         1     1.29690         3     1.63182         6     1.72846         4     2.91313         2     3.80618
Frame      52275    pt_id     1         5     0.03241         1     1.31074         3     1.58359         6     1.71623         4     2.86848         2     3.72251
Frame      52276    pt_id     1         5     0.02531         1     1.36398         3     1.63499         6     1.74822         4     2.92679         2     3.81420
Frame      52277    pt_id     1         5     0.02523         1     1.39388         3     1.64931         6     1.76920         4     2.94275         2     3.83022
Frame      52278    pt_id     1         5     0.02235         1     1.41130         3     1.65473         6     1.77500         4     2.95826         2     3.85146
Frame      52279    pt_id     1         5     0.01797         1     1.42399         3     1.68295         6     1.79674         4     3.00267         2     3.91095
Frame      52280    pt_id     1         5     0.01770         1     1.41447         3     1.66032         6     1.77851         4     2.97439         2     3.87909
Frame      52281    pt_id     1         5     0.01506         1     1.43247         3     1.69786         6     1.79819         4     3.01213         2     3.94829
Frame      52282    pt_id     1         5     0.01307         1     1.42407         3     1.70664         6     1.80808         4     3.03080         2     3.96768
Frame      52283    pt_id     1         5     0.01428         1     1.42292         3     1.70522         6     1.79267         4     3.01985         2     3.97383
Frame      52284    pt_id     1         5     0.01324         1     1.40484         3     1.69955         6     1.78576         4     3.02771         2     3.98323
Frame      52285    pt_id     1         5     0.01709         1     1.38841         3     1.70471         6     1.76605         4     3.02717         2     4.00457
Frame      52286    pt_id     1         5     0.02324         1     1.35045         3     1.68690         6     1.74169         4     3.00447         2     3.97960
Frame      52287    pt_id     1         5     0.03239         1     1.31247         3     1.65769         6     1.70430         4     2.96896         2     3.93943
Frame      52288    pt_id     1         5     0.04235         1     1.26937         3     1.60841         6     1.65152         4     2.90548         2     3.86170
Frame      52289    pt_id     1         5     0.06008         1     1.22914         3     1.56211         6     1.58135         4     2.83310         2     3.79032
Frame      52290    pt_id     1         5     0.07446         1     1.19752         3     1.53484         6     1.54268         4     2.79167         2     3.74333
Frame      52291    pt_id     1         5     0.08574         1     1.16442         3     1.52055         6     1.53229         4     2.78042         2     3.71629
Frame      52292    pt_id     1         5     0.09167         1     1.13756         3     1.47516         6     1.50445         4     2.72547         2     3.63375
Frame      52293    pt_id     1         5     0.09005         1     1.12579         3     1.49019         6     1.53369         4     2.75589         2     3.65114
Frame      52294    pt_id     1         5     0.08204         1     1.11536         3     1.49346         6     1.55568         4     2.76327         2     3.64185
Frame      52295    pt_id     1         5     0.07414         1     1.13369         3     1.54579         6     1.60013         4     2.83217         2     3.73083
Frame      52296    pt_id     1         5     0.06286         1     1.14301         3     1.55684         6     1.62065         4     2.84018         2     3.73861
Frame      52297    pt_id     1         5     0.05077         1     1.15673         3     1.58941         6     1.66778         4     2.88407         2     3.78122
Frame      52298    pt_id     1         5     0.03993         1     1.17591         3     1.63910         6     1.73667         4     2.95931         2     3.85329
Frame      52299    pt_id     1         5     0.02979         1     1.21054         3     1.68884         6     1.80096         4     3.03216         2     3.92914
Frame      52300    pt_id     1         5     0.02229         1     1.24386         3     1.76292         6     1.88827         4     3.14007         2     4.04382
Frame      52301    pt_id     1         5     0.02004         1     1.26943         3     1.79958         6     1.91677         4     3.18927         2     4.11203
Frame      52302    pt_id     1         5     0.01968         1     1.29251         3     1.85038         6     1.94965         4     3.25386         2     4.20349
Frame      52303    pt_id     1         5     0.02064         1     1.29238         3     1.86352         6     1.94808         4     3.26139         2     4.22265
Frame      52304    pt_id     1         5     0.02290         1     1.29548         3     1.87681         6     1.93971         4     3.26840         2     4.24643
Frame      52305    pt_id     1         5     0.02237         1     1.30217         3     1.87768         6     1.94188         4     3.27309         2     4.25313
Frame      52306    pt_id     1         5     0.02507         1     1.31006         3     1.89935         6     1.95278         4     3.30742         2     4.29650
Frame      52307    pt_id     1         5     0.02864         1     1.30823         3     1.88740         6     1.93449         4     3.29429         2     4.28621
Frame      52308    pt_id     1         5     0.02919         1     1.31241         3     1.86647         6     1.90345         4     3.25588         2     4.25755
Frame      52309    pt_id     1         5     0.02623         1     1.31003         3     1.87044         6     1.91918         4     3.26118         2     4.25307
Frame      52310    pt_id     1         5     0.02327         1     1.31057         3     1.82548         6     1.87685         4     3.19596         2     4.17776
Frame      52311    pt_id     1         5     0.01965         1     1.33126         3     1.82058         6     1.87395         4     3.18479         2     4.16787
Frame      52312    pt_id     1         5     0.01873         1     1.33958         3     1.81899         6     1.87409         4     3.16511         2     4.14373
Frame      52313    pt_id     1         5     0.01566         1     1.37144         3     1.82786         6     1.88377         4     3.17516         2     4.16021
Frame      52314    pt_id     1         5     0.01540         1     1.39163         3     1.82633         6     1.88696         4     3.16641         2     4.15101
Frame      52315    pt_id     1         5     0.01757         1     1.39589         3     1.82080         6     1.88449         4     3.15013         2     4.12965
Frame      52316    pt_id     1         5     0.01755         1     1.41941         3     1.81866         6     1.88885         4     3.14371         2     4.12219
Frame      52317    pt_id     1         5     0.01868         1     1.45036         3     1.83931         6     1.91153         4     3.16283         2     4.14317
Frame      52318    pt_id     1         5     0.01992         1     1.45150         3     1.83205         6     1.92104         4     3.15474         2     4.11407
Frame      52319    pt_id     1         5     0.01887         1     1.46718         3     1.81459         6     1.89552         4     3.13185         2     4.09901
Frame      52320    pt_id     1         5     0.01341         1     1.45969         3     1.81036         6     1.91287         4     3.15171         2     4.10106
Frame      52321    pt_id     1         5     0.01507         1     1.44432         3     1.80702         6     1.91414         4     3.14780         2     4.08465
Frame      52322    pt_id     1         5     0.01364         1     1.44049         3     1.80164         6     1.90175         4     3.14554         2     4.08688
Frame      52323    pt_id     1         5     0.01603         1     1.43059         3     1.76307         6     1.89742         4     3.11010         2     4.01456
Frame      52324    pt_id     1         5     0.01532         1     1.43158         3     1.76042         6     1.90479         4     3.11469         2     4.01400
Frame      52325    pt_id     1         5     0.01617         1     1.42491         3     1.74962         6     1.90324         4     3.11461         2     3.99993
Frame      52326    pt_id     1         5     0.01604         1     1.42620         3     1.76586         6     1.91469         4     3.13479         2     4.02427
Frame      52327    pt_id     1         5     0.01960         1     1.40738         3     1.73753         6     1.91125         4     3.11717         2     3.97880
Frame      52328    pt_id     1         5     0.01869         1     1.40696         3     1.74786         6     1.91355         4     3.13023         2     3.99861
Frame      52329    pt_id     1         5     0.02280         1     1.37725         3     1.75319         6     1.93335         4     3.13855         2     3.98762
Frame      52330    pt_id     1         5     0.01949         1     1.36707         3     1.77404         6     1.93861         4     3.14222         2     4.00977
Frame      52331    pt_id     1         5     0.01965         1     1.36408         3     1.76917         6     1.92479         4     3.12439         2     4.00017
Frame      52332    pt_id     1         5     0.02570         1     1.34921         3     1.75500         6     1.93790         4     3.10918         2     3.95435
Frame      52333    pt_id     1         5     0.02598         1     1.33914         3     1.79212         6     1.95759         4     3.14360         2     4.00507
Frame      52334    pt_id     1         5     0.03382         1     1.31648         3     1.75705         6     1.94303         4     3.10697         2     3.93397
Frame      52335    pt_id     1         5     0.03777         1     1.31566         3     1.76796         6     1.95586         4     3.10835         2     3.93184
Frame      52336    pt_id     1         5     0.04381         1     1.29612         3     1.74618         6     1.95457         4     3.08799         2     3.88639
Frame      52337    pt_id     1         5     0.04247         1     1.28410         3     1.77156         6     1.95871         4     3.10544         2     3.92352
Frame      52338    pt_id     1         5     0.04117         1     1.26572         3     1.79170         6     1.96657         4     3.13102         2     3.96214
Frame      52339    pt_id     1         5     0.04068         1     1.25059         3     1.78156         6     1.94097         4     3.11468         2     3.95541
Frame      52340    pt_id     1         5     0.03800         1     1.22344         3     1.78752         6     1.93218         4     3.13270         2     3.98136
Frame      52341    pt_id     1         5     0.04247         1     1.18527         3     1.76155         6     1.91352         4     3.11057         2     3.94147
Frame      52342    pt_id     1         5     0.04390         1     1.17267         3     1.79722         6     1.92045         4     3.14636         2     4.00151
Frame      52343    pt_id     1         5     0.04834         1     1.15771         3     1.80714         6     1.91306         4     3.15111         2     4.01670
Frame      52344    pt_id     1         5     0.04911         1     1.17585         3     1.86518         6     1.93664         4     3.19700         2     4.09905
Frame      52345    pt_id     1         5     0.05287         1     1.16017         3     1.87002         6     1.94688         4     3.20691         2     4.09902
Frame      52346    pt_id     1         5     0.05586         1     1.16019         3     1.87904         6     1.94655         4     3.20187         2     4.09532
Frame      52347    pt_id     1         5     0.06185         1     1.13928         3     1.87299         6     1.94487         4     3.18991         2     4.06823
Frame      52348    pt_id     1         5     0.06586         1     1.12812         3     1.88706         6     1.95401         4     3.20068         2     4.07851
Frame      52349    pt_id     1         5     0.06818         1     1.12720         3     1.87883         6     1.96869         4     3.18987         2     4.04424
Frame      52350    pt_id     1         5     0.07497         1     1.12678         3     1.89074         6     1.99177         4     3.19635         2     4.03837
Frame      52351    pt_id     1         5     0.08007         1     1.12173         3     1.87968         6     1.98799         4     3.18032         2     4.01107
Frame      52352    pt_id     1         5     0.08430         1     1.09845         3     1.83720         6     1.96974         4     3.13539         2     3.93833
Frame      52353    pt_id     1         5     0.08285         1     1.08759         3     1.82341         6     1.95966         4     3.12000         2     3.92056
Frame      52354    pt_id     1         5     0.09199         1     1.05044         3     1.80815         6     1.96596         4     3.11557         2     3.88873
Frame      52355    pt_id     1         5     0.09578         1     1.02986         3     1.80684         6     1.95183         4     3.10244         2     3.88333
Frame      52356    pt_id     1         5     0.10325         1     1.00677         3     1.82091         6     1.96859         4     3.11984         2     3.89695
Frame      52357    pt_id     1         5     0.10832         1     0.99438         3     1.82442         6     1.98545         4     3.12393         2     3.88372
Frame      52358    pt_id     1         5     0.11670         1     0.97691         3     1.82660         6     1.98838         4     3.11639         2     3.86964
Frame      52359    pt_id     1         5     0.11591         1     0.97163         3     1.86581         6     2.00902         4     3.15848         2     3.92933
Frame      52360    pt_id     1         5     0.12096         1     0.96955         3     1.87510         6     2.01689         4     3.16105         2     3.92978
Frame      52361    pt_id     1         5     0.12398         1     0.97782         3     1.91799         6     2.05995         4     3.21364         2     3.98115
Frame      52362    pt_id     1         5     0.13442         1     0.97866         3     1.89172         6     2.04775         4     3.17376         2     3.91700
Frame      52363    pt_id     1         5     0.14556         1     0.97536         3     1.90669         6     2.06346         4     3.17922         2     3.91588
Frame      52364    pt_id     1         5     0.16277         1     0.96437         3     1.89782         6     2.07172         4     3.16584         2     3.87034
Frame      52365    pt_id     1         5     0.16479         1     0.97870         3     1.93082         6     2.09441         4     3.19562         2     3.91096
Frame      52366    pt_id     1         5     0.17789         1     0.96519         3     1.91345         6     2.08651         4     3.16572         2     3.86224
Frame      52367    pt_id     1         5     0.17825         1     0.96478         3     1.93516         6     2.08487         4     3.18209         2     3.90026
Frame      52368    pt_id     1         5     0.18969         1     0.98108         3     1.92653         6     2.09150         4     3.16712         2     3.86543
Frame      52369    pt_id     1         5     0.20865         1     0.97763         3     1.91319         6     2.10889         4     3.15227         2     3.81584
Frame      52370    pt_id     1         5     0.21207         1     0.96935         3     1.89218         6     2.09917         4     3.13115         2     3.78199
Frame      52371    pt_id     1         5     0.21633         1     0.97430         3     1.90052         6     2.09501         4     3.12214         2     3.78770
Frame      52372    pt_id     1         5     0.20701         1     0.97554         3     1.96331         6     2.13097         4     3.19504         2     3.89740
Frame      52373    pt_id     1         5     0.21586         1     0.96372         3     1.98671         6     2.15356         4     3.22519         2     3.92322
Frame      52374    pt_id     1         5     0.20586         1     0.97315         3     2.00841         6     2.15419         4     3.24812         2     3.97931
Frame      52375    pt_id     1         5     0.20278         1     0.96072         3     2.01636         6     2.15544         4     3.26113         2     3.99634
Frame      52376    pt_id     1         5     0.19155         1     0.96048         3     2.05240         6     2.17477         4     3.31283         2     4.07400
Frame      52377    pt_id     1         5     0.18911         1     0.95533         3     2.05404         6     2.17302         4     3.31628         2     4.08328
Frame      52378    pt_id     1         5     0.18957         1     0.94244         3     2.07624         6     2.19773         4     3.35410         2     4.12125
Frame      52379    pt_id     1         5     0.18461         1     0.94558         3     2.12298         6     2.21397         4     3.40530         2     4.20801
Frame      52380    pt_id     1         5     0.18773         1     0.94087         3     2.12927         6     2.22299         4     3.41952         2     4.21341
Frame      52381    pt_id     1         5     0.18814         1     0.94075         3     2.15775         6     2.26586         4     3.46660         2     4.24951
Frame      52382    pt_id     1         5     0.18315         1     0.94112         3     2.16068         6     2.26479         4     3.47530         2     4.26244
Frame      52383    pt_id     1         5     0.16884         1     0.95827         3     2.14215         6     2.24188         4     3.45222         2     4.24889
Frame      52384    pt_id     1         5     0.17229         1     0.96388         3     2.15136         6     2.24388         4     3.45101         2     4.25694
Frame      52385    pt_id     1         5     0.17156         1     0.96471         3     2.14700         6     2.23741         4     3.44943         2     4.25738
Frame      52386    pt_id     1         5     0.17080         1     0.97864         3     2.16200         6     2.24483         4     3.46697         2     4.28230
Frame      52387    pt_id     1         5     0.17320         1     0.98537         3     2.14109         6     2.24055         4     3.44739         2     4.24583
Frame      52388    pt_id     1         5     0.17028         1     1.00761         3     2.15702         6     2.23482         4     3.45580         2     4.27731
Frame      52389    pt_id     1         5     0.17341         1     1.00441         3     2.14049         6     2.23762         4     3.44781         2     4.24174
Frame      52390    pt_id     1         5     0.16887         1     1.01304         3     2.16618         6     2.26096         4     3.47996         2     4.28409
Frame      52391    pt_id     1         5     0.16613         1     1.01460         3     2.17216         6     2.25416         4     3.48319         2     4.30317
Frame      52392    pt_id     1         5     0.16514         1     1.00238         3     2.17860         6     2.27482         4     3.50756         2     4.31538
Frame      52393    pt_id     1         5     0.17154         1     0.99384         3     2.20483         6     2.31429         4     3.54999         2     4.34829
Frame      52394    pt_id     1         5     0.17086         1     1.00147         3     2.21699         6     2.34462         4     3.58367         2     4.36836
Frame      52395    pt_id     1         5     0.17018         1     1.00181         3     2.21478         6     2.34577         4     3.57785         2     4.36063
Frame      52396    pt_id     1         5     0.16776         1     1.01438         3     2.20555         6     2.33166         4     3.56053         2     4.34598
Frame      52397    pt_id     1         5     0.16275         1     1.03755         3     2.23459         6     2.34510         4     3.59178         2     4.39859
Frame      52398    pt_id     1         5     0.16178         1     1.03366         3     2.20048         6     2.33655         4     3.56407         2     4.34323
Frame      52399    pt_id     1         5     0.14790         1     1.05864         3     2.20572         6     2.31860         4     3.56041         2     4.37431
Frame      52400    pt_id     1         5     0.14636         1     1.07397         3     2.21822         6     2.31490         4     3.56347         2     4.39593
Frame      52401    pt_id     1         5     0.14190         1     1.07316         3     2.18269         6     2.28136         4     3.51825         2     4.34975
Frame      52402    pt_id     1         5     0.13988         1     1.08480         3     2.16867         6     2.25607         4     3.48981         2     4.33360
Frame      52403    pt_id     1         5     0.14147         1     1.07351         3     2.16041         6     2.23807         4     3.47351         2     4.32043
Frame      52404    pt_id     1         5     0.14668         1     1.05607         3     2.15409         6     2.20396         4     3.44810         2     4.31348
Frame      52405    pt_id     1         5     0.14461         1     1.06038         3     2.17029         6     2.22422         4     3.47565         2     4.34180
Frame      52406    pt_id     1         5     0.14373         1     1.06041         3     2.19338         6     2.25071         4     3.51175         2     4.37864
Frame      52407    pt_id     1         5     0.14194         1     1.04801         3     2.16114         6     2.23646         4     3.47419         2     4.32240
Frame      52408    pt_id     1         5     0.14155         1     1.06483         3     2.21032         6     2.26386         4     3.52800         2     4.40687
Frame      52409    pt_id     1         5     0.14267         1     1.05653         3     2.21119         6     2.26718         4     3.53222         2     4.40785
Frame      52410    pt_id     1         5     0.14698         1     1.05029         3     2.20963         6     2.26026         4     3.52534         2     4.40043
Frame      52411    pt_id     1         5     0.14398         1     1.05990         3     2.24375         6     2.29422         4     3.57607         2     4.45439
Frame      52412    pt_id     1         5     0.14716         1     1.08150         3     2.28911         6     2.33447         4     3.63060         2     4.51819
Frame      52413    pt_id     1         5     0.13629         1     1.09697         3     2.26497         6     2.32279         4     3.61363         2     4.49253
Frame      52414    pt_id     1         5     0.13573         1     1.13421         3     2.32111         6     2.38015         4     3.69268         2     4.58026
Frame      52415    pt_id     1         5     0.13161         1     1.13604         3     2.31020         6     2.37025         4     3.67769         2     4.56593
Frame      52416    pt_id     1         5     0.13049         1     1.11704         3     2.27553         6     2.33620         4     3.62868         2     4.51248
Frame      52417    pt_id     1         5     0.13197         1     1.12077         3     2.33103         6     2.38306         4     3.70447         2     4.60395
Frame      52418    pt_id     1         5     0.13246         1     1.11238         3     2.33094         6     2.38632         4     3.70693         2     4.60325
Frame      52419    pt_id     1         5     0.13502         1     1.09505         3     2.30759         6     2.36768         4     3.67502         2     4.56073
Frame      52420    pt_id     1         5     0.12248         1     1.07760         3     2.25301         6     2.33529         4     3.62622         2     4.49319
Frame      52421    pt_id     1         5     0.13243         1     1.06926         3     2.27811         6     2.35258         4     3.64874         2     4.51588
Frame      52422    pt_id     1         5     0.13736         1     1.05722         3     2.26798         6     2.34979         4     3.63617         2     4.48709
Frame      52423    pt_id     1         5     0.14624         1     1.05747         3     2.30925         6     2.39110         4     3.68126         2     4.53799
Frame      52424    pt_id     1         5     0.14225         1     1.02911         3     2.28531         6     2.37297         4     3.65966         2     4.51155
Frame      52425    pt_id     1         5     0.14991         1     1.01296         3     2.29415         6     2.38579         4     3.67281         2     4.51809
Frame      52426    pt_id     1         5     0.15737         1     1.00780         3     2.30389         6     2.38992         4     3.67938         2     4.52314
Frame      52427    pt_id     1         5     0.16347         1     0.99578         3     2.27222         6     2.37028         4     3.63543         2     4.45423
Frame      52428    pt_id     1         5     0.17190         1     0.98401         3     2.25090         6     2.37244         4     3.61618         2     4.40043
Frame      52429    pt_id     1         5     0.16680         1     0.99390         3     2.26445         6     2.37427         4     3.63837         2     4.43784
Frame      52430    pt_id     1         5     0.17852         1     0.98441         3     2.26081         6     2.38722         4     3.63490         2     4.41057
Frame      52431    pt_id     1         5     0.17641         1     0.97756         3     2.24120         6     2.37322         4     3.61677         2     4.38924
Frame      52432    pt_id     1         5     0.16983         1     0.95263         3     2.21406         6     2.34238         4     3.58260         2     4.36182
Frame      52433    pt_id     1         5     0.16816         1     0.91980         3     2.15343         6     2.27444         4     3.50863         2     4.27984
Frame      52434    pt_id     1         5     0.17190         1     0.89644         3     2.09584         6     2.22063         4     3.43272         2     4.18657
Frame      52435    pt_id     1         5     0.17713         1     0.87866         3     2.04344         6     2.17963         4     3.36840         2     4.09934
Frame      52436    pt_id     1         5     0.17700         1     0.87419         3     2.06277         6     2.21080         4     3.40139         2     4.12843
Frame      52437    pt_id     1         5     0.17101         1     0.86558         3     2.06798         6     2.19383         4     3.40269         2     4.15415
Frame      52438    pt_id     1         5     0.16883         1     0.85752         3     2.04800         6     2.15627         4     3.36669         2     4.13345
Frame      52439    pt_id     1         5     0.18610         1     0.82739         3     2.04427         6     2.17220         4     3.35985         2     4.09640
Frame      52440    pt_id     1         5     0.18995         1     0.82055         3     2.05212         6     2.17654         4     3.36168         2     4.09668
Frame      52441    pt_id     1         5     0.19245         1     0.81232         3     2.01622         6     2.14412         4     3.30546         2     4.03375
Frame      52442    pt_id     1         5     0.19970         1     0.82122         3     2.02487         6     2.15622         4     3.30999         2     4.03392
Frame      52443    pt_id     1         5     0.20508         1     0.84957         3     2.07076         6     2.20526         4     3.35612         2     4.08598
Frame      52444    pt_id     1         5     0.20719         1     0.87158         3     2.10837         6     2.23554         4     3.39572         2     4.14078
Frame      52445    pt_id     1         5     0.22256         1     0.87632         3     2.12656         6     2.25364         4     3.40230         2     4.14103
Frame      52446    pt_id     1         5     0.23024         1     0.86743         3     2.08386         6     2.22154         4     3.34299         2     4.06382
Frame      52447    pt_id     1         5     0.24544         1     0.86253         3     2.07965         6     2.23296         4     3.33610         2     4.03439
Frame      52448    pt_id     1         5     0.25044         1     0.86735         3     2.11031         6     2.25203         4     3.36360         2     4.07664
Frame      52449    pt_id     1         5     0.24482         1     0.87606         3     2.10210         6     2.24978         4     3.35824         2     4.06529
Frame      52450    pt_id     1         5     0.23094         1     0.89060         3     2.13331         6     2.25100         4     3.39466         2     4.14277
Frame      52451    pt_id     1         5     0.22462         1     0.88637         3     2.11244         6     2.23298         4     3.38101         2     4.11832
Frame      52452    pt_id     1         5     0.22363         1     0.87213         3     2.08842         6     2.20413         4     3.34194         2     4.07773
Frame      52453    pt_id     1         5     0.21314         1     0.85929         3     2.05630         6     2.17146         4     3.31199         2     4.05044
Frame      52454    pt_id     1         5     0.22511         1     0.86185         3     2.08130         6     2.19771         4     3.33341         2     4.06612
Frame      52455    pt_id     1         5     0.22030         1     0.85768         3     2.09559         6     2.21158         4     3.35854         2     4.09836
Frame      52456    pt_id     1         5     0.21238         1     0.84628         3     2.09336         6     2.19833         4     3.36206         2     4.11304
Frame      52457    pt_id     1         5     0.20068         1     0.82827         3     2.04354         6     2.14775         4     3.30897         2     4.05836
Frame      52458    pt_id     1         5     0.19789         1     0.79573         3     1.98242         6     2.09515         4     3.24875         2     3.98391
Frame      52459    pt_id     1         5     0.19941         1     0.77983         3     1.93549         6     2.03930         4     3.18895         2     3.92789
Frame      52460    pt_id     1         5     0.20810         1     0.76831         3     1.92058         6     2.02662         4     3.16394         2     3.89659
Frame      52461    pt_id     1         5     0.20521         1     0.77314         3     1.97140         6     2.06389         4     3.22530         2     3.97965
Frame      52462    pt_id     1         5     0.19861         1     0.78641         3     1.97553         6     2.05857         4     3.24394         2     4.01089
Frame      52463    pt_id     1         5     0.20029         1     0.78974         3     1.99042         6     2.07438         4     3.25879         2     4.02586
Frame      52464    pt_id     1         5     0.18619         1     0.79170         3     1.93421         6     2.03345         4     3.20884         2     3.96631
Frame      52465    pt_id     1         5     0.16778         1     0.80610         3     1.90906         6     1.99833         4     3.18319         2     3.96151
Frame      52466    pt_id     1         5     0.15179         1     0.82533         3     1.90170         6     1.99957         4     3.18495         2     3.96511
Frame      52467    pt_id     1         5     0.14586         1     0.84865         3     1.91449         6     2.00960         4     3.20290         2     3.99345
Frame      52468    pt_id     1         5     0.13929         1     0.88187         3     1.93925         6     2.03172         4     3.22677         2     4.03040
Frame      52469    pt_id     1         5     0.13038         1     0.91189         3     1.96290         6     2.06031         4     3.25575         2     4.06669
Frame      52470    pt_id     1         5     0.12660         1     0.92628         3     1.93157         6     2.04825         4     3.22394         2     4.01967
Frame      52471    pt_id     1         5     0.12375         1     0.93490         3     1.92719         6     2.04421         4     3.22200         2     4.01991
Frame      52472    pt_id     1         5     0.12309         1     0.93600         3     1.93750         6     2.07011         4     3.24437         2     4.02891
Frame      52473    pt_id     1         5     0.11678         1     0.92904         3     1.90413         6     2.03216         4     3.21752         2     4.00097
Frame      52474    pt_id     1         5     0.11631         1     0.92602         3     1.93204         6     2.04632         4     3.25269         2     4.05151
Frame      52475    pt_id     1         5     0.11961         1     0.92810         3     1.92491         6     2.03579         4     3.24684         2     4.04721
Frame      52476    pt_id     1         5     0.12269         1     0.93430         3     1.92335         6     2.01692         4     3.23973         2     4.05454
Frame      52477    pt_id     1         5     0.13032         1     0.92154         3     1.92271         6     1.99473         4     3.22687         2     4.05633
Frame      52478    pt_id     1         5     0.12757         1     0.91454         3     1.86452         6     1.95637         4     3.17506         2     3.97955
Frame      52479    pt_id     1         5     0.12484         1     0.92145         3     1.86233         6     1.95457         4     3.17799         2     3.98702
Frame      52480    pt_id     1         5     0.12060         1     0.93597         3     1.88376         6     1.94879         4     3.21010         2     4.04828
Frame      52481    pt_id     1         5     0.11445         1     0.94064         3     1.84692         6     1.91017         4     3.16679         2     4.00811
Frame      52482    pt_id     1         5     0.10247         1     0.97172         3     1.82864         6     1.88625         4     3.14169         2     4.00043
Frame      52483    pt_id     1         5     0.09293         1     0.99091         3     1.79132         6     1.86291         4     3.10156         2     3.95650
Frame      52484    pt_id     1         5     0.10007         1     0.97806         3     1.67276         6     1.73804         4     2.93595         2     3.77305
Frame      52485    pt_id     1         5     0.09976         1     0.98039         3     1.61008         6     1.67991         4     2.86042         2     3.68534
Frame      52486    pt_id     1         5     0.09976         1     0.98039         3     1.61008         6     1.67991         4     2.86042         2     3.68534
Frame      52487    pt_id     1         5     0.09976         1     0.98039         3     1.61008         6     1.67991         4     2.86042         2     3.68534
Frame      52488    pt_id     1         5     0.09976         1     0.98039         3     1.61008         6     1.67991         4     2.86042         2     3.68534
Frame      52500    pt_id     2         5     0.04406         1     1.28741         3     2.06020         6     2.18057         4     3.49131         2     4.43505
Frame      52501    pt_id     2         5     0.03403         1     1.26311         3     1.86291         6     1.96889         4     3.21365         2     4.13762
Frame      52502    pt_id     2         5     0.02364         1     1.31602         3     1.85015         6     1.95471         4     3.20422         2     4.13205
Frame      52503    pt_id     2         5     0.03469         1     1.26194         3     1.71624         6     1.83415         4     3.02191         2     3.90796
Frame      52504    pt_id     2         5     0.03548         1     1.25606         3     1.71732         6     1.85275         4     3.03878         2     3.91200
Frame      52505    pt_id     2         5     0.03594         1     1.28118         3     1.74934         6     1.89100         4     3.08455         2     3.96431
Frame      52506    pt_id     2         5     0.03313         1     1.29427         3     1.76285         6     1.89073         4     3.09386         2     3.98888
Frame      52507    pt_id     2         5     0.03108         1     1.30501         3     1.76560         6     1.90814         4     3.10642         2     3.99023
Frame      52508    pt_id     2         5     0.02977         1     1.30167         3     1.78453         6     1.91749         4     3.13174         2     4.02679
Frame      52509    pt_id     2         5     0.03502         1     1.28785         3     1.74786         6     1.89441         4     3.07822         2     3.95321
Frame      52510    pt_id     2         5     0.03530         1     1.28646         3     1.71630         6     1.85416         4     3.03567         2     3.91373
Frame      52511    pt_id     2         5     0.03816         1     1.28320         3     1.69747         6     1.84521         4     3.01466         2     3.87352
Frame      52512    pt_id     2         5     0.03604         1     1.27610         3     1.69679         6     1.83719         4     3.01603         2     3.88331
Frame      52513    pt_id     2         5     0.03297         1     1.26416         3     1.67778         6     1.81928         4     3.00651         2     3.87036
Frame      52514    pt_id     2         5     0.05250         1     1.24112         3     1.45938         6     1.59876         4     2.71101         2     3.54331
Frame      52515    pt_id     2         5     0.05250         1     1.24112         3     1.45938         6     1.59876         4     2.71101         2     3.54331
Frame      52516    pt_id     2         5     0.05250         1     1.24112         3     1.45938         6     1.59876         4     2.71101         2     3.54331
Frame      52517    pt_id     2         5     0.05250         1     1.24112         3     1.45938         6     1.59876         4     2.71101         2     3.54331
Frame      52524    pt_id     3         5     0.07397         1     1.19686         3     2.28991         6     2.36494         4     3.74955         2     4.70195
Frame      52525    pt_id     3         5     0.04999         1     1.21118         3     2.07795         6     2.17173         4     3.49535         2     4.42485
Frame      52526    pt_id     3         5     0.03534         1     1.24035         3     1.89011         6     2.01499         4     3.24796         2     4.14907
Frame      52527    pt_id     3         5     0.02832         1     1.27293         3     1.85911         6     1.98249         4     3.21176         2     4.12335
Frame      52528    pt_id     3         5     0.02170         1     1.32005         3     1.86303         6     1.97593         4     3.22129         2     4.15374
Frame      52529    pt_id     3         5     0.01771         1     1.34475         3     1.86218         6     1.98349         4     3.23014         2     4.16051
Frame      52530    pt_id     3         5     0.01523         1     1.34296         3     1.81614         6     1.94298         4     3.17743         2     4.09543
Frame      52531    pt_id     3         5     0.01536         1     1.35971         3     1.80909         6     1.93294         4     3.16484         2     4.09027
Frame      52532    pt_id     3         5     0.01484         1     1.37959         3     1.81845         6     1.92814         4     3.16927         2     4.10757
Frame      52533    pt_id     3         5     0.01459         1     1.37114         3     1.78021         6     1.90346         4     3.12892         2     4.04669
Frame      52534    pt_id     3         5     0.01445         1     1.39442         3     1.69537         6     1.84282         4     3.03297         2     3.92871
Frame      52535    pt_id     3         5     0.01470         1     1.41358         3     1.65391         6     1.80086         4     2.97970         2     3.87610
Frame      52536    pt_id     3         5     0.01558         1     1.42444         3     1.64392         6     1.78967         4     2.96446         2     3.85996
Frame      52537    pt_id     3         5     0.01703         1     1.42833         3     1.61949         6     1.76626         4     2.93774         2     3.82744
Frame      52538    pt_id     3         5     0.01703         1     1.42833         3     1.61949         6     1.76626         4     2.93774         2     3.82744
Frame      52539    pt_id     3         5     0.01703         1     1.42833         3     1.61949         6     1.76626         4     2.93774         2     3.82744
Frame      52552    pt_id     4         5     0.15258         1     1.11017         3     2.23018         6     2.30119         4     3.56607         2     4.44576
Frame      52553    pt_id     4         5     0.15670         1     1.00591         3     1.92949         6     2.07275         4     3.20301         2     3.95912
Frame      52554    pt_id     4         5     0.14596         1     1.02195         3     1.88191         6     2.01515         4     3.13130         2     3.89889
Frame      52555    pt_id     4         5     0.12279         1     1.05008         3     1.90854         6     1.99939         4     3.17963         2     4.00200
Frame      52556    pt_id     4         5     0.12195         1     1.09102         3     1.95164         6     2.03214         4     3.22000         2     4.06218
Frame      52557    pt_id     4         5     0.13291         1     1.09675         3     1.94596         6     2.02454         4     3.18521         2     4.02515
Frame      52558    pt_id     4         5     0.13066         1     1.10476         3     1.94997         6     2.03565         4     3.19664         2     4.02932
Frame      52559    pt_id     4         5     0.13300         1     1.12154         3     1.96476         6     2.04325         4     3.20548         2     4.04799
Frame      52560    pt_id     4         5     0.13399         1     1.12456         3     1.95375         6     2.03113         4     3.18547         2     4.03156
Frame      52561    pt_id     4         5     0.12471         1     1.13872         3     1.94907         6     2.02476         4     3.18572         2     4.04115
Frame      52562    pt_id     4         5     0.11793         1     1.15489         3     1.91359         6     1.98399         4     3.13964         2     4.00013
Frame      52563    pt_id     4         5     0.11214         1     1.17455         3     1.90620         6     1.97624         4     3.13292         2     3.99626
Frame      52564    pt_id     4         5     0.11110         1     1.18368         3     1.92554         6     1.99994         4     3.15926         2     4.02254
Frame      52565    pt_id     4         5     0.11110         1     1.18368         3     1.92554         6     1.99994         4     3.15926         2     4.02254
Frame      52566    pt_id     4         5     0.11110         1     1.18368         3     1.92554         6     1.99994         4     3.15926         2     4.02254
Frame      52567    pt_id     4         5     0.11110         1     1.18368         3     1.92554         6     1.99994         4     3.15926         2     4.02254
Frame      52579    pt_id     5         5     0.46168         1     0.89740         3     2.85698         6     2.85982         4     4.17630         2     4.98120
Frame      52580    pt_id     5         5     0.34062         1     0.92633         3     2.59107         6     2.63746         4     3.88802         2     4.68475
Frame      52581    pt_id     5         5     0.30685         1     0.92102         3     2.53233         6     2.56902         4     3.83510         2     4.65076
Frame      52582    pt_id     5         5     0.27426         1     0.94141         3     2.45240         6     2.48377         4     3.74750         2     4.57784
Frame      52583    pt_id     5         5     0.25617         1     0.96422         3     2.43039         6     2.47106         4     3.73578         2     4.57194
Frame      52584    pt_id     5         5     0.25783         1     0.94393         3     2.42375         6     2.47229         4     3.73552         2     4.55798
Frame      52585    pt_id     5         5     0.26056         1     0.95045         3     2.41897         6     2.44651         4     3.72075         2     4.55371
Frame      52586    pt_id     5         5     0.26555         1     0.95684         3     2.42096         6     2.44450         4     3.71337         2     4.54809
Frame      52587    pt_id     5         5     0.26417         1     0.94816         3     2.40396         6     2.44177         4     3.70098         2     4.52033
Frame      52588    pt_id     5         5     0.25825         1     0.93566         3     2.36111         6     2.41562         4     3.65485         2     4.45940
Frame      52589    pt_id     5         5     0.24927         1     0.93035         3     2.29584         6     2.35993         4     3.58040         2     4.37322
Frame      52590    pt_id     5         5     0.24886         1     0.91010         3     2.27585         6     2.33743         4     3.55635         2     4.35042
Frame      52591    pt_id     5         5     0.22816         1     0.87987         3     2.17453         6     2.24619         4     3.44310         2     4.22295
Frame      52592    pt_id     5         5     0.22816         1     0.87987         3     2.17453         6     2.24619         4     3.44310         2     4.22295
Frame      52593    pt_id     5         5     0.22816         1     0.87987         3     2.17453         6     2.24619         4     3.44310         2     4.22295
Frame      52594    pt_id     5         5     0.22816         1     0.87987         3     2.17453         6     2.24619         4     3.44310         2     4.22295
Frame      52605    pt_id     6         5     0.14508         1     0.86271         3     2.24065         6     2.38757         4     3.73200         2     4.54707
Frame      52606    pt_id     6         5     0.10683         1     1.04202         3     2.34231         6     2.45066         4     3.81874         2     4.69577
Frame      52607    pt_id     6         5     0.09496         1     1.07819         3     2.13982         6     2.30546         4     3.54947         2     4.34492
Frame      52608    pt_id     6         5     0.08781         1     1.11755         3     2.10514         6     2.28848         4     3.51218         2     4.30854
Frame      52609    pt_id     6         5     0.08682         1     1.13804         3     2.11391         6     2.26454         4     3.49307         2     4.31842
Frame      52610    pt_id     6         5     0.08185         1     1.15963         3     2.14741         6     2.28352         4     3.53831         2     4.38581
Frame      52611    pt_id     6         5     0.08232         1     1.17824         3     2.17770         6     2.30519         4     3.57935         2     4.44167
Frame      52612    pt_id     6         5     0.08493         1     1.18423         3     2.19610         6     2.31502         4     3.60018         2     4.47044
Frame      52613    pt_id     6         5     0.08519         1     1.18190         3     2.17797         6     2.28718         4     3.57244         2     4.44839
Frame      52614    pt_id     6         5     0.07982         1     1.18643         3     2.16673         6     2.27989         4     3.56717         2     4.44442
Frame      52615    pt_id     6         5     0.08405         1     1.20612         3     2.14064         6     2.25354         4     3.52506         2     4.39848
Frame      52616    pt_id     6         5     0.08612         1     1.18631         3     2.09350         6     2.20056         4     3.46407         2     4.33175
Frame      52617    pt_id     6         5     0.09172         1     1.16321         3     2.12607         6     2.20677         4     3.50145         2     4.39643
Frame      52618    pt_id     6         5     0.09172         1     1.16321         3     2.12607         6     2.20677         4     3.50145         2     4.39643
Frame      52619    pt_id     6         5     0.09172         1     1.16321         3     2.12607         6     2.20677         4     3.50145         2     4.39643
Frame      52620    pt_id     6         5     0.09172         1     1.16321         3     2.12607         6     2.20677         4     3.50145         2     4.39643
Frame      52633    pt_id     7         5     0.42012         1     0.83406         3     2.95692         6     3.03959         4     4.38634         2     5.17365
Frame      52634    pt_id     7         5     0.37259         1     0.79751         3     2.59816         6     2.59987         4     3.90220         2     4.72482
Frame      52635    pt_id     7         5     0.30342         1     0.79482         3     2.45580         6     2.47369         4     3.76860         2     4.60021
Frame      52636    pt_id     7         5     0.28781         1     0.80854         3     2.43717         6     2.44661         4     3.74557         2     4.58401
Frame      52637    pt_id     7         5     0.26601         1     0.81275         3     2.35442         6     2.38395         4     3.65430         2     4.47491
Frame      52638    pt_id     7         5     0.26744         1     0.83925         3     2.35896         6     2.37536         4     3.64017         2     4.46896
Frame      52639    pt_id     7         5     0.26165         1     0.84304         3     2.30645         6     2.33803         4     3.58570         2     4.39270
Frame      52640    pt_id     7         5     0.26055         1     0.85627         3     2.28612         6     2.30615         4     3.55125         2     4.36591
Frame      52641    pt_id     7         5     0.25954         1     0.87588         3     2.28614         6     2.30190         4     3.54575         2     4.36709
Frame      52642    pt_id     7         5     0.25798         1     0.87094         3     2.26147         6     2.28204         4     3.51850         2     4.33476
Frame      52643    pt_id     7         5     0.25489         1     0.88511         3     2.18906         6     2.19163         4     3.41458         2     4.23875
Frame      52644    pt_id     7         5     0.24421         1     0.87487         3     2.14923         6     2.17059         4     3.37749         2     4.18675
Frame      52645    pt_id     7         5     0.24421         1     0.87487         3     2.14923         6     2.17059         4     3.37749         2     4.18675
Frame      52646    pt_id     7         5     0.24421         1     0.87487         3     2.14923         6     2.17059         4     3.37749         2     4.18675
Frame      52647    pt_id     7         5     0.24421         1     0.87487         3     2.14923         6     2.17059         4     3.37749         2     4.18675
Frame      52659    pt_id     8         5     0.28230         1     0.68747         3     1.91643         6     2.26753         4     3.28653         2     3.78106
Frame      52660    pt_id     8         5     0.15648         1     0.87171         3     1.87803         6     2.11115         4     3.21357         2     3.87319
Frame      52661    pt_id     8         5     0.10323         1     0.96173         3     1.83484         6     1.99462         4     3.14222         2     3.90138
Frame      52662    pt_id     8         5     0.09391         1     0.99167         3     1.78881         6     1.96362         4     3.09383         2     3.84398
Frame      52663    pt_id     8         5     0.09278         1     1.02236         3     1.77183         6     1.96462         4     3.08538         2     3.82150
Frame      52664    pt_id     8         5     0.08018         1     1.04830         3     1.80456         6     1.97777         4     3.12526         2     3.89560
Frame      52665    pt_id     8         5     0.07341         1     1.07119         3     1.81576         6     1.97623         4     3.13274         2     3.92422
Frame      52666    pt_id     8         5     0.06649         1     1.09178         3     1.84707         6     1.99243         4     3.17555         2     3.99031
Frame      52667    pt_id     8         5     0.06494         1     1.10097         3     1.86996         6     1.99992         4     3.20029         2     4.03166
Frame      52668    pt_id     8         5     0.06226         1     1.10840         3     1.86031         6     1.98114         4     3.18872         2     4.03136
Frame      52669    pt_id     8         5     0.04859         1     1.17047         3     1.87626         6     1.96420         4     3.21007         2     4.10272
Frame      52670    pt_id     8         5     0.04613         1     1.16844         3     1.84446         6     1.92666         4     3.17646         2     4.07949
Frame      52671    pt_id     8         5     0.04393         1     1.15712         3     1.81040         6     1.92194         4     3.15398         2     4.02803
Frame      52672    pt_id     8         5     0.04329         1     1.17581         3     1.83437         6     1.92604         4     3.17165         2     4.06791
Frame      52673    pt_id     8         5     0.04350         1     1.17474         3     1.82277         6     1.90367         4     3.15408         2     4.06158
Frame      52674    pt_id     8         5     0.04350         1     1.17474         3     1.82277         6     1.90367         4     3.15408         2     4.06158
Frame      52675    pt_id     8         5     0.04350         1     1.17474         3     1.82277         6     1.90367         4     3.15408         2     4.06158
Frame      52676    pt_id     8         5     0.04350         1     1.17474         3     1.82277         6     1.90367         4     3.15408         2     4.06158
Frame      52687    pt_id     9         3     0.23590         2     0.26771         4     0.30579         6     0.74144         5     2.53890         1     3.03739
Frame      52688    pt_id     9         3     0.38697         6     0.66402         5     0.71067         4     1.05611         2     1.51396         1     1.54906
Frame      52689    pt_id     9         5     0.40741         3     0.64380         6     0.84590         1     1.35044         4     1.48137         2     2.07412
Frame      52690    pt_id     9         5     0.27757         3     0.82972         6     0.99655         1     1.30239         4     1.75531         2     2.43772
Frame      52691    pt_id     9         5     0.20282         3     0.94428         6     1.09687         1     1.28640         4     1.94216         2     2.67055
Frame      52692    pt_id     9         5     0.17327         3     1.02231         6     1.15107         1     1.29709         4     2.03530         2     2.80498
Frame      52693    pt_id     9         5     0.17020         3     1.03161         6     1.19061         1     1.27833         4     2.06167         2     2.80030
Frame      52694    pt_id     9         5     0.15605         3     1.06813         6     1.19279         1     1.24610         4     2.10965         2     2.87924
Frame      52695    pt_id     9         5     0.14907         3     1.08524         6     1.21910         1     1.22484         4     2.14597         2     2.90849
Frame      52696    pt_id     9         5     0.13755         3     1.10793         1     1.20963         6     1.23963         4     2.19023         2     2.95913
Frame      52697    pt_id     9         5     0.07399         1     1.19248         3     1.37299         6     1.45125         4     2.55590         2     3.41795
Frame      52698    pt_id     9         5     0.08782         1     1.17363         3     1.30052         6     1.39037         4     2.47242         2     3.31058
Frame      52699    pt_id     9         5     0.09483         1     1.16057         3     1.29276         6     1.36690         4     2.45989         2     3.31058
Frame      52700    pt_id     9         5     0.10197         1     1.16682         3     1.25070         6     1.33280         4     2.40996         2     3.25320
Frame      52701    pt_id     9         5     0.10197         1     1.16682         3     1.25070         6     1.33280         4     2.40996         2     3.25320
Frame      52702    pt_id     9         5     0.10197         1     1.16682         3     1.25070         6     1.33280         4     2.40996         2     3.25320
Frame      52703    pt_id     9         5     0.10197         1     1.16682         3     1.25070         6     1.33280         4     2.40996         2     3.25320
