Frame      47583    pt_id     1         1     1.31612         3     2.52017         6     2.76463         2     2.89340         4     2.96099         5     2.98925
Frame      47584    pt_id     1         1     1.43632         3     2.39928         2     2.68799         6     2.69819         4     2.81270         5     3.09259
Frame      47585    pt_id     1         1     1.50515         3     2.35125         6     2.55520         4     2.72833         2     2.73247         5     3.02734
Frame      47586    pt_id     1         1     1.56972         3     2.33659         6     2.59066         2     2.69002         4     2.73570         5     3.08464
Frame      47587    pt_id     1         1     1.63459         3     2.31979         6     2.56694         2     2.67109         4     2.71207         5     3.10761
Frame      47588    pt_id     1         1     1.58489         3     2.30734         6     2.55667         2     2.69260         4     2.72751         5     3.05307
Frame      47589    pt_id     1         1     1.58848         3     2.31227         6     2.56072         2     2.69418         4     2.73389         5     3.06152
Frame      47590    pt_id     1         1     1.52309         3     2.30359         6     2.56340         2     2.69337         4     2.74381         5     3.01459
Frame      47591    pt_id     1         1     1.46394         3     2.29493         6     2.56898         2     2.69115         4     2.75221         5     2.97365
Frame      47592    pt_id     1         1     1.45954         3     2.29917         6     2.53981         2     2.72625         4     2.74831         5     2.94069
Frame      47593    pt_id     1         1     1.51035         3     2.28164         6     2.53132         2     2.69656         4     2.72494         5     2.96484
Frame      47594    pt_id     1         1     1.47231         3     2.29574         6     2.50844         4     2.74925         2     2.76103         5     2.90159
Frame      47595    pt_id     1         1     1.50547         3     2.31093         6     2.54812         2     2.76443         4     2.77985         5     2.92687
Frame      47596    pt_id     1         1     1.45241         3     2.26194         6     2.49473         2     2.71122         4     2.72459         5     2.87333
Frame      47597    pt_id     1         1     1.44035         3     2.28916         6     2.52521         2     2.74485         4     2.76013         5     2.86940
Frame      47598    pt_id     1         1     1.45918         3     2.30906         6     2.54172         2     2.75406         4     2.76965         5     2.89083
Frame      47599    pt_id     1         1     1.44466         3     2.29279         6     2.53140         2     2.75630         4     2.76744         5     2.86040
Frame      47600    pt_id     1         1     1.49340         3     2.27418         6     2.51468         2     2.73259         4     2.74105         5     2.87925
Frame      47601    pt_id     1         1     1.53723         3     2.29335         6     2.50451         4     2.75084         2     2.77711         5     2.88540
Frame      47602    pt_id     1         1     1.51703         3     2.29599         6     2.53558         2     2.75592         4     2.76728         5     2.90201
Frame      47603    pt_id     1         1     1.46622         3     2.29885         6     2.53496         4     2.79988         2     2.80104         5     2.84104
Frame      47604    pt_id     1         1     1.51868         3     2.30485         6     2.58346         2     2.78579         4     2.81930         5     2.89150
Frame      47605    pt_id     1         1     1.48380         3     2.30680         6     2.56903         2     2.79661         4     2.81578         5     2.87720
Frame      47606    pt_id     1         1     1.52665         3     2.32593         6     2.58439         2     2.84169         4     2.84718         5     2.88593
Frame      47607    pt_id     1         1     1.47078         3     2.28053         6     2.53256         4     2.81152         2     2.81791         5     2.81911
Frame      47608    pt_id     1         1     1.42073         3     2.23355         6     2.48483         5     2.76293         4     2.76656         2     2.77425
Frame      47609    pt_id     1         1     1.42298         3     2.22719         6     2.47557         4     2.75114         2     2.75392         5     2.77418
Frame      47610    pt_id     1         1     1.36820         3     2.23351         6     2.47604         5     2.71997         4     2.77236         2     2.78524
Frame      47611    pt_id     1         1     1.38691         3     2.22529         6     2.49058         2     2.75040         5     2.75403         4     2.76580
Frame      47612    pt_id     1         1     1.41300         3     2.22153         6     2.49125         5     2.75216         2     2.75907         4     2.76929
Frame      47613    pt_id     1         1     1.42962         3     2.22618         6     2.48316         5     2.75345         4     2.77168         2     2.77384
Frame      47614    pt_id     1         1     1.41899         3     2.21245         6     2.44998         5     2.73450         4     2.74064         2     2.75885
Frame      47615    pt_id     1         1     1.38153         3     2.18544         6     2.44256         5     2.70011         4     2.72910         2     2.73347
Frame      47616    pt_id     1         1     1.37075         3     2.21152         6     2.46952         5     2.71366         2     2.75923         4     2.76087
Frame      47617    pt_id     1         1     1.41391         3     2.22560         6     2.49185         5     2.75436         2     2.75656         4     2.76671
Frame      47618    pt_id     1         1     1.43334         3     2.23868         6     2.50298         2     2.76713         5     2.77901         4     2.77981
Frame      47619    pt_id     1         1     1.45332         3     2.22470         6     2.50223         2     2.75199         4     2.76570         5     2.77034
Frame      47620    pt_id     1         1     1.45780         3     2.18989         6     2.45496         2     2.71009         4     2.71616         5     2.76998
Frame      47621    pt_id     1         1     1.40786         3     2.13044         6     2.38828         2     2.64437         4     2.64835         5     2.71621
Frame      47622    pt_id     1         1     1.41390         3     2.04242         6     2.31841         2     2.51883         4     2.54456         5     2.70591
Frame      47623    pt_id     1         1     1.36690         3     1.95594         6     2.24880         2     2.39586         4     2.44396         5     2.68241
Frame      47624    pt_id     1         1     1.29209         3     1.88341         6     2.17768         2     2.34791         4     2.38756         5     2.58885
Frame      47625    pt_id     1         1     1.22116         3     1.82107         6     2.08666         2     2.31850         4     2.32758         5     2.48739
Frame      47626    pt_id     1         1     1.20499         3     1.78209         6     2.05569         2     2.25458         4     2.27361         5     2.47308
Frame      47627    pt_id     1         1     1.15943         3     1.74235         6     2.02173         2     2.20294         4     2.23009         5     2.44786
Frame      47628    pt_id     1         1     1.15643         3     1.69610         6     1.98781         2     2.15138         4     2.18368         5     2.42981
Frame      47629    pt_id     1         1     1.10130         3     1.66453         6     1.95536         2     2.11723         4     2.15419         5     2.38908
Frame      47630    pt_id     1         1     1.11924         3     1.66514         6     1.96317         2     2.10612         4     2.15489         5     2.40545
Frame      47631    pt_id     1         1     1.09042         3     1.66562         6     1.95661         2     2.12614         4     2.16108         5     2.37383
Frame      47632    pt_id     1         1     1.05660         3     1.69779         6     1.96557         2     2.18109         4     2.19454         5     2.35419
Frame      47633    pt_id     1         1     1.04687         3     1.71577         6     1.99122         2     2.18746         4     2.21504         5     2.36749
Frame      47634    pt_id     1         1     1.07073         3     1.72743         6     2.01723         2     2.17348         4     2.22243         5     2.41427
Frame      47635    pt_id     1         1     1.14863         3     1.74174         6     2.05050         2     2.14095         4     2.21569         5     2.50572
Frame      47636    pt_id     1         1     1.12395         3     1.72771         6     2.03249         2     2.13843         4     2.20619         5     2.48214
Frame      47637    pt_id     1         1     1.09222         3     1.71994         6     2.04090         2     2.12001         4     2.20948         5     2.46341
Frame      47638    pt_id     1         1     1.07702         3     1.71441         6     2.04334         2     2.10004         4     2.20100         5     2.46240
Frame      47639    pt_id     1         1     1.06820         3     1.71031         6     2.04136         2     2.08077         4     2.18869         5     2.47896
Frame      47640    pt_id     1         1     1.05053         3     1.70073         6     2.03881         2     2.06400         4     2.17766         5     2.47654
Frame      47641    pt_id     1         1     1.11202         3     1.69046         2     2.00385         6     2.05499         4     2.15271         5     2.54881
Frame      47642    pt_id     1         1     1.04770         3     1.67545         2     2.00338         6     2.02720         4     2.13716         5     2.49218
Frame      47643    pt_id     1         1     1.03493         3     1.66373         6     2.00399         2     2.01931         4     2.13005         5     2.45003
Frame      47644    pt_id     1         1     1.03872         3     1.65769         6     1.99867         2     2.00644         4     2.11952         5     2.45424
Frame      47645    pt_id     1         1     0.96618         3     1.66738         2     2.01716         6     2.03204         4     2.15005         5     2.41554
Frame      47646    pt_id     1         1     0.94456         3     1.68037         2     2.03232         6     2.05045         4     2.16928         5     2.40476
Frame      47647    pt_id     1         1     0.95017         3     1.66010         6     2.02036         2     2.02464         4     2.14474         5     2.38737
Frame      47648    pt_id     1         1     0.95737         3     1.66006         2     2.01191         6     2.01529         4     2.13382         5     2.40659
Frame      47649    pt_id     1         1     0.95951         3     1.67326         2     2.01719         6     2.02965         4     2.14582         5     2.41775
Frame      47650    pt_id     1         1     0.94098         3     1.66867         2     2.00914         6     2.02234         4     2.13526         5     2.40483
Frame      47651    pt_id     1         1     0.90660         3     1.67005         6     2.01920         2     2.02141         4     2.14315         5     2.37793
Frame      47652    pt_id     1         1     0.93655         3     1.65662         2     1.99831         6     2.02604         4     2.13769         5     2.39539
Frame      47653    pt_id     1         1     0.95381         3     1.66140         2     1.96317         6     2.05360         4     2.13418         5     2.43697
Frame      47654    pt_id     1         1     0.91880         3     1.66644         2     1.97035         6     2.05856         4     2.14263         5     2.41420
Frame      47655    pt_id     1         1     0.93099         3     1.65406         2     1.95578         6     2.04120         4     2.12509         5     2.41990
Frame      47656    pt_id     1         1     0.91682         3     1.63782         2     1.93208         6     2.02514         4     2.10583         5     2.40726
Frame      47657    pt_id     1         1     0.91657         3     1.65221         2     1.96448         6     2.04431         4     2.13487         5     2.40019
Frame      47658    pt_id     1         1     0.88636         3     1.67204         2     1.99718         6     2.06945         4     2.16960         5     2.38289
Frame      47659    pt_id     1         1     0.81418         3     1.68023         2     2.04452         6     2.06296         4     2.19608         5     2.30331
Frame      47660    pt_id     1         1     0.80682         3     1.68726         2     2.05606         6     2.08667         4     2.21985         5     2.30066
Frame      47661    pt_id     1         1     0.77563         3     1.70480         2     2.09324         6     2.10252         4     2.24981         5     2.26903
Frame      47662    pt_id     1         1     0.77782         3     1.74130         2     2.09654         6     2.14321         4     2.27269         5     2.32868
Frame      47663    pt_id     1         1     0.78059         3     1.74490         2     2.09847         6     2.12528         4     2.25823         5     2.34505
Frame      47664    pt_id     1         1     0.77683         3     1.75358         2     2.10953         6     2.14200         4     2.27680         5     2.35215
Frame      47665    pt_id     1         1     0.81744         3     1.76984         2     2.08489         6     2.16159         4     2.27252         5     2.43122
Frame      47666    pt_id     1         1     0.82683         3     1.77998         2     2.08305         6     2.16661         4     2.27493         5     2.46846
Frame      47667    pt_id     1         1     0.81769         3     1.77024         2     2.06935         6     2.15848         4     2.26740         5     2.46184
Frame      47668    pt_id     1         1     0.82125         3     1.76627         2     2.06019         6     2.15831         4     2.26037         5     2.46874
Frame      47669    pt_id     1         1     0.87716         3     1.74752         2     2.01306         6     2.15050         4     2.22804         5     2.52793
Frame      47670    pt_id     1         1     0.88057         3     1.75987         2     2.01808         6     2.16018         4     2.23480         5     2.53969
Frame      47671    pt_id     1         1     0.89580         3     1.77370         2     2.00645         6     2.17109         4     2.23347         5     2.59231
Frame      47672    pt_id     1         1     0.86597         3     1.76174         2     2.01511         6     2.16321         4     2.23978         5     2.54530
Frame      47673    pt_id     1         1     0.83299         3     1.76193         2     2.04028         6     2.16674         4     2.26016         5     2.49701
Frame      47674    pt_id     1         1     0.86321         3     1.76756         2     2.01406         6     2.16765         4     2.24106         5     2.55096
Frame      47675    pt_id     1         1     0.83459         3     1.75273         2     2.01214         6     2.16282         4     2.23928         5     2.49813
Frame      47676    pt_id     1         1     0.81636         3     1.74491         2     2.01089         6     2.15550         4     2.23011         5     2.46686
Frame      47677    pt_id     1         1     0.82840         3     1.75540         2     1.99712         6     2.14915         4     2.21375         5     2.50713
Frame      47678    pt_id     1         1     0.82625         3     1.75374         2     1.99883         6     2.14741         4     2.21443         5     2.49418
Frame      47679    pt_id     1         1     0.81236         3     1.76979         2     2.01369         6     2.16339         4     2.23449         5     2.49977
Frame      47680    pt_id     1         1     0.80720         3     1.77546         2     2.01662         6     2.17361         4     2.24291         5     2.50696
Frame      47681    pt_id     1         1     0.81772         3     1.76512         2     2.00211         6     2.17282         4     2.23586         5     2.50751
Frame      47682    pt_id     1         1     0.81293         3     1.76834         2     1.99614         6     2.17125         4     2.22891         5     2.51634
Frame      47683    pt_id     1         1     0.83252         3     1.77760         2     1.97890         6     2.18434         4     2.22572         5     2.55771
Frame      47684    pt_id     1         1     0.81898         3     1.76461         2     1.96929         6     2.16822         4     2.21285         5     2.53207
Frame      47685    pt_id     1         1     0.79997         3     1.76413         2     1.99303         6     2.14928         4     2.21459         5     2.50781
Frame      47686    pt_id     1         1     0.81631         3     1.76286         2     1.98417         6     2.15062         4     2.21188         5     2.52489
Frame      47687    pt_id     1         1     0.79229         3     1.79255         2     2.00995         6     2.17825         4     2.23904         5     2.52948
Frame      47688    pt_id     1         1     0.80797         3     1.80521         2     2.00309         6     2.18843         4     2.24310         5     2.57126
Frame      47689    pt_id     1         1     0.77414         3     1.79075         2     2.01400         6     2.16272         4     2.23194         5     2.51030
Frame      47690    pt_id     1         1     0.78358         3     1.75520         2     1.97108         6     2.12471         4     2.18685         5     2.49013
Frame      47691    pt_id     1         1     0.77306         3     1.73818         2     1.96093         6     2.11042         4     2.17413         5     2.45912
Frame      47692    pt_id     1         1     0.78577         3     1.72822         2     1.94981         6     2.11719         4     2.17150         5     2.45103
Frame      47693    pt_id     1         1     0.77916         3     1.71831         2     1.95260         6     2.10274         4     2.16647         5     2.42353
Frame      47694    pt_id     1         1     0.77717         3     1.71791         2     1.95528         6     2.10649         4     2.16788         5     2.41230
Frame      47695    pt_id     1         1     0.76849         3     1.71634         2     1.95304         6     2.10644         4     2.16775         5     2.40016
Frame      47696    pt_id     1         1     0.76578         3     1.71342         2     1.94860         6     2.11096         4     2.17174         5     2.39233
Frame      47697    pt_id     1         1     0.76965         3     1.69284         2     1.93603         6     2.10382         4     2.16605         5     2.36579
Frame      47698    pt_id     1         1     0.76302         3     1.68428         2     1.93591         6     2.09516         4     2.15975         5     2.35374
Frame      47699    pt_id     1         1     0.79299         3     1.69484         2     1.92145         6     2.11805         4     2.16429         5     2.40005
Frame      47700    pt_id     1         1     0.76845         3     1.72002         2     1.94510         6     2.13082         4     2.18368         5     2.41195
Frame      47701    pt_id     1         1     0.75594         3     1.72608         2     1.97045         6     2.13825         4     2.20188         5     2.39687
Frame      47702    pt_id     1         1     0.75455         3     1.73123         2     1.98591         6     2.12285         4     2.20144         5     2.39926
Frame      47703    pt_id     1         1     0.73349         3     1.74348         2     1.99288         6     2.13423         4     2.20924         5     2.40342
Frame      47704    pt_id     1         1     0.71690         3     1.74418         2     2.01381         6     2.12415         4     2.21663         5     2.37880
Frame      47705    pt_id     1         1     0.73715         3     1.74443         2     1.99893         6     2.12743         4     2.20997         5     2.40851
Frame      47706    pt_id     1         1     0.71696         3     1.75905         2     2.02273         6     2.13234         4     2.22498         5     2.39491
Frame      47707    pt_id     1         1     0.71716         3     1.76529         2     2.02228         6     2.14395         4     2.22969         5     2.41314
Frame      47708    pt_id     1         1     0.69717         3     1.75330         2     2.02085         6     2.13412         4     2.22500         5     2.37610
Frame      47709    pt_id     1         1     0.70766         3     1.74919         2     2.01734         6     2.13708         4     2.22553         5     2.37869
Frame      47710    pt_id     1         1     0.69639         3     1.74811         2     2.02824         6     2.14791         4     2.24074         5     2.35419
Frame      47711    pt_id     1         1     0.69991         3     1.74307         2     2.01416         6     2.13621         4     2.22893         5     2.36324
Frame      47712    pt_id     1         1     0.69625         3     1.74282         2     2.00148         6     2.14763         4     2.22633         5     2.37056
Frame      47713    pt_id     1         1     0.70003         3     1.73313         2     1.99828         6     2.13417         4     2.21676         5     2.36167
Frame      47714    pt_id     1         1     0.70935         3     1.74222         2     1.98813         6     2.14738         4     2.21781         5     2.39149
Frame      47715    pt_id     1         1     0.70413         3     1.75145         2     1.99631         6     2.16983         4     2.23636         5     2.39215
Frame      47716    pt_id     1         1     0.70773         3     1.74169         2     2.00016         6     2.16038         4     2.23525         5     2.38687
Frame      47717    pt_id     1         1     0.71961         3     1.73740         2     1.98652         6     2.15642         4     2.22576         5     2.39113
Frame      47718    pt_id     1         1     0.72475         3     1.76368         2     2.00724         6     2.19069         4     2.25660         5     2.40778
Frame      47719    pt_id     1         1     0.70494         3     1.78361         2     2.02839         6     2.20458         4     2.27646         5     2.40819
Frame      47720    pt_id     1         1     0.69870         3     1.78805         2     2.03763         6     2.20151         4     2.27752         5     2.40406
Frame      47721    pt_id     1         1     0.71113         3     1.80669         2     2.05624         6     2.22326         4     2.29531         5     2.41315
Frame      47722    pt_id     1         1     0.71975         3     1.81008         2     2.07118         6     2.22478         4     2.30539         5     2.41352
Frame      47723    pt_id     1         1     0.76520         3     1.80702         2     2.04264         6     2.24649         4     2.30391         5     2.46351
Frame      47724    pt_id     1         1     0.78673         3     1.78065         2     2.02312         6     2.22779         4     2.28502         5     2.45619
Frame      47725    pt_id     1         1     0.78834         3     1.76835         2     2.00844         6     2.21281         4     2.26872         5     2.44504
Frame      47726    pt_id     1         1     0.78690         3     1.77498         2     2.00823         6     2.22453         4     2.27557         5     2.45028
Frame      47727    pt_id     1         1     0.76964         3     1.76982         2     2.02271         6     2.21596         4     2.27876         5     2.42169
Frame      47728    pt_id     1         1     0.76700         3     1.74730         2     2.00702         6     2.18802         4     2.25345         5     2.39796
Frame      47729    pt_id     1         1     0.78163         3     1.73816         2     1.99275         6     2.18212         4     2.24044         5     2.40218
Frame      47730    pt_id     1         1     0.80457         3     1.75127         2     1.98493         6     2.19555         4     2.24169         5     2.44414
Frame      47731    pt_id     1         1     0.78067         3     1.74385         2     1.97023         6     2.18480         4     2.22944         5     2.43132
Frame      47732    pt_id     1         1     0.76460         3     1.74610         2     1.96627         6     2.18410         4     2.22926         5     2.42691
Frame      47733    pt_id     1         1     0.74353         3     1.75673         2     1.99116         6     2.17795         4     2.23639         5     2.40627
Frame      47734    pt_id     1         1     0.71852         3     1.76700         2     2.00339         6     2.18791         4     2.24952         5     2.39374
Frame      47735    pt_id     1         1     0.73200         3     1.77821         2     2.01194         6     2.19750         4     2.25851         5     2.41834
Frame      47736    pt_id     1         1     0.75398         3     1.76608         2     1.99552         6     2.18823         4     2.24105         5     2.42524
Frame      47737    pt_id     1         1     0.77203         3     1.77435         2     1.99278         6     2.19492         4     2.24464         5     2.45697
Frame      47738    pt_id     1         1     0.77014         3     1.78682         2     2.00729         6     2.20951         4     2.26205         5     2.46317
Frame      47739    pt_id     1         1     0.76641         3     1.78882         2     2.02354         6     2.20617         4     2.26844         5     2.44647
Frame      47740    pt_id     1         1     0.75407         3     1.77580         2     2.03742         6     2.18843         4     2.26625         5     2.40635
Frame      47741    pt_id     1         1     0.76415         3     1.79200         2     2.05213         6     2.21013         4     2.28586         5     2.42717
Frame      47742    pt_id     1         1     0.79644         3     1.78628         2     2.03728         6     2.21176         4     2.27860         5     2.45357
Frame      47743    pt_id     1         1     0.78586         3     1.78310         2     2.05518         6     2.20786         4     2.29141         5     2.42291
Frame      47744    pt_id     1         1     0.80054         3     1.80293         2     2.06691         6     2.22587         4     2.30557         5     2.45075
Frame      47745    pt_id     1         1     0.79321         3     1.80119         2     2.06758         6     2.21853         4     2.30139         5     2.44437
Frame      47746    pt_id     1         1     0.78891         3     1.81813         2     2.08699         6     2.22853         4     2.31821         5     2.45055
Frame      47747    pt_id     1         1     0.78209         3     1.80617         2     2.08663         6     2.22666         4     2.31582         5     2.42028
Frame      47748    pt_id     1         1     0.79346         3     1.79445         2     2.08039         6     2.20181         4     2.29754         5     2.42526
Frame      47749    pt_id     1         1     0.81827         3     1.78714         2     2.06386         6     2.19858         4     2.28917         5     2.45178
Frame      47750    pt_id     1         1     0.86069         3     1.79828         2     2.05041         6     2.21457         4     2.29122         5     2.51015
Frame      47751    pt_id     1         1     0.83827         3     1.76468         2     2.05295         6     2.16829         4     2.26656         5     2.44063
Frame      47752    pt_id     1         1     0.82434         3     1.75719         2     2.04473         6     2.16526         4     2.25921         5     2.42459
Frame      47753    pt_id     1         1     0.83514         3     1.76778         2     2.05945         6     2.17045         4     2.26610         5     2.43626
Frame      47754    pt_id     1         1     0.85734         3     1.78083         2     2.07151         6     2.18260         4     2.27763         5     2.45394
Frame      47755    pt_id     1         1     0.83331         3     1.79870         2     2.12798         6     2.19617         4     2.31877         5     2.41026
Frame      47756    pt_id     1         1     0.85935         3     1.80497         2     2.14788         6     2.20232         4     2.33345         5     2.41666
Frame      47757    pt_id     1         1     0.85373         3     1.81471         2     2.15450         6     2.20323         4     2.33703         5     2.42399
Frame      47758    pt_id     1         1     0.85909         3     1.83458         2     2.17655         6     2.22425         4     2.35972         5     2.42850
Frame      47759    pt_id     1         1     0.85278         3     1.84143         2     2.20846         6     2.21599         4     2.37054         5     2.40421
Frame      47760    pt_id     1         1     0.84430         3     1.84603         6     2.22229         2     2.23044         5     2.38417         4     2.38696
Frame      47761    pt_id     1         1     0.89031         3     1.87341         2     2.22624         6     2.26137         4     2.40664         5     2.46301
Frame      47762    pt_id     1         1     0.90610         3     1.89794         2     2.25637         6     2.27640         4     2.42891         5     2.47341
Frame      47763    pt_id     1         1     0.92237         3     1.90427         2     2.26490         6     2.29189         4     2.44582         5     2.48035
Frame      47764    pt_id     1         1     0.88521         3     1.88825         2     2.27791         6     2.28376         5     2.42785         4     2.45509
Frame      47765    pt_id     1         1     0.90570         3     1.85149         6     2.24255         2     2.24443         4     2.41309         5     2.41393
Frame      47766    pt_id     1         1     0.88226         3     1.83117         2     2.20184         6     2.22761         4     2.38059         5     2.40241
Frame      47767    pt_id     1         1     0.90602         3     1.84465         6     2.22263         2     2.23022         4     2.39191         5     2.41821
Frame      47768    pt_id     1         1     0.91628         3     1.82611         6     2.18549         2     2.22526         4     2.36458         5     2.40307
Frame      47769    pt_id     1         1     0.92507         3     1.83056         6     2.20644         2     2.21556         4     2.36995         5     2.41902
Frame      47770    pt_id     1         1     0.98672         3     1.82376         2     2.19852         6     2.20359         4     2.35426         5     2.45365
Frame      47771    pt_id     1         1     0.99692         3     1.81833         6     2.18129         2     2.22583         4     2.35514         5     2.41960
Frame      47772    pt_id     1         1     1.00794         3     1.83216         6     2.19494         2     2.24674         4     2.37351         5     2.42545
Frame      47773    pt_id     1         1     1.01092         3     1.81474         6     2.16418         2     2.23448         4     2.34641         5     2.41460
Frame      47774    pt_id     1         1     1.03840         3     1.82306         6     2.16578         2     2.23113         4     2.34036         5     2.44286
Frame      47775    pt_id     1         1     1.09420         3     1.85810         6     2.21133         2     2.22580         4     2.35829         5     2.53254
Frame      47776    pt_id     1         1     1.13215         3     1.86682         6     2.19916         2     2.26105         4     2.36569         5     2.53661
Frame      47777    pt_id     1         1     1.18413         3     1.86071         6     2.20235         2     2.24332         4     2.35236         5     2.56002
Frame      47778    pt_id     1         1     1.17815         3     1.87607         2     2.23541         6     2.24462         4     2.37804         5     2.58800
Frame      47779    pt_id     1         1     1.17207         3     1.88148         2     2.23777         6     2.24858         4     2.38412         5     2.58819
Frame      47780    pt_id     1         1     1.09273         3     1.86855         6     2.22779         2     2.24201         4     2.37869         5     2.52327
Frame      47781    pt_id     1         1     1.10298         3     1.85669         2     2.20316         6     2.23200         4     2.36103         5     2.55419
Frame      47782    pt_id     1         1     1.09180         3     1.83795         6     2.20395         2     2.21470         4     2.35339         5     2.50844
Frame      47783    pt_id     1         1     1.07294         3     1.83972         2     2.21034         6     2.21803         4     2.35991         5     2.50083
Frame      47784    pt_id     1         1     1.07655         3     1.81994         6     2.17901         2     2.19883         4     2.33434         5     2.48573
Frame      47785    pt_id     1         1     1.02958         3     1.80593         6     2.16026         2     2.21087         4     2.33212         5     2.42548
Frame      47786    pt_id     1         1     1.01574         3     1.79650         6     2.15560         2     2.21185         4     2.33352         5     2.40627
Frame      47787    pt_id     1         1     0.97975         3     1.78638         6     2.14097         2     2.21769         4     2.33309         5     2.36988
Frame      47788    pt_id     1         1     0.94518         3     1.76866         6     2.10513         2     2.24793         5     2.29023         4     2.32555
Frame      47789    pt_id     1         1     0.96404         3     1.77350         6     2.09511         2     2.26401         5     2.30327         4     2.32297
Frame      47790    pt_id     1         1     0.98973         3     1.77452         6     2.08277         2     2.28693         5     2.30073         4     2.32941
Frame      47791    pt_id     1         1     0.96557         3     1.76732         6     2.06721         5     2.23859         2     2.31694         4     2.33695
Frame      47792    pt_id     1         1     0.95058         3     1.77496         6     2.07641         5     2.23841         2     2.32317         4     2.34516
Frame      47793    pt_id     1         1     0.97422         3     1.75782         6     2.05950         5     2.25139         2     2.29247         4     2.31831
Frame      47794    pt_id     1         1     0.94079         3     1.80066         6     2.12509         5     2.22181         2     2.35766         4     2.39266
Frame      47795    pt_id     1         1     0.93765         3     1.80248         6     2.12705         5     2.21433         2     2.36699         4     2.39755
Frame      47796    pt_id     1         1     0.90618         3     1.83208         6     2.12814         5     2.17261         4     2.43196         2     2.43368
Frame      47797    pt_id     1         1     0.89301         3     1.84048         6     2.13353         5     2.15547         4     2.44823         2     2.45355
Frame      47798    pt_id     1         1     0.92610         3     1.84822         6     2.16015         5     2.21137         2     2.42104         4     2.44998
Frame      47799    pt_id     1         1     0.91359         3     1.83601         6     2.15432         5     2.17589         2     2.41784         4     2.44809
Frame      47800    pt_id     1         1     0.93406         3     1.83220         6     2.16767         5     2.19247         2     2.40127         4     2.44834
Frame      47801    pt_id     1         1     0.90490         3     1.85535         6     2.17044         5     2.17155         2     2.43386         4     2.46741
Frame      47802    pt_id     1         1     0.93668         3     1.84520         6     2.16991         5     2.19111         2     2.41737         4     2.46142
Frame      47803    pt_id     1         1     0.89982         3     1.85548         5     2.13663         6     2.15725         2     2.47569         4     2.48743
Frame      47804    pt_id     1         1     0.93326         3     1.81338         6     2.10700         5     2.13361         2     2.43552         4     2.43593
Frame      47805    pt_id     1         1     0.96261         3     1.79226         6     2.03601         5     2.10435         4     2.40619         2     2.46241
Frame      47806    pt_id     1         1     0.97130         3     1.77293         6     2.00584         5     2.09137         4     2.38369         2     2.45691
Frame      47807    pt_id     1         1     0.98892         3     1.75612         6     1.96155         5     2.07111         4     2.35608         2     2.46582
Frame      47808    pt_id     1         1     1.00701         3     1.75038         6     1.94260         5     2.07709         4     2.33792         2     2.46692
Frame      47809    pt_id     1         1     0.99047         3     1.76766         6     1.94346         5     2.07389         4     2.35044         2     2.49230
Frame      47810    pt_id     1         1     0.96614         3     1.77708         6     1.95769         5     2.06114         4     2.36509         2     2.50140
Frame      47811    pt_id     1         1     0.98618         3     1.77435         6     1.97836         5     2.09760         4     2.36571         2     2.47768
Frame      47812    pt_id     1         1     0.97836         3     1.76595         6     1.97490         5     2.09549         4     2.34744         2     2.45513
Frame      47813    pt_id     1         1     1.00122         3     1.77423         6     2.00377         5     2.14610         4     2.34430         2     2.42090
Frame      47814    pt_id     1         1     0.98704         3     1.81051         6     1.99906         5     2.14566         4     2.35493         2     2.47190
Frame      47815    pt_id     1         1     0.97237         3     1.83880         6     2.08385         5     2.18899         4     2.39373         2     2.44208
Frame      47816    pt_id     1         1     0.98799         3     1.84130         6     2.13624         5     2.27236         2     2.36715         4     2.38783
Frame      47817    pt_id     1         1     0.96297         3     1.85540         6     2.16952         5     2.27446         2     2.37038         4     2.41510
Frame      47818    pt_id     1         1     0.96850         3     1.87254         6     2.20038         5     2.29169         2     2.38078         4     2.44377
Frame      47819    pt_id     1         1     0.99925         3     1.86086         6     2.19754         5     2.30915         2     2.35970         4     2.43072
Frame      47820    pt_id     1         1     0.98290         3     1.84233         6     2.16275         5     2.28044         2     2.35741         4     2.40552
Frame      47821    pt_id     1         1     0.96423         3     1.83120         6     2.14716         5     2.26785         2     2.34199         4     2.38387
Frame      47822    pt_id     1         1     0.98517         3     1.83734         6     2.14230         5     2.27952         2     2.35714         4     2.39112
Frame      47823    pt_id     1         1     1.00270         3     1.81435         6     2.11768         5     2.28985         2     2.33441         4     2.36415
Frame      47824    pt_id     1         1     1.02083         3     1.82271         6     2.16964         5     2.32110         2     2.32800         4     2.40115
Frame      47825    pt_id     1         1     1.00787         3     1.81587         6     2.14463         5     2.30655         2     2.33488         4     2.38838
Frame      47826    pt_id     1         1     1.01627         3     1.81500         6     2.12592         5     2.26861         2     2.37193         4     2.39331
Frame      47827    pt_id     1         1     1.04826         3     1.81958         6     2.14262         5     2.29673         2     2.37302         4     2.40142
Frame      47828    pt_id     1         1     1.03633         3     1.80193         6     2.12312         5     2.27710         2     2.36570         4     2.38801
Frame      47829    pt_id     1         1     1.01862         3     1.79219         6     2.10744         5     2.26612         2     2.36155         4     2.37805
Frame      47830    pt_id     1         1     1.01685         3     1.79237         6     2.09778         5     2.27554         2     2.34849         4     2.36769
Frame      47831    pt_id     1         1     1.05909         3     1.79364         6     2.11085         5     2.32313         2     2.32391         4     2.36359
Frame      47832    pt_id     1         1     1.02022         3     1.78177         6     2.09668         5     2.28955         2     2.32809         4     2.35963
Frame      47833    pt_id     1         1     0.99415         3     1.77283         6     2.07518         5     2.23062         2     2.36199         4     2.36580
Frame      47834    pt_id     1         1     0.99964         3     1.74815         6     2.03691         5     2.23588         4     2.31697         2     2.31859
Frame      47835    pt_id     1         1     0.98926         3     1.73324         6     2.02511         5     2.23415         2     2.29260         4     2.29713
Frame      47836    pt_id     1         1     0.99777         3     1.71956         6     2.03069         2     2.25228         5     2.25914         4     2.28646
Frame      47837    pt_id     1         1     0.94624         3     1.71891         6     2.02254         5     2.22036         2     2.26140         4     2.29027
Frame      47838    pt_id     1         1     0.91699         3     1.70417         6     1.99063         5     2.17631         2     2.25925         4     2.26796
Frame      47839    pt_id     1         1     0.93672         3     1.68461         6     1.97507         5     2.15727         2     2.25391         4     2.25896
Frame      47840    pt_id     1         1     0.95817         3     1.67594         6     1.97796         5     2.17498         2     2.23872         4     2.25171
Frame      47841    pt_id     1         1     0.91884         3     1.67052         6     1.96842         5     2.11998         4     2.26357         2     2.26838
Frame      47842    pt_id     1         1     0.95737         3     1.64050         6     1.93346         5     2.12737         4     2.21663         2     2.22650
Frame      47843    pt_id     1         1     0.96114         3     1.63614         6     1.93899         5     2.14517         2     2.19564         4     2.20611
Frame      47844    pt_id     1         1     0.94785         3     1.62651         6     1.92586         5     2.12970         2     2.19462         4     2.19968
Frame      47845    pt_id     1         1     0.97043         3     1.61752         6     1.92310         5     2.15445         2     2.17776         4     2.19254
Frame      47846    pt_id     1         1     0.94010         3     1.60176         6     1.90216         5     2.13065         2     2.15978         4     2.16842
Frame      47847    pt_id     1         1     0.95044         3     1.60770         6     1.94400         2     2.11187         4     2.16704         5     2.18638
Frame      47848    pt_id     1         1     0.96494         3     1.59646         6     1.91637         2     2.10224         4     2.14159         5     2.19560
Frame      47849    pt_id     1         1     0.94793         3     1.59448         6     1.93053         2     2.05769         4     2.12667         5     2.23065
Frame      47850    pt_id     1         1     0.95638         3     1.56668         6     1.92027         2     1.99018         4     2.08515         5     2.25659
Frame      47851    pt_id     1         1     0.97623         3     1.54843         6     1.91157         2     1.93715         4     2.05253         5     2.30169
Frame      47852    pt_id     1         1     0.93764         3     1.57644         2     1.93090         6     1.95633         4     2.07716         5     2.33309
Frame      47853    pt_id     1         1     0.91475         3     1.55823         2     1.90773         6     1.93392         4     2.05337         5     2.31512
Frame      47854    pt_id     1         1     0.90743         3     1.55307         2     1.88401         6     1.93317         4     2.03846         5     2.33379
Frame      47855    pt_id     1         1     0.88460         3     1.54997         2     1.86581         6     1.93982         4     2.03223         5     2.32622
Frame      47856    pt_id     1         1     0.87421         3     1.54561         2     1.85967         6     1.92588         4     2.02007         5     2.32935
Frame      47857    pt_id     1         1     0.86990         3     1.51201         2     1.83310         6     1.87488         4     1.97347         5     2.31546
Frame      47858    pt_id     1         1     0.86092         3     1.51542         2     1.82375         6     1.90348         4     1.99064         5     2.32168
Frame      47859    pt_id     1         1     0.84936         3     1.51653         2     1.83919         6     1.89936         4     1.99511         5     2.30081
Frame      47860    pt_id     1         1     0.81879         3     1.53084         2     1.86623         6     1.90270         4     2.00998         5     2.28321
Frame      47861    pt_id     1         1     0.80195         3     1.53894         2     1.88424         6     1.89043         4     2.01466         5     2.26931
Frame      47862    pt_id     1         1     0.80043         3     1.52758         6     1.87178         2     1.89205         4     2.00720         5     2.23997
Frame      47863    pt_id     1         1     0.80768         3     1.54673         2     1.89117         6     1.91548         4     2.03082         5     2.27290
Frame      47864    pt_id     1         1     0.79903         3     1.55597         2     1.89490         6     1.95795         4     2.06181         5     2.26375
Frame      47865    pt_id     1         1     0.79217         3     1.55473         2     1.89763         6     1.94091         4     2.04914         5     2.25504
Frame      47866    pt_id     1         1     0.78917         3     1.56517         2     1.90388         6     1.97676         4     2.07527         5     2.24758
Frame      47867    pt_id     1         1     0.80975         3     1.57797         2     1.90051         6     1.99137         4     2.08453         5     2.26911
Frame      47868    pt_id     1         1     0.79464         3     1.58088         2     1.88761         6     1.99926         4     2.08301         5     2.27285
Frame      47869    pt_id     1         1     0.77768         3     1.57433         2     1.86824         6     1.98418         4     2.06279         5     2.26616
Frame      47870    pt_id     1         1     0.75158         3     1.56465         2     1.88455         6     1.96302         4     2.05871         5     2.21408
Frame      47871    pt_id     1         1     0.73822         3     1.55688         2     1.89056         6     1.95945         4     2.05693         5     2.17508
Frame      47872    pt_id     1         1     0.74266         3     1.54351         2     1.86094         6     1.95170         4     2.03700         5     2.19237
Frame      47873    pt_id     1         1     0.73171         3     1.53309         2     1.85537         6     1.91693         4     2.01062         5     2.17731
Frame      47874    pt_id     1         1     0.76185         3     1.53718         2     1.82910         6     1.90954         4     1.98875         5     2.22928
Frame      47875    pt_id     1         1     0.75996         3     1.53941         2     1.83526         6     1.92910         4     2.00937         5     2.22357
Frame      47876    pt_id     1         1     0.75604         3     1.55069         2     1.83334         6     1.91565         4     1.99830         5     2.25845
Frame      47877    pt_id     1         1     0.72339         3     1.54858         2     1.85449         6     1.91799         4     2.01037         5     2.21712
Frame      47878    pt_id     1         1     0.72046         3     1.56526         2     1.88599         6     1.92934         4     2.03414         5     2.21304
Frame      47879    pt_id     1         1     0.72373         3     1.56963         2     1.87994         6     1.94801         4     2.04541         5     2.23425
Frame      47880    pt_id     1         1     0.72765         3     1.58826         2     1.88475         6     1.99113         4     2.07601         5     2.25716
Frame      47881    pt_id     1         1     0.74535         3     1.59219         2     1.86502         6     1.99722         4     2.06998         5     2.30068
Frame      47882    pt_id     1         1     0.73638         3     1.61865         2     1.89156         6     2.02279         4     2.10125         5     2.30578
Frame      47883    pt_id     1         1     0.74717         3     1.63887         2     1.89401         6     2.07127         4     2.13413         5     2.32923
Frame      47884    pt_id     1         1     0.72068         3     1.65484         2     1.92415         6     2.08814         4     2.16231         5     2.30794
Frame      47885    pt_id     1         1     0.72152         3     1.65512         2     1.91590         6     2.08868         4     2.15688         5     2.31567
Frame      47886    pt_id     1         1     0.71877         3     1.65578         2     1.92403         6     2.09664         4     2.16482         5     2.29616
Frame      47887    pt_id     1         1     0.73128         3     1.66084         2     1.91522         6     2.09926         4     2.16047         5     2.31661
Frame      47888    pt_id     1         1     0.74925         3     1.65233         2     1.88818         6     2.10494         4     2.14958         5     2.33405
Frame      47889    pt_id     1         1     0.74589         3     1.65835         2     1.89832         6     2.11493         4     2.15798         5     2.32029
Frame      47890    pt_id     1         1     0.74273         3     1.66227         2     1.91103         6     2.09878         4     2.15448         5     2.31735
Frame      47891    pt_id     1         1     0.72370         3     1.66103         2     1.91607         6     2.09776         4     2.15652         5     2.29615
Frame      47892    pt_id     1         1     0.73243         3     1.66526         2     1.91590         6     2.11163         4     2.16019         5     2.30297
Frame      47893    pt_id     1         1     0.72988         3     1.65527         2     1.91073         6     2.08596         4     2.14267         5     2.30573
Frame      47894    pt_id     1         1     0.74450         3     1.64578         2     1.90030         6     2.07347         4     2.12792         5     2.31453
Frame      47895    pt_id     1         1     0.75053         3     1.65880         2     1.91148         6     2.08757         4     2.14003         5     2.32192
Frame      47896    pt_id     1         1     0.74562         3     1.67182         2     1.92092         6     2.12373         4     2.16994         5     2.32448
Frame      47897    pt_id     1         1     0.74425         3     1.66397         2     1.91810         6     2.12100         4     2.16897         5     2.32078
Frame      47898    pt_id     1         1     0.75159         3     1.64860         2     1.88648         6     2.09927         4     2.13751         5     2.33960
Frame      47899    pt_id     1         1     0.77708         3     1.64190         2     1.85711         6     2.09283         4     2.11784         5     2.38595
Frame      47900    pt_id     1         1     0.78301         3     1.62554         2     1.82934         6     2.08304         4     2.09554         5     2.38950
Frame      47901    pt_id     1         1     0.80288         3     1.62129         2     1.81489         6     2.08130         4     2.08858         5     2.41386
Frame      47902    pt_id     1         1     0.80862         3     1.59839         2     1.78509         6     2.05096         4     2.05745         5     2.42196
Frame      47903    pt_id     1         1     0.81339         3     1.60739         2     1.78884         6     2.06933         4     2.07085         5     2.43288
Frame      47904    pt_id     1         1     0.82289         3     1.57719         2     1.75587         4     2.03832         6     2.04022         5     2.42455
Frame      47905    pt_id     1         1     0.80733         3     1.54544         2     1.74380         6     2.01037         4     2.01962         5     2.38858
Frame      47906    pt_id     1         1     0.82558         3     1.51465         2     1.71812         6     1.96298         4     1.97977         5     2.39224
Frame      47907    pt_id     1         1     0.82020         3     1.50476         2     1.69815         6     1.94002         4     1.95268         5     2.38771
Frame      47908    pt_id     1         1     0.80846         3     1.50204         2     1.71415         6     1.93539         4     1.95824         5     2.35539
Frame      47909    pt_id     1         1     0.78532         3     1.48602         2     1.72485         6     1.92571         4     1.95885         5     2.28388
Frame      47910    pt_id     1         1     0.80007         3     1.47346         2     1.70772         6     1.90977         4     1.93947         5     2.29519
Frame      47911    pt_id     1         1     0.81053         3     1.46980         2     1.70433         6     1.91017         4     1.93619         5     2.29267
Frame      47912    pt_id     1         1     0.79916         3     1.47589         2     1.72732         6     1.92160         4     1.95639         5     2.26293
Frame      47913    pt_id     1         1     0.77039         3     1.47165         2     1.75245         6     1.89781         4     1.95567         5     2.21495
Frame      47914    pt_id     1         1     0.73742         3     1.48908         2     1.79417         6     1.90814         4     1.98291         5     2.17744
Frame      47915    pt_id     1         1     0.74708         3     1.51612         2     1.81976         6     1.92887         4     2.00406         5     2.19220
Frame      47916    pt_id     1         1     0.75134         3     1.53691         2     1.83922         6     1.94895         4     2.02381         5     2.19920
Frame      47917    pt_id     1         1     0.75255         3     1.55148         2     1.88397         6     1.95612         4     2.05039         5     2.17962
Frame      47918    pt_id     1         1     0.74698         3     1.54777         2     1.88358         6     1.94381         4     2.04420         5     2.17010
Frame      47919    pt_id     1         1     0.76951         3     1.56355         2     1.90069         6     1.95577         4     2.06005         5     2.20213
Frame      47920    pt_id     1         1     0.76574         3     1.60110         2     1.93436         6     2.01166         4     2.11256         5     2.21306
Frame      47921    pt_id     1         1     0.77232         3     1.62041         2     1.95499         6     2.03241         4     2.13384         5     2.22358
Frame      47922    pt_id     1         1     0.79381         3     1.59666         2     1.94634         6     1.98190         4     2.09763         5     2.20912
Frame      47923    pt_id     1         1     0.82924         3     1.58788         2     1.92673         6     1.97644         4     2.08006         5     2.23266
Frame      47924    pt_id     1         1     0.86191         3     1.57902         2     1.89098         6     1.97001         4     2.05733         5     2.27559
Frame      47925    pt_id     1         1     0.86198         3     1.55820         2     1.87905         6     1.93173         4     2.02903         5     2.26522
Frame      47926    pt_id     1         1     0.88270         3     1.54926         2     1.87644         6     1.93135         4     2.02530         5     2.26082
Frame      47927    pt_id     1         1     0.91383         3     1.53998         2     1.83665         6     1.94405         4     2.01391         5     2.30703
Frame      47928    pt_id     1         1     0.95782         3     1.54284         2     1.84676         6     1.93966         4     2.01045         5     2.33315
Frame      47929    pt_id     1         1     0.94154         3     1.55015         2     1.84465         6     1.94167         4     2.01260         5     2.33751
Frame      47930    pt_id     1         1     0.94923         3     1.52847         2     1.85366         6     1.90724         4     2.00033         5     2.31298
Frame      47931    pt_id     1         1     0.94847         3     1.51297         2     1.85165         6     1.88021         4     1.98620         5     2.28458
Frame      47932    pt_id     1         1     0.92251         3     1.54167         2     1.87640         6     1.93150         4     2.03453         5     2.28414
Frame      47933    pt_id     1         1     0.91487         3     1.55061         2     1.89379         6     1.94774         4     2.05459         5     2.27258
Frame      47934    pt_id     1         1     0.88582         3     1.57918         2     1.95034         6     1.97020         4     2.09823         5     2.23690
Frame      47935    pt_id     1         1     0.88751         3     1.60587         2     1.97078         6     2.01548         4     2.13284         5     2.24869
Frame      47936    pt_id     1         1     0.85568         3     1.61551         2     1.99527         6     2.01915         4     2.14799         5     2.21727
Frame      47937    pt_id     1         1     0.81890         3     1.64564         6     2.03554         2     2.06012         5     2.17811         4     2.19142
Frame      47938    pt_id     1         1     0.78621         3     1.68032         6     2.07743         2     2.10706         5     2.15259         4     2.24791
Frame      47939    pt_id     1         1     0.77694         3     1.68875         6     2.08488         5     2.11810         2     2.15275         4     2.27917
Frame      47940    pt_id     1         1     0.77941         3     1.69836         6     2.07277         5     2.10771         2     2.16936         4     2.27584
Frame      47941    pt_id     1         1     0.80654         3     1.71082         6     2.09544         5     2.15005         2     2.17868         4     2.29108
Frame      47942    pt_id     1         1     0.85371         3     1.71770         6     2.10190         2     2.18445         5     2.18743         4     2.29457
Frame      47943    pt_id     1         1     0.85309         3     1.74696         6     2.11825         5     2.16457         2     2.25229         4     2.33735
Frame      47944    pt_id     1         1     0.88429         3     1.74993         6     2.06740         5     2.11854         2     2.33432         4     2.34383
Frame      47945    pt_id     1         1     0.93047         3     1.75279         6     2.07340         5     2.13377         2     2.34693         4     2.35781
Frame      47946    pt_id     1         1     0.96513         3     1.77220         6     2.09591         5     2.17974         2     2.35298         4     2.37439
Frame      47947    pt_id     1         1     1.00280         3     1.77805         6     2.10998         5     2.20786         2     2.34924         4     2.37907
Frame      47948    pt_id     1         1     0.99927         3     1.78799         6     2.12122         5     2.20757         2     2.37047         4     2.39623
Frame      47949    pt_id     1         1     1.03749         3     1.79177         6     2.11171         5     2.22568         2     2.37658         4     2.39022
Frame      47950    pt_id     1         1     1.02330         3     1.80950         6     2.14361         5     2.24716         2     2.38234         4     2.41427
Frame      47951    pt_id     1         1     1.00468         3     1.82665         6     2.14662         5     2.20681         2     2.43090         4     2.44039
Frame      47952    pt_id     1         1     1.00401         3     1.82710         6     2.14379         5     2.20663         2     2.43606         4     2.44248
Frame      47953    pt_id     1         1     1.03484         3     1.81867         6     2.12794         5     2.21932         2     2.43159         4     2.43188
Frame      47954    pt_id     1         1     1.01967         3     1.81330         6     2.12279         5     2.21887         2     2.40911         4     2.41404
Frame      47955    pt_id     1         1     1.00423         3     1.80999         6     2.07602         5     2.18136         4     2.40019         2     2.43808
Frame      47956    pt_id     1         1     0.97641         3     1.80257         6     2.04398         5     2.12929         4     2.39420         2     2.46426
Frame      47957    pt_id     1         1     0.99554         3     1.79570         6     2.01631         5     2.12118         4     2.37932         2     2.47194
Frame      47958    pt_id     1         1     1.04334         3     1.79177         6     2.02481         5     2.16282         4     2.36981         2     2.45292
Frame      47959    pt_id     1         1     1.03842         3     1.76383         6     2.01356         5     2.16139         4     2.33794         2     2.40180
Frame      47960    pt_id     1         1     1.06011         3     1.75480         6     2.01793         5     2.16220         4     2.33429         2     2.39378
Frame      47961    pt_id     1         1     1.04286         3     1.73897         6     1.99948         5     2.17471         4     2.30208         2     2.35006
Frame      47962    pt_id     1         1     1.03907         3     1.72658         6     1.95932         5     2.11342         4     2.29963         2     2.38602
Frame      47963    pt_id     1         1     1.01618         3     1.69451         6     1.94635         5     2.12746         4     2.25391         2     2.30841
Frame      47964    pt_id     1         1     1.05076         3     1.67266         6     1.97253         5     2.18933         2     2.22969         4     2.23943
Frame      47965    pt_id     1         1     1.04668         3     1.65078         6     1.98564         2     2.16815         4     2.21762         5     2.21988
Frame      47966    pt_id     1         1     1.10061         3     1.60315         6     1.94253         2     2.09510         4     2.15317         5     2.25756
Frame      47967    pt_id     1         1     1.08238         3     1.55742         6     1.90092         2     2.04060         4     2.10383         5     2.23795
Frame      47968    pt_id     1         1     1.04328         3     1.52885         6     1.83902         2     2.04289         4     2.07539         5     2.18276
Frame      47969    pt_id     1         1     1.04021         3     1.50627         6     1.80991         2     2.02499         4     2.04604         5     2.17575
Frame      47970    pt_id     1         1     1.06554         3     1.46966         6     1.75602         2     1.99496         4     1.99873         5     2.16571
Frame      47971    pt_id     1         1     1.09929         3     1.44240         6     1.72376         4     1.96723         2     1.97276         5     2.16439
Frame      47972    pt_id     1         1     1.09653         3     1.42239         6     1.71038         2     1.89662         4     1.91240         5     2.21416
Frame      47973    pt_id     1         1     1.07332         3     1.40536         6     1.65853         4     1.89247         2     1.91718         5     2.16243
Frame      47974    pt_id     1         1     1.06774         3     1.37839         6     1.63755         4     1.85444         2     1.87558         5     2.16548
Frame      47975    pt_id     1         1     1.05345         3     1.36578         6     1.59931         4     1.83847         2     1.88969         5     2.12595
Frame      47976    pt_id     1         1     1.02369         3     1.36579         6     1.60373         4     1.84888         2     1.90447         5     2.08840
Frame      47977    pt_id     1         1     0.99430         3     1.38263         6     1.57862         4     1.87375         2     1.97816         5     2.02299
Frame      47978    pt_id     1         1     1.00393         3     1.36628         6     1.56986         4     1.84617         2     1.94561         5     2.02967
Frame      47979    pt_id     1         1     0.96141         3     1.36897         6     1.53347         4     1.85546         5     1.94963         2     2.00832
Frame      47980    pt_id     1         1     0.92254         3     1.37053         6     1.53856         4     1.86512         5     1.93240         2     2.01537
Frame      47981    pt_id     1         1     0.92254         3     1.37053         6     1.53856         4     1.86512         5     1.93240         2     2.01537
Frame      47982    pt_id     1         1     0.92254         3     1.37053         6     1.53856         4     1.86512         5     1.93240         2     2.01537
Frame      47983    pt_id     1         1     0.92254         3     1.37053         6     1.53856         4     1.86512         5     1.93240         2     2.01537
Frame      48011    pt_id     2         1     1.51294         3     2.18198         2     2.48600         6     2.49919         4     2.62903         5     3.02657
Frame      48012    pt_id     2         1     1.49493         3     2.17351         2     2.42154         6     2.51347         4     2.60951         5     3.07415
Frame      48013    pt_id     2         1     1.43384         3     2.19663         6     2.46878         2     2.47830         4     2.60921         5     3.04084
Frame      48014    pt_id     2         1     1.39370         3     2.18374         2     2.46128         6     2.49373         4     2.61734         5     2.99359
Frame      48015    pt_id     2         1     1.33538         3     2.17246         6     2.45838         2     2.50751         4     2.62070         5     2.91953
Frame      48016    pt_id     2         1     1.33979         3     2.17207         6     2.44807         2     2.51198         4     2.61876         5     2.91628
Frame      48017    pt_id     2         1     1.36701         3     2.19539         6     2.45855         2     2.56312         4     2.64954         5     2.91623
Frame      48018    pt_id     2         1     1.39212         3     2.19667         6     2.47687         2     2.54638         4     2.65197         5     2.94562
Frame      48019    pt_id     2         1     1.34091         3     2.15433         6     2.42368         2     2.52207         4     2.61374         5     2.88026
Frame      48020    pt_id     2         1     1.33650         3     2.13691         6     2.40000         2     2.52966         4     2.60216         5     2.83823
Frame      48021    pt_id     2         1     1.33709         3     2.10966         6     2.36608         2     2.51549         4     2.57581         5     2.80783
Frame      48022    pt_id     2         1     1.26845         3     2.04289         6     2.28141         2     2.47764         4     2.51148         5     2.71028
Frame      48023    pt_id     2         1     1.24740         3     1.98742         6     2.24114         2     2.43231         4     2.47073         5     2.65298
Frame      48024    pt_id     2         1     1.23951         3     1.96047         6     2.20503         2     2.42950         4     2.45112         5     2.61788
Frame      48025    pt_id     2         1     1.23664         3     1.89768         6     2.15701         2     2.34150         4     2.38178         5     2.59890
Frame      48026    pt_id     2         1     1.20364         3     1.83019         6     2.10893         2     2.26035         4     2.31366         5     2.55269
Frame      48027    pt_id     2         1     1.17756         3     1.76279         6     2.06576         2     2.16568         4     2.24181         5     2.52221
Frame      48028    pt_id     2         1     1.14366         3     1.71472         6     2.01865         2     2.12461         4     2.19587         5     2.47267
Frame      48029    pt_id     2         1     1.18053         3     1.72089         6     2.02950         2     2.12293         4     2.19861         5     2.49317
Frame      48030    pt_id     2         1     1.18221         3     1.69609         6     2.02776         2     2.08210         4     2.17893         5     2.49812
Frame      48031    pt_id     2         1     1.14347         3     1.66117         6     2.00885         2     2.02333         4     2.13665         5     2.48265
Frame      48032    pt_id     2         1     1.17413         3     1.65645         6     2.00580         2     2.02042         4     2.13150         5     2.49339
Frame      48033    pt_id     2         1     1.18873         3     1.64455         6     2.00410         2     2.00942         4     2.12441         5     2.49480
Frame      48034    pt_id     2         1     1.16842         3     1.61320         2     1.94873         6     1.98042         4     2.07834         5     2.49142
Frame      48035    pt_id     2         1     1.16842         3     1.61320         2     1.94873         6     1.98042         4     2.07834         5     2.49142
Frame      48036    pt_id     2         1     1.16842         3     1.61320         2     1.94873         6     1.98042         4     2.07834         5     2.49142
Frame      48037    pt_id     2         1     1.16842         3     1.61320         2     1.94873         6     1.98042         4     2.07834         5     2.49142
Frame      48051    pt_id     3         1     1.72052         3     2.63512         6     2.90019         2     2.95042         4     3.06569         5     3.27439
Frame      48052    pt_id     3         1     1.66853         3     2.62357         6     2.85960         2     3.02798         4     3.07401         5     3.18552
Frame      48053    pt_id     3         1     1.57412         3     2.62220         6     2.78691         5     3.04408         4     3.08878         2     3.14322
Frame      48054    pt_id     3         1     1.54776         3     2.59187         6     2.75134         5     3.01469         4     3.06101         2     3.11620
Frame      48055    pt_id     3         1     1.46757         3     2.49060         6     2.67675         5     2.93621         4     2.97841         2     3.00570
Frame      48056    pt_id     3         1     1.46528         3     2.41812         6     2.61751         4     2.90454         5     2.91215         2     2.91939
Frame      48057    pt_id     3         1     1.46805         3     2.41213         6     2.64085         2     2.88585         4     2.90145         5     2.92300
Frame      48058    pt_id     3         1     1.43936         3     2.35478         6     2.59032         2     2.82527         4     2.84630         5     2.88467
Frame      48059    pt_id     3         1     1.40811         3     2.33893         6     2.55102         5     2.83185         4     2.84046         2     2.85382
Frame      48060    pt_id     3         1     1.42581         3     2.28690         6     2.50316         4     2.78084         2     2.79722         5     2.81830
Frame      48061    pt_id     3         1     1.35901         3     2.21336         6     2.43730         5     2.72360         4     2.73654         2     2.75777
Frame      48062    pt_id     3         1     1.26425         3     2.12458         6     2.35317         5     2.63443         4     2.65087         2     2.66547
Frame      48063    pt_id     3         1     1.22205         3     2.06794         6     2.31970         2     2.58532         4     2.59865         5     2.60556
Frame      48064    pt_id     3         1     1.20767         3     1.99118         6     2.25624         2     2.49815         4     2.51893         5     2.56592
Frame      48065    pt_id     3         1     1.19343         3     1.93866         6     2.21740         2     2.43775         4     2.46716         5     2.53899
Frame      48066    pt_id     3         1     1.16390         3     1.90110         6     2.16857         2     2.41951         4     2.42806         5     2.48158
Frame      48067    pt_id     3         1     1.10822         3     1.85713         6     2.12208         2     2.38494         4     2.38977         5     2.42172
Frame      48068    pt_id     3         1     1.09389         3     1.85092         6     2.13039         2     2.38468         4     2.39355         5     2.40497
Frame      48069    pt_id     3         1     1.09998         3     1.80175         6     2.10858         2     2.29239         4     2.33433         5     2.42096
Frame      48070    pt_id     3         1     1.07782         3     1.78912         6     2.10244         2     2.26373         4     2.32218         5     2.42142
Frame      48071    pt_id     3         1     1.09913         3     1.76357         6     2.07252         2     2.20805         4     2.27003         5     2.44194
Frame      48072    pt_id     3         1     1.17134         3     1.73979         6     2.05360         2     2.19334         4     2.25199         5     2.45352
Frame      48073    pt_id     3         1     1.18479         3     1.69178         6     2.01249         2     2.13304         4     2.19916         5     2.44853
Frame      48074    pt_id     3         1     1.16419         3     1.66823         6     1.98700         2     2.11475         4     2.17700         5     2.42556
Frame      48075    pt_id     3         1     1.18408         3     1.65826         6     1.94095         2     2.11608         4     2.14607         5     2.41813
Frame      48076    pt_id     3         1     1.18408         3     1.65826         6     1.94095         2     2.11608         4     2.14607         5     2.41813
Frame      48077    pt_id     3         1     1.18408         3     1.65826         6     1.94095         2     2.11608         4     2.14607         5     2.41813
Frame      48089    pt_id     4         1     1.28601         3     2.19127         2     2.39702         6     2.52695         4     2.61019         5     2.98742
Frame      48090    pt_id     4         1     1.30707         3     2.28026         2     2.52374         6     2.67662         4     2.77592         5     3.04370
Frame      48091    pt_id     4         1     1.30353         3     2.27004         6     2.59011         2     2.60235         4     2.76570         5     2.94735
Frame      48092    pt_id     4         1     1.25540         3     2.21485         2     2.50822         6     2.55865         4     2.70058         5     2.93232
Frame      48093    pt_id     4         1     1.25546         3     2.19485         2     2.43734         6     2.55605         4     2.66064         5     2.97193
Frame      48094    pt_id     4         1     1.26697         3     2.17507         2     2.42673         6     2.52561         4     2.63872         5     2.96030
Frame      48095    pt_id     4         1     1.27553         3     2.12260         2     2.36353         6     2.48916         4     2.58775         5     2.95070
Frame      48096    pt_id     4         1     1.24224         3     2.08481         2     2.33304         6     2.44351         4     2.54611         5     2.90674
Frame      48097    pt_id     4         1     1.19731         3     2.02601         2     2.27787         6     2.37503         4     2.47782         5     2.84748
Frame      48098    pt_id     4         1     1.15014         3     1.96030         2     2.21044         6     2.31482         4     2.40967         5     2.78558
Frame      48099    pt_id     4         1     1.12021         3     1.92844         2     2.19893         6     2.27745         4     2.38562         5     2.74300
Frame      48100    pt_id     4         1     1.09172         3     1.85613         2     2.12197         6     2.19453         4     2.29857         5     2.69375
Frame      48101    pt_id     4         1     1.06521         3     1.78440         2     2.02106         6     2.15464         4     2.22859         5     2.66839
Frame      48102    pt_id     4         1     1.05484         3     1.72622         2     1.98464         6     2.08823         4     2.17158         5     2.60998
Frame      48103    pt_id     4         1     1.00726         3     1.66629         2     1.96668         6     2.00334         4     2.11318         5     2.51358
Frame      48104    pt_id     4         1     0.98111         3     1.62026         2     1.93514         6     1.93770         4     2.05507         5     2.45820
Frame      48105    pt_id     4         1     0.93602         3     1.60313         6     1.90737         2     1.92706         4     2.03251         5     2.41645
Frame      48106    pt_id     4         1     0.90044         3     1.56815         6     1.88042         2     1.90018         4     2.00541         5     2.36947
Frame      48107    pt_id     4         1     0.90078         3     1.54918         6     1.87043         2     1.89031         4     1.99675         5     2.35384
Frame      48108    pt_id     4         1     0.92401         3     1.53599         6     1.84159         2     1.89426         4     1.98337         5     2.34618
Frame      48109    pt_id     4         1     0.94420         3     1.50632         2     1.81895         6     1.82024         4     1.92877         5     2.37769
Frame      48110    pt_id     4         1     0.89372         3     1.48435         6     1.79871         2     1.81613         4     1.91587         5     2.31016
Frame      48111    pt_id     4         1     0.87159         3     1.48456         6     1.77840         2     1.82753         4     1.90768         5     2.28698
Frame      48112    pt_id     4         1     0.87159         3     1.48456         6     1.77840         2     1.82753         4     1.90768         5     2.28698
Frame      48113    pt_id     4         1     0.87159         3     1.48456         6     1.77840         2     1.82753         4     1.90768         5     2.28698
Frame      48114    pt_id     4         1     0.87159         3     1.48456         6     1.77840         2     1.82753         4     1.90768         5     2.28698
Frame      48126    pt_id     5         1     0.95787         3     2.42652         2     2.67953         6     2.80123         5     2.89817         4     2.94895
Frame      48127    pt_id     5         1     1.01783         3     2.32186         2     2.52083         6     2.71660         4     2.81179         5     2.93877
Frame      48128    pt_id     5         1     0.93860         3     2.17898         2     2.44039         6     2.54787         4     2.68086         5     2.75235
Frame      48129    pt_id     5         1     0.90073         3     2.17456         2     2.47836         6     2.54718         5     2.67151         4     2.70116
Frame      48130    pt_id     5         1     0.88843         3     2.13608         2     2.45475         6     2.52793         5     2.62361         4     2.68424
Frame      48131    pt_id     5         1     0.87994         3     2.09794         2     2.41267         6     2.48639         5     2.60584         4     2.63613
Frame      48132    pt_id     5         1     0.89518         3     2.06536         2     2.36227         6     2.45186         4     2.58790         5     2.62292
Frame      48133    pt_id     5         1     0.89414         3     2.00519         2     2.30092         6     2.37535         4     2.50676         5     2.60072
Frame      48134    pt_id     5         1     0.89782         3     1.97474         2     2.26410         6     2.34488         4     2.47098         5     2.59470
Frame      48135    pt_id     5         1     0.86867         3     1.94292         2     2.23905         6     2.31957         4     2.44507         5     2.54886
Frame      48136    pt_id     5         1     0.86486         3     1.85806         2     2.16161         6     2.22869         4     2.35135         5     2.49687
Frame      48137    pt_id     5         1     0.85589         3     1.80461         2     2.11413         6     2.17188         4     2.29414         5     2.46144
Frame      48138    pt_id     5         1     0.84240         3     1.75955         2     2.06885         6     2.12924         4     2.24380         5     2.42997
Frame      48139    pt_id     5         1     0.85530         3     1.69607         2     1.98132         6     2.06457         4     2.15898         5     2.42933
Frame      48140    pt_id     5         1     0.87746         3     1.63513         2     1.90161         6     1.98964         4     2.06644         5     2.42731
Frame      48141    pt_id     5         1     0.87746         3     1.63513         2     1.90161         6     1.98964         4     2.06644         5     2.42731
Frame      48142    pt_id     5         1     0.87746         3     1.63513         2     1.90161         6     1.98964         4     2.06644         5     2.42731
Frame      48143    pt_id     5         1     0.87746         3     1.63513         2     1.90161         6     1.98964         4     2.06644         5     2.42731
Frame      48158    pt_id     6         1     1.47386         3     2.52901         2     2.73974         6     2.75900         4     2.89176         5     3.44420
Frame      48159    pt_id     6         1     1.13331         3     2.29754         2     2.55821         6     2.63303         4     2.76481         5     2.99089
Frame      48160    pt_id     6         1     1.13185         3     2.31835         2     2.59324         6     2.65218         4     2.79922         5     2.98307
Frame      48161    pt_id     6         1     1.01056         3     2.20865         6     2.52486         2     2.54700         4     2.70560         5     2.78753
Frame      48162    pt_id     6         1     0.97211         3     2.15389         6     2.46542         2     2.49123         4     2.64252         5     2.73334
Frame      48163    pt_id     6         1     0.95850         3     2.08727         2     2.39243         6     2.42917         4     2.57580         5     2.71371
Frame      48164    pt_id     6         1     0.92231         3     2.06304         6     2.38141         2     2.38600         4     2.54290         5     2.66174
Frame      48165    pt_id     6         1     0.88372         3     2.01962         6     2.33183         2     2.36396         4     2.50752         5     2.59467
Frame      48166    pt_id     6         1     0.88044         3     1.99182         6     2.31687         2     2.32571         4     2.47672         5     2.57924
Frame      48167    pt_id     6         1     0.89340         3     1.96979         6     2.29331         2     2.29620         4     2.44792         5     2.58561
Frame      48168    pt_id     6         1     0.84496         3     1.91564         6     2.24926         2     2.26847         4     2.41421         5     2.49640
Frame      48169    pt_id     6         1     0.84007         3     1.87634         6     2.18509         2     2.24714         4     2.36291         5     2.46075
Frame      48170    pt_id     6         1     0.80168         3     1.80008         6     2.10907         2     2.18459         4     2.28856         5     2.37799
Frame      48171    pt_id     6         1     0.81658         3     1.78516         6     2.10817         2     2.13601         4     2.26253         5     2.41374
Frame      48172    pt_id     6         1     0.82874         3     1.76314         6     2.10016         2     2.11283         4     2.24739         5     2.41036
Frame      48173    pt_id     6         1     0.82332         3     1.72681         6     2.05016         2     2.08748         4     2.20446         5     2.37926
Frame      48174    pt_id     6         1     0.82409         3     1.67709         6     2.00688         2     2.02412         4     2.14795         5     2.35669
Frame      48175    pt_id     6         1     0.86697         3     1.64427         2     1.96018         6     1.97527         4     2.09054         5     2.39443
Frame      48176    pt_id     6         1     0.89919         3     1.54038         2     1.81094         6     1.87377         4     1.95422         5     2.40198
Frame      48177    pt_id     6         1     0.89919         3     1.54038         2     1.81094         6     1.87377         4     1.95422         5     2.40198
Frame      48178    pt_id     6         1     0.89919         3     1.54038         2     1.81094         6     1.87377         4     1.95422         5     2.40198
Frame      48179    pt_id     6         1     0.89919         3     1.54038         2     1.81094         6     1.87377         4     1.95422         5     2.40198
