Frame      77213    pt_id     1         3     0.17847         4     0.32511         2     0.44491         6     0.57730         5     1.75712         1     2.34168
Frame      77214    pt_id     1         3     0.08876         4     0.30386         6     0.35227         2     0.59318         5     1.57452         1     2.42638
Frame      77215    pt_id     1         3     0.11181         6     0.17446         4     0.36641         2     0.83947         5     1.40332         1     2.40579
Frame      77216    pt_id     1         3     0.11242         6     0.15573         4     0.34528         2     0.84435         5     1.45467         1     2.50255
Frame      77217    pt_id     1         3     0.11211         6     0.12421         4     0.38577         2     0.92752         5     1.40051         1     2.51058
Frame      77218    pt_id     1         6     0.10265         3     0.12054         4     0.40852         2     0.98109         5     1.38995         1     2.53692
Frame      77219    pt_id     1         6     0.07303         3     0.15297         4     0.42207         2     1.03965         5     1.40978         1     2.57709
Frame      77220    pt_id     1         6     0.07615         3     0.14503         4     0.40346         2     1.01218         5     1.43827         1     2.60156
Frame      77221    pt_id     1         6     0.07599         3     0.14165         4     0.38315         2     0.98810         5     1.48024         1     2.64024
Frame      77222    pt_id     1         6     0.08224         3     0.12520         4     0.37117         2     0.96388         5     1.49991         1     2.66603
Frame      77223    pt_id     1         6     0.04058         3     0.17936         4     0.43126         2     1.10893         5     1.49807         1     2.73765
Frame      77224    pt_id     1         6     0.04009         3     0.17420         4     0.42355         2     1.10149         5     1.52307         1     2.77245
Frame      77225    pt_id     1         6     0.04947         3     0.15671         4     0.39992         2     1.05816         5     1.55157         1     2.79856
Frame      77226    pt_id     1         6     0.05538         3     0.14897         4     0.38657         2     1.03414         5     1.57146         1     2.81674
Frame      77227    pt_id     1         6     0.05276         3     0.15762         4     0.35319         2     1.00181         5     1.63853         1     2.86930
Frame      77228    pt_id     1         6     0.04378         3     0.17742         4     0.37367         2     1.04467         5     1.62439         1     2.86134
Frame      77229    pt_id     1         6     0.03617         3     0.18223         4     0.39894         2     1.08386         5     1.59854         1     2.84621
Frame      77230    pt_id     1         6     0.02382         3     0.21442         4     0.43691         2     1.15708         5     1.58606         1     2.85331
Frame      77231    pt_id     1         6     0.02994         3     0.19370         4     0.41716         2     1.12091         5     1.59320         1     2.86412
Frame      77232    pt_id     1         6     0.01331         3     0.25944         4     0.49020         2     1.25305         5     1.56136         1     2.85334
Frame      77233    pt_id     1         6     0.01726         3     0.23023         4     0.47092         2     1.21252         5     1.55712         1     2.84650
Frame      77234    pt_id     1         6     0.01248         3     0.25301         4     0.49297         2     1.25595         5     1.55861         1     2.85612
Frame      77235    pt_id     1         6     0.01409         3     0.23988         4     0.49309         2     1.24924         5     1.54104         1     2.84122
Frame      77236    pt_id     1         6     0.01045         3     0.25579         4     0.50339         2     1.27417         5     1.56063         1     2.86561
Frame      77237    pt_id     1         6     0.00509         3     0.29305         4     0.56531         2     1.36746         5     1.52876         1     2.84640
Frame      77238    pt_id     1         6     0.00533         3     0.31152         4     0.57997         2     1.39201         5     1.54616         1     2.86334
Frame      77239    pt_id     1         6     0.00532         3     0.30861         4     0.56770         2     1.37547         5     1.55415         1     2.86742
Frame      77240    pt_id     1         6     0.00476         3     0.32078         4     0.57627         2     1.39290         5     1.56173         1     2.87889
Frame      77241    pt_id     1         6     0.00310         3     0.37456         4     0.64345         2     1.50250         5     1.54117         1     2.87342
Frame      77242    pt_id     1         6     0.00369         3     0.30759         4     0.56200         2     1.37187         5     1.55557         1     2.87045
Frame      77243    pt_id     1         6     0.00265         3     0.33815         4     0.58592         2     1.41791         5     1.56085         1     2.88256
Frame      77244    pt_id     1         6     0.00362         3     0.38234         4     0.62735         2     1.48960         5     1.56844         1     2.89593
Frame      77245    pt_id     1         6     0.00817         3     0.39659         4     0.60475         2     1.46645         5     1.63183         1     2.94825
Frame      77246    pt_id     1         6     0.00970         3     0.42406         4     0.63669         2     1.51758         5     1.62694         1     2.95171
Frame      77247    pt_id     1         6     0.01101         3     0.36076         4     0.54984         2     1.38371         5     1.65791         1     2.97059
Frame      77248    pt_id     1         6     0.01444         3     0.35073         4     0.53273         2     1.35833         5     1.66987         1     2.98056
Frame      77249    pt_id     1         6     0.01528         3     0.29963         4     0.47990         2     1.26792         5     1.67260         1     2.97393
Frame      77250    pt_id     1         6     0.01156         3     0.30306         4     0.49705         2     1.29163         5     1.64836         1     2.95419
Frame      77251    pt_id     1         6     0.01239         3     0.30061         4     0.49201         2     1.28307         5     1.65148         1     2.95563
Frame      77252    pt_id     1         6     0.00764         3     0.35457         4     0.55884         2     1.39489         5     1.64018         1     2.96160
Frame      77253    pt_id     1         6     0.00861         3     0.31844         4     0.51827         2     1.32767         5     1.65052         1     2.96527
Frame      77254    pt_id     1         6     0.00800         3     0.30940         4     0.51530         2     1.31866         5     1.64204         1     2.95570
Frame      77255    pt_id     1         6     0.00440         3     0.36300         4     0.59044         2     1.43705         5     1.60929         1     2.93836
Frame      77256    pt_id     1         6     0.00302         3     0.36869         4     0.60979         2     1.46394         5     1.58507         1     2.91671
Frame      77257    pt_id     1         6     0.00267         3     0.37476         4     0.63983         2     1.50202         5     1.54575         1     2.88414
Frame      77258    pt_id     1         6     0.00372         3     0.38284         4     0.65764         2     1.52534         5     1.53008         1     2.87248
Frame      77259    pt_id     1         6     0.00510         3     0.41078         4     0.69248         5     1.51707         2     1.58164         1     2.86891
Frame      77260    pt_id     1         6     0.00249         3     0.37050         4     0.63279         2     1.49236         5     1.54700         1     2.88494
Frame      77261    pt_id     1         6     0.00248         3     0.35643         4     0.61819         2     1.46742         5     1.55032         1     2.88662
Frame      77262    pt_id     1         6     0.00255         3     0.34830         4     0.60061         2     1.44191         5     1.55828         1     2.88698
Frame      77263    pt_id     1         6     0.00324         3     0.38651         4     0.64236         2     1.51198         5     1.55844         1     2.89668
Frame      77264    pt_id     1         6     0.00434         3     0.39663         4     0.66170         5     1.53734         2     1.54027         1     2.88263
Frame      77265    pt_id     1         6     0.00434         3     0.39731         4     0.65462         2     1.53343         5     1.55619         1     2.90145
Frame      77266    pt_id     1         6     0.00427         3     0.38124         4     0.62602         2     1.49085         5     1.57471         1     2.91369
Frame      77267    pt_id     1         6     0.00978         3     0.42890         4     0.66313         2     1.55618         5     1.59141         1     2.93372
Frame      77268    pt_id     1         6     0.01156         3     0.42714         4     0.64702         2     1.53458         5     1.61430         1     2.95004
Frame      77269    pt_id     1         6     0.01356         3     0.43266         4     0.64057         2     1.52770         5     1.63656         1     2.96702
Frame      77270    pt_id     1         6     0.01254         3     0.39884         4     0.60123         2     1.46465         5     1.63613         1     2.96032
Frame      77271    pt_id     1         6     0.01032         3     0.38360         4     0.59286         2     1.44813         5     1.62393         1     2.94568
Frame      77272    pt_id     1         6     0.00862         3     0.38903         4     0.60218         2     1.46342         5     1.62468         1     2.95043
Frame      77273    pt_id     1         6     0.00866         3     0.38800         4     0.60761         2     1.46800         5     1.60221         1     2.92902
Frame      77274    pt_id     1         6     0.00968         3     0.37365         4     0.57774         2     1.42410         5     1.63091         1     2.94826
Frame      77275    pt_id     1         6     0.00701         3     0.34905         4     0.57794         2     1.41461         5     1.58029         1     2.90344
Frame      77276    pt_id     1         6     0.00674         3     0.36549         4     0.60616         2     1.45803         5     1.56336         1     2.89462
Frame      77277    pt_id     1         6     0.00386         3     0.33622         4     0.58686         2     1.42284         5     1.55558         1     2.88816
Frame      77278    pt_id     1         6     0.00372         3     0.33150         4     0.59027         2     1.42671         5     1.54860         1     2.88580
Frame      77279    pt_id     1         6     0.00383         3     0.34767         4     0.61017         2     1.45987         5     1.54467         1     2.88825
Frame      77280    pt_id     1         6     0.00584         3     0.40404         4     0.67798         5     1.53822         2     1.56856         1     2.89359
Frame      77281    pt_id     1         6     0.01368         3     0.46685         4     0.75053         5     1.52862         2     1.68237         1     2.89926
Frame      77282    pt_id     1         6     0.01398         3     0.47610         4     0.76755         5     1.51413         2     1.70497         1     2.88632
Frame      77283    pt_id     1         6     0.00952         3     0.43876         4     0.73523         5     1.50453         2     1.65202         1     2.87345
Frame      77284    pt_id     1         6     0.01185         3     0.45344         4     0.74092         5     1.51983         2     1.66533         1     2.88943
Frame      77285    pt_id     1         6     0.00889         3     0.43895         4     0.70457         5     1.55908         2     1.61576         1     2.91833
Frame      77286    pt_id     1         6     0.00946         3     0.45009         4     0.73485         5     1.53101         2     1.65694         1     2.89914
Frame      77287    pt_id     1         6     0.01561         3     0.48986         4     0.78471         5     1.52013         2     1.73227         1     2.89753
Frame      77288    pt_id     1         6     0.01530         3     0.48785         4     0.78190         5     1.52050         2     1.72825         1     2.89814
Frame      77289    pt_id     1         6     0.01690         3     0.49703         4     0.81158         5     1.49515         2     1.76707         1     2.88097
Frame      77290    pt_id     1         6     0.01144         3     0.46068         4     0.77356         5     1.48762         2     1.70694         1     2.86960
Frame      77291    pt_id     1         6     0.01136         3     0.46548         4     0.77303         5     1.50041         2     1.70901         1     2.88403
Frame      77292    pt_id     1         6     0.01040         3     0.46314         4     0.75519         5     1.52599         2     1.68802         1     2.90681
Frame      77293    pt_id     1         6     0.01573         3     0.50210         4     0.79254         5     1.54393         2     1.74888         1     2.93116
Frame      77294    pt_id     1         6     0.01793         3     0.51505         4     0.82064         5     1.53443         2     1.78734         1     2.92985
Frame      77295    pt_id     1         6     0.02583         3     0.55657         4     0.86313         5     1.54737         2     1.85460         1     2.95100
Frame      77296    pt_id     1         6     0.02656         3     0.56320         4     0.85135         5     1.58041         2     1.84335         1     2.97967
Frame      77297    pt_id     1         6     0.02606         3     0.56124         4     0.83090         5     1.61200         2     1.81878         1     3.00531
Frame      77298    pt_id     1         6     0.02134         3     0.53864         4     0.79848         5     1.62850         2     1.77014         1     3.01445
Frame      77299    pt_id     1         6     0.02218         3     0.53784         4     0.77837         5     1.65396         2     1.74407         1     3.03053
Frame      77300    pt_id     1         6     0.02544         3     0.55656         4     0.80480         5     1.64866         2     1.78374         1     3.03213
Frame      77301    pt_id     1         6     0.02593         3     0.56192         4     0.81052         5     1.65969         2     1.79229         1     3.04080
Frame      77302    pt_id     1         6     0.02496         3     0.56051         4     0.82878         5     1.63526         2     1.81522         1     3.02368
Frame      77303    pt_id     1         6     0.02772         3     0.57221         4     0.82976         5     1.66165         2     1.81914         1     3.04654
Frame      77304    pt_id     1         6     0.02769         3     0.57117         4     0.82642         5     1.66095         2     1.81440         1     3.04510
Frame      77305    pt_id     1         6     0.02699         3     0.56646         4     0.82765         5     1.63673         2     1.81318         1     3.02189
Frame      77306    pt_id     1         6     0.02492         3     0.55596         4     0.81667         5     1.62526         2     1.79641         1     3.01024
Frame      77307    pt_id     1         6     0.02628         3     0.56119         4     0.83050         5     1.60741         2     1.81381         1     2.99715
Frame      77308    pt_id     1         6     0.03436         3     0.59681         4     0.87074         5     1.60508         2     1.87490         1     3.00156
Frame      77309    pt_id     1         6     0.02536         3     0.55750         4     0.83213         5     1.60278         2     1.81619         1     2.99783
Frame      77310    pt_id     1         6     0.03025         3     0.58053         4     0.86482         5     1.59295         2     1.86430         1     2.99508
Frame      77311    pt_id     1         6     0.02899         3     0.57478         4     0.85779         5     1.59155         2     1.85512         1     2.99522
Frame      77312    pt_id     1         6     0.02684         3     0.56318         4     0.82840         5     1.61281         2     1.81665         1     3.00906
Frame      77313    pt_id     1         6     0.02464         3     0.54743         4     0.81674         5     1.59464         2     1.79789         1     2.99165
Frame      77314    pt_id     1         6     0.02350         3     0.54009         4     0.81921         5     1.57666         2     1.79860         1     2.97529
Frame      77315    pt_id     1         6     0.02379         3     0.54715         4     0.82294         5     1.59802         2     1.80672         1     2.99598
Frame      77316    pt_id     1         6     0.02746         3     0.57140         4     0.85074         5     1.61317         2     1.84743         1     3.01104
Frame      77317    pt_id     1         6     0.02552         3     0.56054         4     0.84756         5     1.60165         2     1.84109         1     3.00073
Frame      77318    pt_id     1         6     0.02538         3     0.55855         4     0.85192         5     1.59374         2     1.84584         1     2.99430
Frame      77319    pt_id     1         6     0.02588         3     0.55918         4     0.85902         5     1.58357         2     1.85474         1     2.98751
Frame      77320    pt_id     1         6     0.02616         3     0.56433         4     0.85340         5     1.60670         2     1.84966         1     3.00637
Frame      77321    pt_id     1         6     0.02719         3     0.56767         4     0.86694         5     1.58693         2     1.86557         1     2.98808
Frame      77322    pt_id     1         6     0.02769         3     0.56825         4     0.87244         5     1.56767         2     1.87058         1     2.96927
Frame      77323    pt_id     1         6     0.03253         3     0.58899         4     0.89767         5     1.56478         2     1.90413         1     2.96549
Frame      77324    pt_id     1         6     0.03701         3     0.60374         4     0.91394         5     1.56519         2     1.92641         1     2.96818
Frame      77325    pt_id     1         6     0.03649         3     0.59883         4     0.91966         5     1.54155         2     1.93128         1     2.94756
Frame      77326    pt_id     1         6     0.03183         3     0.57607         4     0.90879         5     1.50978         2     1.91255         1     2.91941
Frame      77327    pt_id     1         6     0.03589         3     0.58991         4     0.92841         5     1.50454         2     1.93813         1     2.91439
Frame      77328    pt_id     1         6     0.03678         3     0.59320         4     0.93183         5     1.50368         2     1.94272         1     2.91406
Frame      77329    pt_id     1         6     0.04574         3     0.63097         4     0.97133         5     1.50876         2     2.00314         1     2.92471
Frame      77330    pt_id     1         6     0.04629         3     0.63256         4     0.97266         5     1.50808         2     2.00492         1     2.92380
Frame      77331    pt_id     1         6     0.04441         3     0.63032         4     0.95782         5     1.52927         2     1.98785         1     2.94151
Frame      77332    pt_id     1         6     0.04655         3     0.63732         4     0.97174         5     1.53508         2     2.00731         1     2.95054
Frame      77333    pt_id     1         6     0.04569         3     0.63340         4     0.97127         5     1.53641         2     2.00715         1     2.95442
Frame      77334    pt_id     1         6     0.04588         3     0.63698         4     0.96847         5     1.55316         2     2.00536         1     2.96889
Frame      77335    pt_id     1         6     0.04447         3     0.63103         4     0.96412         5     1.54899         2     1.99917         1     2.96549
Frame      77336    pt_id     1         6     0.04530         3     0.63879         4     0.95734         5     1.57907         2     1.99401         1     2.99210
Frame      77337    pt_id     1         6     0.04350         3     0.63411         4     0.94790         5     1.58880         2     1.98270         1     3.00145
Frame      77338    pt_id     1         6     0.03694         3     0.60832         4     0.91719         5     1.58483         2     1.93797         1     2.99435
Frame      77339    pt_id     1         6     0.03615         3     0.60465         4     0.91578         5     1.58010         2     1.93540         1     2.99023
Frame      77340    pt_id     1         6     0.04071         3     0.61827         4     0.94163         5     1.57036         2     1.96973         1     2.98843
Frame      77341    pt_id     1         6     0.03971         3     0.61326         4     0.93977         5     1.55904         2     1.96628         1     2.97933
Frame      77342    pt_id     1         6     0.03772         3     0.60483         4     0.93216         5     1.54960         2     1.95501         1     2.97022
Frame      77343    pt_id     1         6     0.03973         3     0.61007         4     0.94424         5     1.54204         2     1.97062         1     2.96662
Frame      77344    pt_id     1         6     0.03828         3     0.60154         4     0.94121         5     1.52505         2     1.96480         1     2.95342
Frame      77345    pt_id     1         6     0.03693         3     0.59895         4     0.93313         5     1.53513         2     1.95503         1     2.96202
Frame      77346    pt_id     1         6     0.03667         3     0.59443         4     0.93552         5     1.52533         2     1.95680         1     2.95573
Frame      77347    pt_id     1         6     0.03518         3     0.59198         4     0.92439         5     1.53899         2     1.94391         1     2.96845
Frame      77348    pt_id     1         6     0.04331         3     0.62085         4     0.96623         5     1.53357         2     2.00233         1     2.96920
Frame      77349    pt_id     1         6     0.04468         3     0.63050         4     0.96765         5     1.55454         2     2.00702         1     2.98704
Frame      77350    pt_id     1         6     0.04252         3     0.62405         4     0.95620         5     1.56054         2     1.99200         1     2.99005
Frame      77351    pt_id     1         6     0.04379         3     0.62902         4     0.96149         5     1.56764         2     2.00012         1     2.99879
Frame      77352    pt_id     1         6     0.04841         3     0.64730         4     0.97656         5     1.58778         2     2.02265         1     3.01942
Frame      77353    pt_id     1         6     0.04500         3     0.63795         4     0.95923         5     1.59549         2     2.00012         1     3.02274
Frame      77354    pt_id     1         6     0.04493         3     0.64175         4     0.94901         5     1.62383         2     1.98961         1     3.04584
Frame      77355    pt_id     1         6     0.04673         3     0.65011         4     0.94641         5     1.64597         2     1.98879         1     3.06487
Frame      77356    pt_id     1         6     0.05418         3     0.67223         4     0.97332         5     1.64710         2     2.02446         1     3.06738
Frame      77357    pt_id     1         6     0.05614         3     0.67899         4     0.97429         5     1.66337         2     2.02695         1     3.08062
Frame      77358    pt_id     1         6     0.05909         3     0.68747         4     0.98133         5     1.67563         2     2.03768         1     3.09441
Frame      77359    pt_id     1         6     0.06248         3     0.69673         4     0.99103         5     1.68012         2     2.05017         1     3.09762
Frame      77360    pt_id     1         6     0.05963         3     0.68803         4     0.99100         5     1.65844         2     2.04746         1     3.07486
Frame      77361    pt_id     1         6     0.04235         3     0.62754         4     0.92611         5     1.63120         2     1.95097         1     3.03763
Frame      77362    pt_id     1         6     0.02694         3     0.56866         4     0.85077         5     1.61959         2     1.83997         1     3.00522
Frame      77363    pt_id     1         6     0.02424         3     0.55558         4     0.83931         5     1.60134         2     1.82157         1     2.98702
Frame      77364    pt_id     1         6     0.02534         3     0.55773         4     0.85546         5     1.58131         2     1.84081         1     2.97071
Frame      77365    pt_id     1         6     0.01826         3     0.51859         4     0.82048         5     1.56791         2     1.78499         1     2.95452
Frame      77366    pt_id     1         6     0.01646         3     0.51024         4     0.81249         5     1.56293         2     1.77379         1     2.95110
Frame      77367    pt_id     1         6     0.01611         3     0.50433         4     0.81745         5     1.54467         2     1.77784         1     2.93548
Frame      77368    pt_id     1         6     0.01607         3     0.50264         4     0.81891         5     1.53991         2     1.77898         1     2.93117
Frame      77369    pt_id     1         6     0.01461         3     0.48673         4     0.81256         5     1.51397         2     1.76701         1     2.91082
Frame      77370    pt_id     1         6     0.01426         3     0.48680         4     0.80854         5     1.51905         2     1.76365         1     2.91978
Frame      77371    pt_id     1         6     0.02317         3     0.54261         4     0.85850         5     1.55733         2     1.84475         1     2.96236
Frame      77372    pt_id     1         6     0.03557         3     0.59290         4     0.92431         5     1.56172         2     1.94280         1     2.98745
Frame      77373    pt_id     1         6     0.03147         3     0.57671         4     0.89975         5     1.58421         2     1.90819         1     3.00435
Frame      77374    pt_id     1         6     0.02750         3     0.56133         4     0.88252         5     1.57711         2     1.88383         1     2.99551
Frame      77375    pt_id     1         6     0.03834         3     0.60062         4     0.94342         5     1.54426         2     1.96833         1     2.97516
Frame      77376    pt_id     1         6     0.03301         3     0.57664         4     0.91948         5     1.53798         2     1.93169         1     2.96575
Frame      77377    pt_id     1         6     0.03521         3     0.58451         4     0.93015         5     1.53740         2     1.94618         1     2.96715
Frame      77378    pt_id     1         6     0.03460         3     0.58470         4     0.92544         5     1.54443         2     1.94079         1     2.97214
Frame      77379    pt_id     1         6     0.02654         3     0.54966         4     0.87658         5     1.56535         2     1.86915         1     2.98339
Frame      77380    pt_id     1         6     0.02977         3     0.56200         4     0.88812         5     1.57396         2     1.88540         1     2.99100
Frame      77381    pt_id     1         6     0.02706         3     0.54298         4     0.88691         5     1.53210         2     1.87891         1     2.95738
Frame      77382    pt_id     1         6     0.02989         3     0.55141         4     0.90069         5     1.52796         2     1.89627         1     2.95317
Frame      77383    pt_id     1         6     0.03543         3     0.57130         4     0.93493         5     1.50247         2     1.94442         1     2.93699
Frame      77384    pt_id     1         6     0.03832         3     0.57442         4     0.94998         5     1.48287         2     1.96216         1     2.92289
Frame      77385    pt_id     1         6     0.04147         3     0.58691         4     0.96087         5     1.50159         2     1.97903         1     2.94253
Frame      77386    pt_id     1         6     0.04821         3     0.61777         4     0.98731         5     1.51761         2     2.01974         1     2.95895
Frame      77387    pt_id     1         6     0.04996         3     0.62651         4     0.98881         5     1.52633         2     2.02307         1     2.96572
Frame      77388    pt_id     1         6     0.04556         3     0.61560         4     0.97187         5     1.52474         2     2.00097         1     2.96218
Frame      77389    pt_id     1         6     0.06170         3     0.67449         4     1.03814         5     1.53542         2     2.09785         1     2.97992
Frame      77390    pt_id     1         6     0.05815         3     0.67057         4     1.01823         5     1.55912         2     2.07434         1     2.99687
Frame      77391    pt_id     1         6     0.06813         3     0.70146         4     1.03744         5     1.59893         2     2.10307         1     3.03362
Frame      77392    pt_id     1         6     0.06619         3     0.69479         4     1.03740         5     1.59153         2     2.10314         1     3.03164
Frame      77393    pt_id     1         6     0.06939         3     0.70575         4     1.03985         5     1.61703         2     2.10881         1     3.05534
Frame      77394    pt_id     1         6     0.07240         3     0.71606         4     1.04076         5     1.64581         2     2.11267         1     3.08194
Frame      77395    pt_id     1         6     0.06263         3     0.69420         4     1.00500         5     1.65024         2     2.06672         1     3.08012
Frame      77396    pt_id     1         6     0.06000         3     0.68457         4     1.00613         5     1.62642         2     2.06597         1     3.05900
Frame      77397    pt_id     1         6     0.05266         3     0.66490         4     0.98042         5     1.62814         2     2.03293         1     3.05992
Frame      77398    pt_id     1         6     0.04880         3     0.64897         4     0.96709         5     1.62229         2     2.01245         1     3.05480
Frame      77399    pt_id     1         6     0.05100         3     0.65404         4     0.97807         5     1.61555         2     2.02634         1     3.05112
Frame      77400    pt_id     1         6     0.05376         3     0.65948         4     0.99231         5     1.60695         2     2.04423         1     3.04623
Frame      77401    pt_id     1         6     0.04726         3     0.63833         4     0.97330         5     1.58799         2     2.01733         1     3.02773
Frame      77402    pt_id     1         6     0.04295         3     0.62999         4     0.94548         5     1.60497         2     1.98295         1     3.03867
Frame      77403    pt_id     1         6     0.04455         3     0.63668         4     0.94702         5     1.61661         2     1.98671         1     3.05044
Frame      77404    pt_id     1         6     0.04538         3     0.64055         4     0.94459         5     1.62529         2     1.98428         1     3.05606
Frame      77405    pt_id     1         6     0.03531         3     0.60042         4     0.88786         5     1.63219         2     1.90151         1     3.05133
Frame      77406    pt_id     1         6     0.01707         3     0.51433         4     0.77434         5     1.64123         2     1.73283         1     3.03342
Frame      77407    pt_id     1         6     0.00710         3     0.43366         4     0.69312         2     1.59745         5     1.60321         1     2.97471
Frame      77408    pt_id     1         6     0.00614         3     0.42544         4     0.68390         2     1.58086         5     1.58931         1     2.95384
Frame      77409    pt_id     1         6     0.00327         3     0.35965         4     0.59427         2     1.44151         5     1.59833         1     2.93974
Frame      77410    pt_id     1         6     0.00460         3     0.32299         4     0.55696         2     1.37657         5     1.57837         1     2.91001
Frame      77411    pt_id     1         6     0.00565         3     0.31244         4     0.54009         2     1.34980         5     1.58978         1     2.91601
Frame      77412    pt_id     1         6     0.00473         3     0.31364         4     0.54937         2     1.36165         5     1.57865         1     2.90725
Frame      77413    pt_id     1         6     0.00655         3     0.29361         4     0.52670         2     1.32404         5     1.57844         1     2.90191
Frame      77414    pt_id     1         6     0.00576         3     0.29470         4     0.53471         2     1.33449         5     1.56947         1     2.89484
Frame      77415    pt_id     1         6     0.00206         3     0.33188         4     0.59246         2     1.42495         5     1.54835         1     2.88540
Frame      77416    pt_id     1         6     0.00283         3     0.40185         4     0.67516         5     1.54990         2     1.56130         1     2.91032
Frame      77417    pt_id     1         6     0.01086         3     0.47874         4     0.76566         5     1.55575         2     1.70649         1     2.93955
Frame      77418    pt_id     1         6     0.01384         3     0.49707         4     0.78767         5     1.55473         2     1.74068         1     2.94444
Frame      77419    pt_id     1         6     0.02332         3     0.54788         4     0.84710         5     1.56179         2     1.83381         1     2.96797
Frame      77420    pt_id     1         6     0.02966         3     0.57939         4     0.87323         5     1.58634         2     1.87792         1     2.99885
Frame      77421    pt_id     1         6     0.03113         3     0.58413         4     0.87940         5     1.58037         2     1.88631         1     2.99032
Frame      77422    pt_id     1         6     0.03240         3     0.59142         4     0.88538         5     1.58798         2     1.89540         1     2.99605
Frame      77423    pt_id     1         6     0.03569         3     0.60406         4     0.90418         5     1.58240         2     1.92202         1     2.99278
Frame      77424    pt_id     1         6     0.03409         3     0.59773         4     0.89012         5     1.59282         2     1.90350         1     2.99919
Frame      77425    pt_id     1         6     0.02993         3     0.57591         4     0.85675         5     1.59948         2     1.85663         1     3.00018
Frame      77426    pt_id     1         6     0.03073         3     0.57935         4     0.87315         5     1.57375         2     1.87679         1     2.98030
Frame      77427    pt_id     1         6     0.03035         3     0.57597         4     0.87107         5     1.56879         2     1.87282         1     2.97382
Frame      77428    pt_id     1         6     0.03249         3     0.58883         4     0.88505         5     1.56967         2     1.89288         1     2.97687
Frame      77429    pt_id     1         6     0.03468         3     0.59790         4     0.89653         5     1.56603         2     1.90860         1     2.97471
Frame      77430    pt_id     1         6     0.03797         3     0.61094         4     0.91997         5     1.56072         2     1.94015         1     2.97267
Frame      77431    pt_id     1         6     0.03840         3     0.61410         4     0.91455         5     1.57691         2     1.93594         1     2.98910
Frame      77432    pt_id     1         6     0.03092         3     0.58159         4     0.87120         5     1.57803         2     1.87490         1     2.98506
Frame      77433    pt_id     1         6     0.02478         3     0.55587         4     0.84862         5     1.57517         2     1.83885         1     2.97905
Frame      77434    pt_id     1         6     0.02065         3     0.53035         4     0.82728         5     1.55401         2     1.80481         1     2.95760
Frame      77435    pt_id     1         6     0.02559         3     0.55411         4     0.86658         5     1.54059         2     1.85864         1     2.95010
Frame      77436    pt_id     1         6     0.02363         3     0.54730         4     0.85142         5     1.55689         2     1.83896         1     2.95993
Frame      77437    pt_id     1         6     0.02545         3     0.55978         4     0.85934         5     1.58041         2     1.85312         1     2.98375
Frame      77438    pt_id     1         6     0.02280         3     0.54739         4     0.84003         5     1.60318         2     1.82861         1     3.00318
Frame      77439    pt_id     1         6     0.02596         3     0.56267         4     0.86374         5     1.60760         2     1.86120         1     3.00946
Frame      77440    pt_id     1         6     0.02604         3     0.56380         4     0.86187         5     1.61537         2     1.85994         1     3.01794
Frame      77441    pt_id     1         6     0.03268         3     0.58418         4     0.90549         5     1.59362         2     1.91623         1     3.00524
Frame      77442    pt_id     1         6     0.04304         3     0.61943         4     0.95008         5     1.59329         2     1.97776         1     3.00976
Frame      77443    pt_id     1         6     0.05407         3     0.65908         4     0.99939         5     1.58444         2     2.04792         1     3.00775
Frame      77444    pt_id     1         6     0.06737         3     0.69734         4     1.04482         5     1.59776         2     2.11049         1     3.02559
Frame      77445    pt_id     1         6     0.06090         3     0.67699         4     1.02848         5     1.57554         2     2.08683         1     3.00601
Frame      77446    pt_id     1         6     0.06007         3     0.67177         4     1.02990         5     1.55395         2     2.08676         1     2.98805
Frame      77447    pt_id     1         6     0.04270         3     0.60942         4     0.95700         5     1.54452         2     1.98059         1     2.96796
Frame      77448    pt_id     1         6     0.04720         3     0.62100         4     0.97138         5     1.53580         2     1.99902         1     2.96242
Frame      77449    pt_id     1         6     0.04567         3     0.61378         4     0.97069         5     1.52191         2     1.99652         1     2.95087
Frame      77450    pt_id     1         6     0.02788         3     0.54191         4     0.88400         5     1.52315         2     1.86966         1     2.93787
Frame      77451    pt_id     1         6     0.02420         3     0.53412         4     0.86159         5     1.53566         2     1.84162         1     2.94556
Frame      77452    pt_id     1         6     0.02177         3     0.52529         4     0.85159         5     1.53284         2     1.82748         1     2.94125
Frame      77453    pt_id     1         6     0.01268         3     0.48870         4     0.77822         5     1.57039         2     1.72737         1     2.96168
Frame      77454    pt_id     1         6     0.01172         3     0.48090         4     0.76095         5     1.56599         2     1.70292         1     2.95358
Frame      77455    pt_id     1         6     0.00870         3     0.45972         4     0.72437         5     1.58418         2     1.64888         1     2.95970
Frame      77456    pt_id     1         6     0.00707         3     0.44255         4     0.68723         2     1.59657         5     1.61537         1     2.97962
Frame      77457    pt_id     1         6     0.01426         3     0.49743         4     0.75159         5     1.61643         2     1.69530         1     2.99064
Frame      77458    pt_id     1         6     0.01576         3     0.50593         4     0.75456         5     1.63579         2     1.70140         1     3.00782
Frame      77459    pt_id     1         6     0.01917         3     0.51541         4     0.74584         5     1.66713         2     1.69250         1     3.03420
Frame      77460    pt_id     1         6     0.02816         3     0.56652         4     0.81070         5     1.65219         2     1.79010         1     3.03112
Frame      77461    pt_id     1         6     0.02349         3     0.54695         4     0.79398         5     1.64219         2     1.76552         1     3.02251
Frame      77462    pt_id     1         6     0.02549         3     0.55671         4     0.81113         5     1.63815         2     1.78933         1     3.02333
Frame      77463    pt_id     1         6     0.03546         3     0.59968         4     0.87134         5     1.63251         2     1.87597         1     3.03195
Frame      77464    pt_id     1         6     0.03754         3     0.60829         4     0.87671         5     1.65497         2     1.88586         1     3.05513
Frame      77465    pt_id     1         6     0.05200         3     0.65875         4     0.93519         5     1.67215         2     1.97132         1     3.08326
Frame      77466    pt_id     1         6     0.06453         3     0.69788         4     0.98389         5     1.67970         2     2.03968         1     3.09859
Frame      77467    pt_id     1         6     0.05751         3     0.67961         4     0.95344         5     1.68817         2     2.00060         1     3.10398
Frame      77468    pt_id     1         6     0.04664         3     0.64464         4     0.92221         5     1.66533         2     1.95526         1     3.08214
Frame      77469    pt_id     1         6     0.04176         3     0.62950         4     0.91447         5     1.64724         2     1.94311         1     3.06486
Frame      77470    pt_id     1         6     0.04039         3     0.62478         4     0.90110         5     1.66419         2     1.92573         1     3.07773
Frame      77471    pt_id     1         6     0.03974         3     0.61869         4     0.89681         5     1.66411         2     1.91593         1     3.07223
Frame      77472    pt_id     1         6     0.02762         3     0.57137         4     0.84721         5     1.63274         2     1.84101         1     3.03273
Frame      77473    pt_id     1         6     0.02092         3     0.53836         4     0.82094         5     1.58976         2     1.79665         1     2.98359
Frame      77474    pt_id     1         6     0.01899         3     0.52751         4     0.80675         5     1.58113         2     1.77535         1     2.97057
Frame      77475    pt_id     1         6     0.01716         3     0.51481         4     0.78867         5     1.57951         2     1.74908         1     2.96347
Frame      77476    pt_id     1         6     0.01700         3     0.51294         4     0.79558         5     1.56301         2     1.75630         1     2.94797
Frame      77477    pt_id     1         6     0.01714         3     0.51327         4     0.80150         5     1.55381         2     1.76279         1     2.93823
Frame      77478    pt_id     1         6     0.01962         3     0.52642         4     0.81697         5     1.55305         2     1.78538         1     2.93537
Frame      77479    pt_id     1         6     0.01079         3     0.47381         4     0.75137         5     1.55816         2     1.68553         1     2.92658
Frame      77480    pt_id     1         6     0.00807         3     0.45023         4     0.73363         5     1.53562         2     1.65282         1     2.90062
Frame      77481    pt_id     1         6     0.00680         3     0.42195         4     0.71640         5     1.49594         2     1.61966         1     2.86331
Frame      77482    pt_id     1         6     0.00712         3     0.43389         4     0.72149         5     1.52138         2     1.63249         1     2.88826
Frame      77483    pt_id     1         6     0.00544         3     0.43127         4     0.71579         5     1.55071         2     1.62711         1     2.91870
Frame      77484    pt_id     1         6     0.00564         3     0.43356         4     0.72229         5     1.55328         2     1.63723         1     2.92561
Frame      77485    pt_id     1         6     0.00668         3     0.44428         4     0.72735         5     1.56948         2     1.64719         1     2.94223
Frame      77486    pt_id     1         6     0.00558         3     0.43682         4     0.71114         5     1.58065         2     1.62629         1     2.95229
Frame      77487    pt_id     1         6     0.00364         3     0.41826         4     0.69103         5     1.58079         2     1.59426         1     2.94913
Frame      77488    pt_id     1         6     0.00471         3     0.42757         4     0.68784         2     1.59368         5     1.60758         1     2.97262
Frame      77489    pt_id     1         6     0.01072         3     0.47795         4     0.74137         5     1.61297         2     1.67974         1     2.98882
Frame      77490    pt_id     1         6     0.01555         3     0.50961         4     0.77533         5     1.62118         2     1.73399         1     3.00439
Frame      77491    pt_id     1         6     0.02687         3     0.56939         4     0.82071         5     1.68205         2     1.81032         1     3.06746
Frame      77492    pt_id     1         6     0.03366         3     0.59856         4     0.85117         5     1.69966         2     1.85628         1     3.08967
Frame      77493    pt_id     1         6     0.03355         3     0.59876         4     0.84894         5     1.70197         2     1.85431         1     3.09246
Frame      77494    pt_id     1         6     0.03196         3     0.59208         4     0.83786         5     1.70645         2     1.83859         1     3.09381
Frame      77495    pt_id     1         6     0.02992         3     0.58483         4     0.84192         5     1.68271         2     1.84201         1     3.07432
Frame      77496    pt_id     1         6     0.02987         3     0.58413         4     0.83811         5     1.68460         2     1.83680         1     3.07432
Frame      77497    pt_id     1         6     0.03445         3     0.60456         4     0.87068         5     1.66821         2     1.88304         1     3.06441
Frame      77498    pt_id     1         6     0.03160         3     0.59027         4     0.87373         5     1.61654         2     1.88203         1     3.02052
Frame      77499    pt_id     1         6     0.03142         3     0.58795         4     0.88113         5     1.59582         2     1.88971         1     3.00255
Frame      77500    pt_id     1         6     0.03478         3     0.60184         4     0.90271         5     1.59717         2     1.91892         1     3.00556
Frame      77501    pt_id     1         6     0.03449         3     0.60060         4     0.90181         5     1.59284         2     1.91674         1     2.99915
Frame      77502    pt_id     1         6     0.03490         3     0.60094         4     0.90623         5     1.58053         2     1.92111         1     2.98751
Frame      77503    pt_id     1         6     0.03841         3     0.61508         4     0.91943         5     1.57737         2     1.94164         1     2.98623
Frame      77504    pt_id     1         6     0.03576         3     0.60547         4     0.90565         5     1.58890         2     1.92138         1     2.99369
Frame      77505    pt_id     1         6     0.02273         3     0.54820         4     0.83830         5     1.59190         2     1.82149         1     2.98645
Frame      77506    pt_id     1         6     0.02172         3     0.54398         4     0.83136         5     1.59375         2     1.81246         1     2.98844
Frame      77507    pt_id     1         6     0.02111         3     0.54260         4     0.81446         5     1.62208         2     1.79167         1     3.01030
Frame      77508    pt_id     1         6     0.02387         3     0.55544         4     0.81006         5     1.66844         2     1.79059         1     3.05052
Frame      77509    pt_id     1         6     0.02492         3     0.55667         4     0.79511         5     1.69527         2     1.77185         1     3.07204
Frame      77510    pt_id     1         6     0.02243         3     0.54395         4     0.78193         5     1.67791         2     1.75208         1     3.05525
Frame      77511    pt_id     1         6     0.02394         3     0.54750         4     0.78026         5     1.68469         2     1.75059         1     3.06157
Frame      77512    pt_id     1         6     0.02207         3     0.53345         4     0.76138         5     1.67599         2     1.72281         1     3.04924
Frame      77513    pt_id     1         6     0.01349         3     0.47421         4     0.68619         2     1.60580         5     1.68852         1     3.04000
Frame      77514    pt_id     1         6     0.01047         3     0.44189         4     0.64958         2     1.54566         5     1.67666         1     3.01595
Frame      77515    pt_id     1         6     0.01001         3     0.40700         4     0.59783         2     1.46188         5     1.68898         1     3.00274
Frame      77516    pt_id     1         6     0.01359         3     0.31965         4     0.48926         2     1.27919         5     1.70870         1     2.97952
Frame      77517    pt_id     1         6     0.02871         3     0.25262         4     0.40422         2     1.12931         5     1.73340         1     2.97552
Frame      77518    pt_id     1         6     0.04541         3     0.20825         4     0.34637         2     1.02417         5     1.75714         1     2.97564
Frame      77519    pt_id     1         6     0.06968         3     0.16129         4     0.29425         2     0.91785         5     1.77754         1     2.97066
Frame      77520    pt_id     1         3     0.12139         6     0.12650         4     0.20725         2     0.75045         5     1.90456         1     3.05198
Frame      77521    pt_id     1         3     0.08868         4     0.15132         6     0.19118         2     0.61935         5     1.99490         1     3.10814
Frame      77522    pt_id     1         3     0.08486         4     0.13469         6     0.21917         2     0.57451         5     2.02897         1     3.12399
Frame      77523    pt_id     1         3     0.09474         4     0.14614         6     0.19738         2     0.60926         5     1.99937         1     3.10067
Frame      77524    pt_id     1         3     0.10718         4     0.15559         6     0.18336         2     0.63715         5     1.98085         1     3.08421
Frame      77525    pt_id     1         3     0.12269         6     0.15420         4     0.17976         2     0.69802         5     1.94242         1     3.06759
Frame      77526    pt_id     1         6     0.13608         3     0.13973         4     0.19446         2     0.74182         5     1.94335         1     3.08898
Frame      77527    pt_id     1         6     0.11842         3     0.14978         4     0.21285         2     0.78282         5     1.92230         1     3.08287
Frame      77528    pt_id     1         6     0.11578         3     0.14464         4     0.21486         2     0.78484         5     1.91316         1     3.08008
Frame      77529    pt_id     1         6     0.09841         3     0.15239         4     0.23974         2     0.83321         5     1.86974         1     3.05626
Frame      77530    pt_id     1         6     0.08273         3     0.16611         4     0.26615         2     0.88482         5     1.83404         1     3.03688
Frame      77531    pt_id     1         6     0.07313         3     0.19912         4     0.29192         2     0.94069         5     1.83303         1     3.04212
Frame      77532    pt_id     1         6     0.09269         3     0.16831         4     0.24768         2     0.85940         5     1.88743         1     3.08511
Frame      77533    pt_id     1         3     0.12297         6     0.13240         4     0.19425         2     0.74223         5     1.93615         1     3.11059
Frame      77534    pt_id     1         3     0.09667         4     0.13950         6     0.19222         2     0.62042         5     2.04756         1     3.19379
Frame      77535    pt_id     1         3     0.09290         4     0.11230         6     0.23537         2     0.55240         5     2.11292         1     3.23038
Frame      77536    pt_id     1         3     0.08987         4     0.10549         6     0.25142         2     0.52905         5     2.13095         1     3.23485
Frame      77537    pt_id     1         3     0.08963         4     0.09676         6     0.26989         2     0.50330         5     2.15607         1     3.24224
Frame      77538    pt_id     1         3     0.08531         4     0.08890         6     0.29241         2     0.47382         5     2.18308         1     3.25603
Frame      77539    pt_id     1         4     0.08486         3     0.08929         6     0.30040         2     0.46388         5     2.19961         1     3.26432
Frame      77540    pt_id     1         3     0.09100         4     0.09210         6     0.28461         2     0.48397         5     2.16686         1     3.23464
Frame      77541    pt_id     1         3     0.07797         4     0.09744         6     0.29355         2     0.47674         5     2.14527         1     3.22009
Frame      77542    pt_id     1         3     0.07928         4     0.12232         6     0.24200         2     0.54534         5     2.05297         1     3.15102
Frame      77543    pt_id     1         3     0.11248         6     0.16463         4     0.17069         2     0.67657         5     1.95467         1     3.08539
Frame      77544    pt_id     1         6     0.12080         3     0.13521         4     0.21975         2     0.77910         5     1.86447         1     3.02532
Frame      77545    pt_id     1         6     0.08124         3     0.16081         4     0.27648         2     0.89169         5     1.78733         1     2.98320
Frame      77546    pt_id     1         6     0.06362         3     0.16941         4     0.31383         2     0.95430         5     1.72493         1     2.94391
Frame      77547    pt_id     1         6     0.06321         3     0.16626         4     0.31112         2     0.95221         5     1.73347         1     2.96171
Frame      77548    pt_id     1         6     0.04308         3     0.20788         4     0.35949         2     1.04860         5     1.70933         1     2.95924
Frame      77549    pt_id     1         6     0.03477         3     0.23841         4     0.38706         2     1.10453         5     1.71505         1     2.97317
Frame      77550    pt_id     1         6     0.03946         3     0.21652         4     0.36433         2     1.06355         5     1.72830         1     2.98560
Frame      77551    pt_id     1         6     0.03277         3     0.23813         4     0.38478         2     1.10484         5     1.73679         1     2.99912
Frame      77552    pt_id     1         6     0.03324         3     0.24335         4     0.38623         2     1.10867         5     1.74119         1     2.99884
Frame      77553    pt_id     1         6     0.04266         3     0.20743         4     0.34990         2     1.04076         5     1.75265         1     3.00199
Frame      77554    pt_id     1         6     0.04938         3     0.19266         4     0.32842         2     1.00201         5     1.77788         1     3.01498
Frame      77555    pt_id     1         6     0.05109         3     0.19801         4     0.32404         2     0.99716         5     1.79699         1     3.02585
Frame      77556    pt_id     1         6     0.06771         3     0.18560         4     0.28761         2     0.93591         5     1.84777         1     3.06545
Frame      77557    pt_id     1         6     0.06566         3     0.18437         4     0.29549         2     0.94631         5     1.82059         1     3.04172
Frame      77558    pt_id     1         6     0.06715         3     0.19614         4     0.29999         2     0.95493         5     1.81860         1     3.03571
Frame      77559    pt_id     1         6     0.07573         3     0.17706         4     0.28070         2     0.91545         5     1.82297         1     3.03611
Frame      77560    pt_id     1         6     0.06995         3     0.17727         4     0.28902         2     0.92960         5     1.81205         1     3.02950
Frame      77561    pt_id     1         6     0.06080         3     0.19366         4     0.31543         2     0.97505         5     1.77128         1     2.99614
Frame      77562    pt_id     1         6     0.07559         3     0.17699         4     0.27916         2     0.91286         5     1.82799         1     3.04223
Frame      77563    pt_id     1         6     0.07148         3     0.19148         4     0.28648         2     0.93395         5     1.84631         1     3.06142
Frame      77564    pt_id     1         6     0.05607         3     0.22006         4     0.32646         2     1.00754         5     1.80728         1     3.04008
Frame      77565    pt_id     1         6     0.07327         3     0.18110         4     0.28550         2     0.92441         5     1.81829         1     3.04001
Frame      77566    pt_id     1         6     0.05676         3     0.19013         4     0.31933         2     0.97889         5     1.76663         1     2.99290
Frame      77567    pt_id     1         6     0.04129         3     0.24763         4     0.37605         2     1.08616         5     1.74155         1     2.98164
Frame      77568    pt_id     1         6     0.06404         3     0.17650         4     0.30223         2     0.94541         5     1.78785         1     3.00734
Frame      77569    pt_id     1         6     0.07414         3     0.16322         4     0.28190         2     0.90556         5     1.81875         1     3.02615
Frame      77570    pt_id     1         6     0.07414         3     0.16322         4     0.28190         2     0.90556         5     1.81875         1     3.02615
Frame      77571    pt_id     1         6     0.07414         3     0.16322         4     0.28190         2     0.90556         5     1.81875         1     3.02615
Frame      77572    pt_id     1         6     0.07414         3     0.16322         4     0.28190         2     0.90556         5     1.81875         1     3.02615
