Frame      74302    pt_id     1         5     0.16911         6     1.01730         3     1.29297         1     1.66478         4     2.43508         2     3.31994
Frame      74303    pt_id     1         3     0.46853         6     0.47293         5     0.52200         4     1.25672         2     1.91791         1     1.93440
Frame      74304    pt_id     1         3     0.16813         6     0.37231         4     0.73554         5     0.94215         2     1.22734         1     2.26475
Frame      74305    pt_id     1         3     0.08879         6     0.33339         4     0.54054         2     0.98855         5     1.16629         1     2.45582
Frame      74306    pt_id     1         3     0.05455         6     0.32021         4     0.43123         2     0.85205         5     1.32220         1     2.58403
Frame      74307    pt_id     1         3     0.03348         4     0.35967         6     0.36210         2     0.73086         5     1.47839         1     2.72220
Frame      74308    pt_id     1         3     0.02922         6     0.31855         4     0.33264         2     0.73061         5     1.50224         1     2.75572
Frame      74309    pt_id     1         3     0.02261         4     0.29573         6     0.33388         2     0.67500         5     1.58702         1     2.83257
Frame      74310    pt_id     1         3     0.01898         4     0.26844         6     0.34983         2     0.63055         5     1.65884         1     2.89352
Frame      74311    pt_id     1         3     0.01843         4     0.24592         6     0.35434         2     0.59824         5     1.71101         1     2.92926
Frame      74312    pt_id     1         3     0.02965         4     0.14403         2     0.42879         6     0.43880         5     2.06684         1     3.23700
Frame      74313    pt_id     1         3     0.04596         4     0.11838         2     0.36451         6     0.49522         5     2.21471         1     3.35225
Frame      74314    pt_id     1         3     0.05281         4     0.11090         2     0.34737         6     0.50797         5     2.25134         1     3.37419
Frame      74315    pt_id     1         3     0.06028         4     0.11012         2     0.32604         6     0.53995         5     2.30113         1     3.40989
Frame      74316    pt_id     1         3     0.06813         4     0.11234         2     0.30834         6     0.57359         5     2.34131         1     3.44281
Frame      74317    pt_id     1         3     0.07029         4     0.10534         2     0.30473         6     0.56560         5     2.34703         1     3.43943
Frame      74318    pt_id     1         3     0.08875         4     0.10512         2     0.26878         6     0.62603         5     2.43289         1     3.50158
Frame      74319    pt_id     1         3     0.09668         4     0.10478         2     0.25692         6     0.64224         5     2.45508         1     3.50847
Frame      74320    pt_id     1         3     0.10011         4     0.10731         2     0.25136         6     0.65408         5     2.46343         1     3.50768
Frame      74321    pt_id     1         3     0.10484         4     0.11587         2     0.24562         6     0.68411         5     2.48838         1     3.53730
Frame      74322    pt_id     1         3     0.11068         4     0.12460         2     0.24330         6     0.70749         5     2.49998         1     3.55591
Frame      74323    pt_id     1         3     0.10813         4     0.11826         2     0.24710         6     0.69121         5     2.48188         1     3.54607
Frame      74324    pt_id     1         3     0.10321         4     0.11828         2     0.25453         6     0.67980         5     2.46129         1     3.53571
Frame      74325    pt_id     1         3     0.10279         4     0.11778         2     0.25664         6     0.67667         5     2.45750         1     3.53787
Frame      74326    pt_id     1         3     0.10185         4     0.11635         2     0.25784         6     0.67218         5     2.45509         1     3.53699
Frame      74327    pt_id     1         3     0.09108         4     0.11004         2     0.27278         6     0.63239         5     2.40994         1     3.49778
Frame      74328    pt_id     1         3     0.09028         4     0.11222         2     0.27463         6     0.63346         5     2.40603         1     3.49668
Frame      74329    pt_id     1         3     0.08970         4     0.11387         2     0.27418         6     0.64043         5     2.41678         1     3.51234
Frame      74330    pt_id     1         3     0.09182         4     0.11236         2     0.27093         6     0.64605         5     2.43343         1     3.53169
Frame      74331    pt_id     1         3     0.08492         4     0.09975         2     0.28382         6     0.59966         5     2.39334         1     3.49326
Frame      74332    pt_id     1         3     0.08054         4     0.09783         2     0.29557         6     0.57701         5     2.36003         1     3.46666
Frame      74333    pt_id     1         3     0.07586         4     0.09958         2     0.30275         6     0.56731         5     2.34525         1     3.45537
Frame      74334    pt_id     1         3     0.07440         4     0.09956         2     0.30460         6     0.56430         5     2.34346         1     3.45319
Frame      74335    pt_id     1         3     0.06962         4     0.10116         2     0.31552         6     0.54783         5     2.31463         1     3.42667
Frame      74336    pt_id     1         3     0.06974         4     0.09735         2     0.31618         6     0.54127         5     2.31899         1     3.42734
Frame      74337    pt_id     1         3     0.07285         4     0.09997         2     0.30366         6     0.56679         5     2.35138         1     3.45595
Frame      74338    pt_id     1         3     0.06892         4     0.09932         2     0.30979         6     0.55431         5     2.34169         1     3.44580
Frame      74339    pt_id     1         3     0.06330         4     0.10288         2     0.32022         6     0.54298         5     2.31942         1     3.42991
Frame      74340    pt_id     1         3     0.05653         4     0.10499         2     0.33682         6     0.51991         5     2.28423         1     3.40473
Frame      74341    pt_id     1         3     0.05574         4     0.11111         2     0.33510         6     0.53527         5     2.29190         1     3.42107
Frame      74342    pt_id     1         3     0.05263         4     0.11281         2     0.34158         6     0.53220         5     2.28905         1     3.42855
Frame      74343    pt_id     1         3     0.04771         4     0.12115         2     0.35344         6     0.52981         5     2.26615         1     3.41849
Frame      74344    pt_id     1         3     0.04191         4     0.11911         2     0.37305         6     0.49617         5     2.23023         1     3.39459
Frame      74345    pt_id     1         3     0.03775         4     0.12334         2     0.38381         6     0.48960         5     2.21795         1     3.39256
Frame      74346    pt_id     1         3     0.03056         4     0.13708         2     0.40764         6     0.47874         5     2.16969         1     3.36645
Frame      74347    pt_id     1         3     0.02955         4     0.14259         2     0.41346         6     0.48123         5     2.15618         1     3.36414
Frame      74348    pt_id     1         3     0.02889         4     0.15064         2     0.41832         6     0.49189         5     2.14623         1     3.36732
Frame      74349    pt_id     1         3     0.02621         4     0.15227         2     0.43036         6     0.47682         5     2.12184         1     3.35101
Frame      74350    pt_id     1         3     0.02798         4     0.15459         2     0.42412         6     0.49044         5     2.13230         1     3.35990
Frame      74351    pt_id     1         3     0.03054         4     0.15781         2     0.41600         6     0.50950         5     2.14390         1     3.36745
Frame      74352    pt_id     1         3     0.02911         4     0.15721         2     0.41954         6     0.50144         5     2.13475         1     3.35498
Frame      74353    pt_id     1         3     0.03136         4     0.15380         2     0.41086         6     0.50792         5     2.15087         1     3.36415
Frame      74354    pt_id     1         3     0.03332         4     0.16027         2     0.40603         6     0.52572         5     2.15611         1     3.36556
Frame      74355    pt_id     1         3     0.03653         4     0.15327         2     0.39406         6     0.52874         5     2.17384         1     3.37158
Frame      74356    pt_id     1         3     0.04124         4     0.14896         2     0.37866         6     0.54378         5     2.20699         1     3.39253
Frame      74357    pt_id     1         3     0.04062         4     0.14671         2     0.38068         6     0.53763         5     2.20040         1     3.38760
Frame      74358    pt_id     1         3     0.04088         4     0.13984         2     0.37939         6     0.52463         5     2.20015         1     3.38240
Frame      74359    pt_id     1         3     0.04115         4     0.13995         2     0.37939         6     0.52434         5     2.19770         1     3.37951
Frame      74360    pt_id     1         3     0.03924         4     0.14269         2     0.38808         6     0.51739         5     2.17713         1     3.36713
Frame      74361    pt_id     1         3     0.03538         4     0.14239         2     0.39711         6     0.50186         5     2.16955         1     3.36231
Frame      74362    pt_id     1         3     0.03649         4     0.14249         2     0.39416         6     0.50899         5     2.18339         1     3.37946
Frame      74363    pt_id     1         3     0.03485         4     0.13903         2     0.40257         6     0.48866         5     2.16631         1     3.36264
Frame      74364    pt_id     1         3     0.03463         4     0.13610         2     0.40439         6     0.48116         5     2.17136         1     3.36972
Frame      74365    pt_id     1         3     0.03411         4     0.13969         2     0.40630         6     0.48710         5     2.16801         1     3.37445
Frame      74366    pt_id     1         3     0.03109         4     0.14208         2     0.41602         6     0.47752         5     2.15714         1     3.37056
Frame      74367    pt_id     1         3     0.02929         4     0.14628         2     0.42148         6     0.47332         5     2.16150         1     3.37055
Frame      74368    pt_id     1         3     0.02471         4     0.14989         2     0.43661         6     0.45658         5     2.14085         1     3.35454
Frame      74369    pt_id     1         3     0.02116         4     0.15178         6     0.43262         2     0.45452         5     2.11847         1     3.33838
Frame      74370    pt_id     1         3     0.01942         4     0.15022         6     0.41542         2     0.46449         5     2.11650         1     3.33853
Frame      74371    pt_id     1         3     0.01538         4     0.15664         6     0.39876         2     0.48343         5     2.08785         1     3.31763
Frame      74372    pt_id     1         3     0.01438         4     0.16645         6     0.38998         2     0.50045         5     2.07781         1     3.31171
Frame      74373    pt_id     1         3     0.01155         4     0.17116         6     0.36480         2     0.52557         5     2.04649         1     3.29555
Frame      74374    pt_id     1         3     0.00919         4     0.17805         6     0.34724         2     0.54882         5     2.02572         1     3.28773
Frame      74375    pt_id     1         3     0.00840         4     0.18406         6     0.33155         2     0.56999         5     2.01689         1     3.28933
Frame      74376    pt_id     1         3     0.00775         4     0.19354         6     0.31034         2     0.59856         5     1.98875         1     3.27306
Frame      74377    pt_id     1         3     0.00890         4     0.20955         6     0.28195         2     0.64124         5     1.94623         1     3.24810
Frame      74378    pt_id     1         3     0.01097         4     0.22135         6     0.26512         2     0.67070         5     1.92417         1     3.23881
Frame      74379    pt_id     1         3     0.01165         4     0.22442         6     0.25893         2     0.68130         5     1.92276         1     3.24163
Frame      74380    pt_id     1         3     0.01283         4     0.23538         6     0.25114         2     0.70184         5     1.91021         1     3.23401
Frame      74381    pt_id     1         3     0.01368         4     0.22924         6     0.25141         2     0.69478         5     1.92177         1     3.24519
Frame      74382    pt_id     1         3     0.01473         4     0.23456         6     0.24380         2     0.70852         5     1.91010         1     3.23761
Frame      74383    pt_id     1         3     0.01291         4     0.24239         6     0.25867         2     0.70782         5     1.92589         1     3.25169
Frame      74384    pt_id     1         3     0.01301         4     0.24829         6     0.25765         2     0.71616         5     1.92271         1     3.24830
Frame      74385    pt_id     1         3     0.01455         4     0.24911         6     0.24959         2     0.72172         5     1.91270         1     3.23735
Frame      74386    pt_id     1         3     0.01599         6     0.24521         4     0.24644         2     0.72187         5     1.91963         1     3.24197
Frame      74387    pt_id     1         3     0.01525         4     0.24313         6     0.24425         2     0.72004         5     1.92397         1     3.24722
Frame      74388    pt_id     1         3     0.01580         4     0.23646         6     0.23872         2     0.71682         5     1.92600         1     3.24774
Frame      74389    pt_id     1         3     0.01444         4     0.24160         6     0.24783         2     0.71707         5     1.93264         1     3.25478
Frame      74390    pt_id     1         3     0.01620         6     0.24325         4     0.24472         2     0.72532         5     1.93506         1     3.25877
Frame      74391    pt_id     1         3     0.01822         6     0.23616         4     0.25246         2     0.73998         5     1.92199         1     3.24922
Frame      74392    pt_id     1         3     0.01775         6     0.23763         4     0.25119         2     0.73657         5     1.92323         1     3.24765
Frame      74393    pt_id     1         3     0.01775         6     0.23514         4     0.24294         2     0.72673         5     1.92481         1     3.24661
Frame      74394    pt_id     1         3     0.01944         6     0.22908         4     0.24488         2     0.73428         5     1.92045         1     3.24467
Frame      74395    pt_id     1         3     0.02195         6     0.22008         4     0.25439         2     0.75500         5     1.90814         1     3.23817
Frame      74396    pt_id     1         3     0.02273         6     0.21933         4     0.25785         2     0.75855         5     1.90286         1     3.23281
Frame      74397    pt_id     1         3     0.02118         6     0.23183         4     0.25491         2     0.74402         5     1.91944         1     3.24513
Frame      74398    pt_id     1         3     0.02339         6     0.24039         4     0.26738         2     0.75285         5     1.92029         1     3.24683
Frame      74399    pt_id     1         3     0.02667         6     0.23531         4     0.27024         2     0.75905         5     1.91146         1     3.23823
Frame      74400    pt_id     1         3     0.02752         6     0.23319         4     0.27468         2     0.76590         5     1.90082         1     3.22975
Frame      74401    pt_id     1         3     0.03084         6     0.22318         4     0.27609         2     0.77688         5     1.90390         1     3.23388
Frame      74402    pt_id     1         3     0.03534         6     0.20570         4     0.27865         2     0.79356         5     1.88661         1     3.21937
Frame      74403    pt_id     1         3     0.04478         6     0.18096         4     0.29384         2     0.83415         5     1.85522         1     3.19797
Frame      74404    pt_id     1         3     0.04824         6     0.17848         4     0.30054         2     0.84464         5     1.84926         1     3.19300
Frame      74405    pt_id     1         3     0.04922         6     0.17480         4     0.29963         2     0.84602         5     1.84345         1     3.18753
Frame      74406    pt_id     1         3     0.05127         6     0.16856         4     0.30114         2     0.85426         5     1.84650         1     3.19104
Frame      74407    pt_id     1         3     0.05368         6     0.16211         4     0.30199         2     0.86091         5     1.84290         1     3.18700
Frame      74408    pt_id     1         3     0.05581         6     0.15640         4     0.30611         2     0.87217         5     1.83882         1     3.18679
Frame      74409    pt_id     1         3     0.05991         6     0.14844         4     0.30458         2     0.87731         5     1.83828         1     3.18612
Frame      74410    pt_id     1         3     0.06257         6     0.14167         4     0.30577         2     0.88492         5     1.83488         1     3.18294
Frame      74411    pt_id     1         3     0.06165         6     0.14106         4     0.31362         2     0.89533         5     1.81974         1     3.17144
Frame      74412    pt_id     1         3     0.05911         6     0.15121         4     0.31607         2     0.89153         5     1.83854         1     3.18895
Frame      74413    pt_id     1         3     0.05518         6     0.16119         4     0.31584         2     0.88294         5     1.84813         1     3.19627
Frame      74414    pt_id     1         3     0.05244         6     0.16273         4     0.30846         2     0.87120         5     1.85079         1     3.19630
Frame      74415    pt_id     1         3     0.05265         6     0.17119         4     0.31838         2     0.87811         5     1.85781         1     3.20266
Frame      74416    pt_id     1         3     0.04972         6     0.18083         4     0.31910         2     0.87070         5     1.85916         1     3.20556
Frame      74417    pt_id     1         3     0.04719         6     0.18532         4     0.31826         2     0.86565         5     1.85630         1     3.20450
Frame      74418    pt_id     1         3     0.04084         6     0.19589         4     0.30418         2     0.83711         5     1.86937         1     3.21114
Frame      74419    pt_id     1         3     0.03705         6     0.20882         4     0.30779         2     0.83334         5     1.87982         1     3.22170
Frame      74420    pt_id     1         3     0.03338         6     0.21616         4     0.30219         2     0.81973         5     1.88415         1     3.22464
Frame      74421    pt_id     1         3     0.03252         6     0.22160         4     0.30034         2     0.81254         5     1.89022         1     3.22872
Frame      74422    pt_id     1         3     0.03325         6     0.20764         4     0.29645         2     0.81736         5     1.87083         1     3.21165
Frame      74423    pt_id     1         3     0.03136         6     0.21052         4     0.29590         2     0.81481         5     1.87073         1     3.21143
Frame      74424    pt_id     1         3     0.02770         6     0.22236         4     0.30054         2     0.81216         5     1.86681         1     3.21012
Frame      74425    pt_id     1         3     0.02596         6     0.21704         4     0.28709         2     0.79713         5     1.86519         1     3.20519
Frame      74426    pt_id     1         3     0.02678         6     0.20227         4     0.27168         2     0.78497         5     1.85756         1     3.18395
Frame      74427    pt_id     1         3     0.02962         6     0.19260         4     0.27392         2     0.79460         5     1.84469         1     3.17074
Frame      74428    pt_id     1         3     0.03289         6     0.18597         4     0.28358         2     0.81290         5     1.83252         1     3.16384
Frame      74429    pt_id     1         3     0.03412         6     0.17962         4     0.27807         2     0.80975         5     1.82345         1     3.15449
Frame      74430    pt_id     1         3     0.03106         6     0.18709         4     0.27141         2     0.79514         5     1.83595         1     3.16386
Frame      74431    pt_id     1         3     0.03332         6     0.17855         4     0.26464         2     0.79280         5     1.82997         1     3.15591
Frame      74432    pt_id     1         3     0.03310         6     0.17715         4     0.26530         2     0.79424         5     1.82099         1     3.14698
Frame      74433    pt_id     1         3     0.03236         6     0.17893         4     0.25529         2     0.77940         5     1.82774         1     3.14960
Frame      74434    pt_id     1         3     0.03667         6     0.17239         4     0.26018         2     0.79050         5     1.82450         1     3.14727
Frame      74435    pt_id     1         3     0.03546         6     0.17652         4     0.27058         2     0.80033         5     1.81818         1     3.14502
Frame      74436    pt_id     1         3     0.03375         6     0.18392         4     0.28244         2     0.81254         5     1.81743         1     3.15575
Frame      74437    pt_id     1         3     0.03162         6     0.19226         4     0.28707         2     0.81346         5     1.82691         1     3.16733
Frame      74438    pt_id     1         3     0.02469         6     0.20888         4     0.27802         2     0.78827         5     1.84024         1     3.17665
Frame      74439    pt_id     1         3     0.02727         6     0.20035         4     0.28318         2     0.80177         5     1.83099         1     3.16840
Frame      74440    pt_id     1         3     0.03006         6     0.19579         4     0.29894         2     0.82509         5     1.80697         1     3.14978
Frame      74441    pt_id     1         3     0.02719         6     0.20747         4     0.30529         2     0.82540         5     1.80838         1     3.15378
Frame      74442    pt_id     1         3     0.02366         6     0.22944         4     0.31023         2     0.81427         5     1.82058         1     3.16458
Frame      74443    pt_id     1         3     0.02605         6     0.22862         4     0.31974         2     0.82611         5     1.80802         1     3.15390
Frame      74444    pt_id     1         3     0.02475         6     0.22573         4     0.31064         2     0.81511         5     1.81199         1     3.15259
Frame      74445    pt_id     1         3     0.02404         6     0.22174         4     0.30841         2     0.81580         5     1.80756         1     3.14839
Frame      74446    pt_id     1         3     0.02651         6     0.21090         4     0.31024         2     0.82790         5     1.79927         1     3.14326
Frame      74447    pt_id     1         3     0.02496         6     0.21304         4     0.30287         2     0.81519         5     1.80361         1     3.14534
Frame      74448    pt_id     1         3     0.02912         6     0.20381         4     0.31368         2     0.83728         5     1.79051         1     3.13653
Frame      74449    pt_id     1         3     0.02616         6     0.21232         4     0.30713         2     0.82202         5     1.80176         1     3.14715
Frame      74450    pt_id     1         3     0.02489         6     0.21166         4     0.28910         2     0.79790         5     1.81981         1     3.15764
Frame      74451    pt_id     1         3     0.02685         6     0.20051         4     0.28515         2     0.80045         5     1.81141         1     3.14637
Frame      74452    pt_id     1         3     0.02983         6     0.18929         4     0.27682         2     0.79934         5     1.81347         1     3.14802
Frame      74453    pt_id     1         3     0.02655         6     0.19893         4     0.26638         2     0.77885         5     1.83816         1     3.16800
Frame      74454    pt_id     1         3     0.02656         6     0.19456         4     0.26102         2     0.77535         5     1.83421         1     3.16175
Frame      74455    pt_id     1         3     0.02485         6     0.19819         4     0.25890         2     0.76977         5     1.83507         1     3.16164
Frame      74456    pt_id     1         3     0.01892         6     0.21953         4     0.26069         2     0.75464         5     1.84375         1     3.16953
Frame      74457    pt_id     1         3     0.01834         6     0.21919         4     0.26268         2     0.75850         5     1.84199         1     3.16827
Frame      74458    pt_id     1         3     0.01537         6     0.23103         4     0.25411         2     0.73728         5     1.85810         1     3.17808
Frame      74459    pt_id     1         3     0.01188         6     0.24484         4     0.25506         2     0.72811         5     1.86018         1     3.18043
Frame      74460    pt_id     1         3     0.01026         4     0.25153         6     0.25656         2     0.71640         5     1.88440         1     3.20344
Frame      74461    pt_id     1         3     0.00826         4     0.25609         6     0.28093         2     0.70546         5     1.91192         1     3.23044
Frame      74462    pt_id     1         3     0.00848         4     0.27401         6     0.29609         2     0.71897         5     1.90892         1     3.23120
Frame      74463    pt_id     1         3     0.00828         4     0.27081         6     0.30352         2     0.70987         5     1.92609         1     3.24561
Frame      74464    pt_id     1         3     0.00855         4     0.27870         6     0.32507         2     0.70831         5     1.94511         1     3.26762
Frame      74465    pt_id     1         3     0.00779         4     0.27078         6     0.33157         2     0.69361         5     1.96395         1     3.28292
Frame      74466    pt_id     1         3     0.00748         4     0.27028         6     0.33120         2     0.69281         5     1.96049         1     3.27968
Frame      74467    pt_id     1         3     0.00798         4     0.27569         6     0.34295         2     0.69168         5     1.96591         1     3.28448
Frame      74468    pt_id     1         3     0.00870         4     0.27511         6     0.33652         2     0.69520         5     1.96689         1     3.28526
Frame      74469    pt_id     1         3     0.01061         4     0.27840         6     0.34960         2     0.69082         5     1.99038         1     3.30445
Frame      74470    pt_id     1         3     0.01038         4     0.28254         6     0.32319         2     0.71402         5     1.95078         1     3.27184
Frame      74471    pt_id     1         3     0.01103         4     0.28850         6     0.32424         2     0.72133         5     1.94459         1     3.26903
Frame      74472    pt_id     1         3     0.01081         4     0.27988         6     0.32449         2     0.70956         5     1.95941         1     3.28067
Frame      74473    pt_id     1         3     0.00996         4     0.28259         6     0.32124         2     0.71610         5     1.94540         1     3.27116
Frame      74474    pt_id     1         3     0.01075         4     0.28143         6     0.32069         2     0.71319         5     1.94450         1     3.27132
Frame      74475    pt_id     1         3     0.01136         4     0.28329         6     0.31986         2     0.71576         5     1.94210         1     3.26917
Frame      74476    pt_id     1         3     0.01134         4     0.27987         6     0.31403         2     0.71618         5     1.94610         1     3.27162
Frame      74477    pt_id     1         3     0.01132         4     0.26789         6     0.29087         2     0.71440         5     1.92980         1     3.25104
Frame      74478    pt_id     1         3     0.00703         4     0.24629         6     0.31006         2     0.66863         5     1.95890         1     3.25655
Frame      74479    pt_id     1         3     0.00828         4     0.23560         6     0.27816         2     0.67454         5     1.92758         1     3.21900
Frame      74480    pt_id     1         3     0.00801         4     0.23570         6     0.28134         2     0.67301         5     1.93349         1     3.22459
Frame      74481    pt_id     1         3     0.00984         4     0.22959         6     0.27258         2     0.67099         5     1.93796         1     3.22584
Frame      74482    pt_id     1         3     0.01164         4     0.21601         6     0.26535         2     0.65811         5     1.94418         1     3.22737
Frame      74483    pt_id     1         3     0.01452         4     0.22101         6     0.25103         2     0.67483         5     1.93020         1     3.21531
Frame      74484    pt_id     1         3     0.01776         4     0.21911         6     0.23997         2     0.68152         5     1.93566         1     3.21877
Frame      74485    pt_id     1         3     0.01926         4     0.22211         6     0.23210         2     0.69142         5     1.92487         1     3.21066
Frame      74486    pt_id     1         3     0.02218         4     0.21353         6     0.23189         2     0.68022         5     1.93721         1     3.21863
Frame      74487    pt_id     1         3     0.02319         4     0.21852         6     0.22915         2     0.69100         5     1.94298         1     3.23042
Frame      74488    pt_id     1         3     0.02999         6     0.20626         4     0.23077         2     0.72845         5     1.92158         1     3.22823
Frame      74489    pt_id     1         3     0.02983         6     0.21023         4     0.22538         2     0.72115         5     1.94192         1     3.25093
Frame      74490    pt_id     1         3     0.02865         6     0.21753         4     0.22708         2     0.71720         5     1.95035         1     3.25719
Frame      74491    pt_id     1         3     0.02910         6     0.21984         4     0.22037         2     0.70731         5     1.96065         1     3.26581
Frame      74492    pt_id     1         3     0.02919         4     0.21716         6     0.21754         2     0.70535         5     1.96641         1     3.26916
Frame      74493    pt_id     1         3     0.02966         4     0.21453         6     0.21899         2     0.70096         5     1.97051         1     3.27285
Frame      74494    pt_id     1         3     0.02512         4     0.21170         6     0.23266         2     0.68705         5     1.98716         1     3.28560
Frame      74495    pt_id     1         3     0.02357         4     0.20470         6     0.25097         2     0.66470         5     2.02222         1     3.31300
Frame      74496    pt_id     1         3     0.02558         4     0.21809         6     0.23649         2     0.69314         5     1.99935         1     3.29656
Frame      74497    pt_id     1         3     0.02509         4     0.21570         6     0.23250         2     0.69219         5     1.98878         1     3.28536
Frame      74498    pt_id     1         3     0.02636         4     0.21874         6     0.22185         2     0.70462         5     1.97285         1     3.27286
Frame      74499    pt_id     1         3     0.02659         6     0.22451         4     0.23337         2     0.72111         5     1.96187         1     3.26824
Frame      74500    pt_id     1         3     0.02561         6     0.23094         4     0.23124         2     0.71349         5     1.96912         1     3.27496
Frame      74501    pt_id     1         3     0.02616         6     0.23055         4     0.23077         2     0.71427         5     1.97795         1     3.28331
Frame      74502    pt_id     1         3     0.02535         6     0.23822         4     0.23840         2     0.71955         5     1.98415         1     3.29201
Frame      74503    pt_id     1         3     0.02311         4     0.23560         6     0.24921         2     0.70837         5     2.00157         1     3.30518
Frame      74504    pt_id     1         3     0.02225         4     0.21899         6     0.24484         2     0.68773         5     1.99867         1     3.29646
Frame      74505    pt_id     1         3     0.02072         4     0.20080         6     0.24908         2     0.65861         5     2.00666         1     3.29191
Frame      74506    pt_id     1         3     0.01894         4     0.17960         6     0.26847         2     0.61542         5     2.03913         1     3.30743
Frame      74507    pt_id     1         3     0.01854         4     0.17404         6     0.28001         2     0.59960         5     2.05831         1     3.32092
Frame      74508    pt_id     1         3     0.01786         4     0.17028         6     0.30425         2     0.57619         5     2.08471         1     3.34053
Frame      74509    pt_id     1         3     0.01917         4     0.15421         6     0.32242         2     0.54214         5     2.11765         1     3.35819
Frame      74510    pt_id     1         3     0.01911         4     0.14938         6     0.31726         2     0.53980         5     2.11285         1     3.35071
Frame      74511    pt_id     1         3     0.01768         4     0.15200         6     0.31827         2     0.54074         5     2.09454         1     3.33376
Frame      74512    pt_id     1         3     0.01894         4     0.14818         6     0.31861         2     0.53560         5     2.09271         1     3.33123
Frame      74513    pt_id     1         3     0.01878         4     0.15055         6     0.31096         2     0.54441         5     2.08282         1     3.32424
Frame      74514    pt_id     1         3     0.01542         4     0.16196         6     0.30288         2     0.56562         5     2.06560         1     3.31682
Frame      74515    pt_id     1         3     0.01475         4     0.17614         6     0.28770         2     0.59569         5     2.03840         1     3.30391
Frame      74516    pt_id     1         3     0.01492         4     0.17466         6     0.29207         2     0.59029         5     2.04289         1     3.30674
Frame      74517    pt_id     1         3     0.01485         4     0.16547         6     0.30809         2     0.56705         5     2.06844         1     3.32460
Frame      74518    pt_id     1         3     0.01568         4     0.16645         6     0.28625         2     0.58574         5     2.04706         1     3.30832
Frame      74519    pt_id     1         3     0.01684         4     0.17447         6     0.26772         2     0.61120         5     2.02213         1     3.29439
Frame      74520    pt_id     1         3     0.01490         4     0.17302         6     0.27906         2     0.60207         5     2.03376         1     3.30685
Frame      74521    pt_id     1         3     0.01495         4     0.16642         6     0.28711         2     0.58948         5     2.04782         1     3.31915
Frame      74522    pt_id     1         3     0.01384         4     0.16757         6     0.29427         2     0.58659         5     2.05376         1     3.32636
Frame      74523    pt_id     1         3     0.01188         4     0.16729         6     0.30915         2     0.57474         5     2.06243         1     3.33377
Frame      74524    pt_id     1         3     0.01132         4     0.16543         6     0.32243         2     0.56291         5     2.08210         1     3.35081
Frame      74525    pt_id     1         3     0.01216         4     0.16387         6     0.32473         2     0.56001         5     2.09628         1     3.36433
Frame      74526    pt_id     1         3     0.01239         4     0.16811         6     0.31646         2     0.57280         5     2.08870         1     3.36600
Frame      74527    pt_id     1         3     0.01080         4     0.17496         6     0.31528         2     0.58387         5     2.07566         1     3.36302
Frame      74528    pt_id     1         3     0.00927         4     0.18112         6     0.33948         2     0.57430         5     2.09268         1     3.38127
Frame      74529    pt_id     1         3     0.00860         4     0.18199         6     0.35668         2     0.56412         5     2.10472         1     3.39417
Frame      74530    pt_id     1         3     0.00948         4     0.17602         6     0.35308         2     0.55855         5     2.10542         1     3.39308
Frame      74531    pt_id     1         3     0.00988         4     0.17378         6     0.35638         2     0.55233         5     2.10915         1     3.39287
Frame      74532    pt_id     1         3     0.01071         4     0.16891         6     0.35526         2     0.54560         5     2.10633         1     3.38722
Frame      74533    pt_id     1         3     0.01085         4     0.16654         6     0.35516         2     0.54197         5     2.09801         1     3.37960
Frame      74534    pt_id     1         3     0.01125         4     0.16314         6     0.36188         2     0.53171         5     2.09329         1     3.37147
Frame      74535    pt_id     1         3     0.01098         4     0.16502         6     0.37255         2     0.52632         5     2.09242         1     3.37083
Frame      74536    pt_id     1         3     0.00918         4     0.17060         6     0.38913         2     0.52354         5     2.09098         1     3.37383
Frame      74537    pt_id     1         3     0.00859         4     0.17261         6     0.39692         2     0.52053         5     2.09440         1     3.37538
Frame      74538    pt_id     1         3     0.00850         4     0.17359         6     0.40230         2     0.51896         5     2.09983         1     3.38092
Frame      74539    pt_id     1         3     0.01012         4     0.17664         6     0.42415         2     0.50776         5     2.12018         1     3.39772
Frame      74540    pt_id     1         3     0.01105         4     0.17731         6     0.43431         2     0.50199         5     2.13158         1     3.40681
Frame      74541    pt_id     1         3     0.01063         4     0.18036         6     0.43326         2     0.50750         5     2.13231         1     3.41069
Frame      74542    pt_id     1         3     0.01126         4     0.17978         6     0.44130         2     0.50144         5     2.13741         1     3.41310
Frame      74543    pt_id     1         3     0.01336         4     0.17822         6     0.45600         2     0.49103         5     2.16175         1     3.43452
Frame      74544    pt_id     1         3     0.01333         4     0.17911         6     0.45786         2     0.49142         5     2.16222         1     3.43685
Frame      74545    pt_id     1         3     0.01420         4     0.17689         6     0.46511         2     0.48564         5     2.16723         1     3.44304
Frame      74546    pt_id     1         3     0.01570         4     0.17006         6     0.46489         2     0.47593         5     2.18453         1     3.45251
Frame      74547    pt_id     1         3     0.01937         4     0.15861         2     0.45593         6     0.47075         5     2.20550         1     3.46048
Frame      74548    pt_id     1         3     0.02113         4     0.14952         2     0.44397         6     0.46785         5     2.20222         1     3.44604
Frame      74549    pt_id     1         3     0.02254         4     0.13498         2     0.43759         6     0.44729         5     2.20267         1     3.43201
Frame      74550    pt_id     1         3     0.02367         4     0.13396         2     0.43131         6     0.45120         5     2.20304         1     3.42386
Frame      74551    pt_id     1         3     0.02227         4     0.13872         2     0.43542         6     0.45313         5     2.19120         1     3.41340
Frame      74552    pt_id     1         3     0.01897         4     0.14633         6     0.44832         2     0.44921         5     2.17834         1     3.40775
Frame      74553    pt_id     1         3     0.01980         4     0.14762         2     0.44650         6     0.45616         5     2.18206         1     3.41171
Frame      74554    pt_id     1         3     0.01851         4     0.14986         6     0.45079         2     0.45311         5     2.17849         1     3.40863
Frame      74555    pt_id     1         3     0.01741         4     0.15332         6     0.44858         2     0.45808         5     2.17154         1     3.40084
Frame      74556    pt_id     1         3     0.01714         4     0.16008         6     0.45735         2     0.46184         5     2.17004         1     3.40407
Frame      74557    pt_id     1         3     0.01637         4     0.16519         6     0.46124         2     0.46669         5     2.16137         1     3.40393
Frame      74558    pt_id     1         3     0.01782         4     0.16610         2     0.46147         6     0.47383         5     2.17732         1     3.42457
Frame      74559    pt_id     1         3     0.01842         4     0.17544         2     0.46536         6     0.48939         5     2.18127         1     3.43982
Frame      74560    pt_id     1         3     0.01934         4     0.17847         2     0.46618         6     0.49719         5     2.18491         1     3.44882
Frame      74561    pt_id     1         3     0.02310         4     0.17327         2     0.44723         6     0.51531         5     2.21229         1     3.46811
Frame      74562    pt_id     1         3     0.02790         4     0.16740         2     0.42802         6     0.53266         5     2.23715         1     3.48306
Frame      74563    pt_id     1         3     0.03115         4     0.16190         2     0.41434         6     0.54118         5     2.25417         1     3.49260
Frame      74564    pt_id     1         3     0.03589         4     0.14944         2     0.39507         6     0.54553         5     2.27443         1     3.50167
Frame      74565    pt_id     1         3     0.04185         4     0.14111         2     0.37631         6     0.55745         5     2.30141         1     3.51634
Frame      74566    pt_id     1         3     0.04954         4     0.13161         2     0.35523         6     0.57227         5     2.33570         1     3.53676
Frame      74567    pt_id     1         3     0.05345         4     0.12868         2     0.34441         6     0.58345         5     2.36310         1     3.55324
Frame      74568    pt_id     1         3     0.05555         4     0.12796         2     0.33970         6     0.58967         5     2.37422         1     3.56120
Frame      74569    pt_id     1         3     0.06045         4     0.12923         2     0.33138         6     0.60677         5     2.38781         1     3.57344
Frame      74570    pt_id     1         3     0.06313         4     0.12530         2     0.32624         6     0.60877         5     2.39634         1     3.58145
Frame      74571    pt_id     1         3     0.06787         4     0.12282         2     0.31788         6     0.61929         5     2.41273         1     3.59519
Frame      74572    pt_id     1         3     0.07493         4     0.11917         2     0.30403         6     0.63464         5     2.44647         1     3.61780
Frame      74573    pt_id     1         3     0.07683         4     0.11528         2     0.29964         6     0.63342         5     2.45086         1     3.61717
Frame      74574    pt_id     1         3     0.08170         4     0.12033         2     0.29299         6     0.65603         5     2.47441         1     3.63859
Frame      74575    pt_id     1         3     0.08570         4     0.11626         2     0.28550         6     0.66178         5     2.49654         1     3.65523
Frame      74576    pt_id     1         3     0.08617         4     0.11592         2     0.28587         6     0.66389         5     2.49628         1     3.65941
Frame      74577    pt_id     1         3     0.08521         4     0.11531         2     0.28877         6     0.65893         5     2.48079         1     3.64859
Frame      74578    pt_id     1         3     0.08865         4     0.11504         2     0.28412         6     0.66602         5     2.48691         1     3.65253
Frame      74579    pt_id     1         3     0.08962         4     0.11286         2     0.28190         6     0.66478         5     2.48788         1     3.64916
Frame      74580    pt_id     1         3     0.09822         4     0.11442         2     0.26970         6     0.68791         5     2.51563         1     3.66728
Frame      74581    pt_id     1         3     0.10289         4     0.11231         2     0.26277         6     0.69324         5     2.52248         1     3.66614
Frame      74582    pt_id     1         3     0.10477         4     0.10946         2     0.26224         6     0.68924         5     2.51325         1     3.65828
Frame      74583    pt_id     1         4     0.10543         3     0.10699         2     0.25972         6     0.68568         5     2.51231         1     3.65251
Frame      74584    pt_id     1         4     0.10314         3     0.10852         2     0.25698         6     0.68410         5     2.51590         1     3.65124
Frame      74585    pt_id     1         3     0.10764         4     0.10981         2     0.25845         6     0.69208         5     2.50800         1     3.64341
Frame      74586    pt_id     1         4     0.10868         3     0.11023         2     0.25288         6     0.69455         5     2.51881         1     3.64208
Frame      74587    pt_id     1         4     0.10806         3     0.11681         2     0.24107         6     0.71101         5     2.55662         1     3.66335
Frame      74588    pt_id     1         4     0.10050         3     0.12023         2     0.23191         6     0.70995         5     2.58494         1     3.67322
Frame      74589    pt_id     1         4     0.09839         3     0.13022         2     0.21763         6     0.72953         5     2.62824         1     3.69808
Frame      74590    pt_id     1         4     0.09266         3     0.13200         2     0.21212         6     0.72540         5     2.64490         1     3.69999
Frame      74591    pt_id     1         4     0.09111         3     0.13833         2     0.20335         6     0.73943         5     2.67928         1     3.72389
Frame      74592    pt_id     1         4     0.09543         3     0.14862         2     0.19214         6     0.76761         5     2.71876         1     3.75097
Frame      74593    pt_id     1         4     0.10079         3     0.15997         2     0.18168         6     0.79741         5     2.76143         1     3.78330
Frame      74594    pt_id     1         4     0.10249         3     0.17131         2     0.17155         6     0.82082         5     2.79643         1     3.80755
Frame      74595    pt_id     1         4     0.10004         2     0.15910         3     0.18651         6     0.84187         5     2.83994         1     3.83945
Frame      74596    pt_id     1         4     0.10454         2     0.15111         3     0.19773         6     0.86787         5     2.87600         1     3.86725
Frame      74597    pt_id     1         4     0.10475         2     0.14786         3     0.20343         6     0.87841         5     2.89211         1     3.88378
Frame      74598    pt_id     1         4     0.11740         2     0.13923         3     0.22150         6     0.92486         5     2.94086         1     3.92869
Frame      74599    pt_id     1         4     0.11720         2     0.13504         3     0.22760         6     0.93510         5     2.96595         1     3.94969
Frame      74600    pt_id     1         4     0.11940         2     0.13148         3     0.23457         6     0.94849         5     2.98290         1     3.96371
Frame      74601    pt_id     1         4     0.11728         2     0.12996         3     0.23523         6     0.94569         5     2.98556         1     3.96202
Frame      74602    pt_id     1         4     0.11473         2     0.12790         3     0.23634         6     0.94330         5     2.98856         1     3.95834
Frame      74603    pt_id     1         4     0.11473         2     0.12637         3     0.23846         6     0.94799         5     3.00103         1     3.96814
Frame      74604    pt_id     1         4     0.11646         2     0.12402         3     0.24243         6     0.95719         5     3.01390         1     3.97670
Frame      74605    pt_id     1         4     0.11894         2     0.12129         3     0.24679         6     0.96900         5     3.03544         1     3.99160
Frame      74606    pt_id     1         4     0.11571         2     0.12037         3     0.24646         6     0.96339         5     3.03410         1     3.98745
Frame      74607    pt_id     1         4     0.11672         2     0.11732         3     0.25081         6     0.97058         5     3.04747         1     3.99471
Frame      74608    pt_id     1         4     0.11487         2     0.11748         3     0.25003         6     0.96638         5     3.04176         1     3.98714
Frame      74609    pt_id     1         4     0.11521         2     0.11839         3     0.24789         6     0.96232         5     3.02882         1     3.97438
Frame      74610    pt_id     1         2     0.11489         4     0.11909         3     0.25469         6     0.97817         5     3.05240         1     3.99318
Frame      74611    pt_id     1         2     0.11506         4     0.11749         3     0.25358         6     0.97536         5     3.05714         1     3.99856
Frame      74612    pt_id     1         2     0.11485         4     0.11892         3     0.25508         6     0.97967         5     3.06379         1     4.00704
Frame      74613    pt_id     1         2     0.11446         4     0.11530         3     0.25372         6     0.97118         5     3.05975         1     4.00077
Frame      74614    pt_id     1         4     0.11071         2     0.11769         3     0.24686         6     0.95561         5     3.04036         1     3.98533
Frame      74615    pt_id     1         4     0.10700         2     0.12201         3     0.23899         6     0.93814         5     3.01364         1     3.96393
Frame      74616    pt_id     1         4     0.11149         2     0.12284         3     0.23812         6     0.94441         5     3.01394         1     3.96449
Frame      74617    pt_id     1         4     0.10941         2     0.12295         3     0.23715         6     0.93892         5     3.00685         1     3.95620
Frame      74618    pt_id     1         4     0.10925         2     0.12508         3     0.23277         6     0.93189         5     2.99375         1     3.94393
Frame      74619    pt_id     1         4     0.11289         2     0.12396         3     0.23675         6     0.94440         5     3.00751         1     3.95908
Frame      74620    pt_id     1         4     0.10728         2     0.12794         3     0.22926         6     0.92494         5     2.98665         1     3.94439
Frame      74621    pt_id     1         4     0.10825         2     0.12750         3     0.23066         6     0.92790         5     2.98344         1     3.94027
Frame      74622    pt_id     1         4     0.11012         2     0.12683         3     0.23294         6     0.93612         5     2.99787         1     3.95624
Frame      74623    pt_id     1         4     0.10955         2     0.12611         3     0.23414         6     0.93733         5     3.00179         1     3.95873
Frame      74624    pt_id     1         4     0.10986         2     0.12167         3     0.23991         6     0.94441         5     3.02004         1     3.96999
Frame      74625    pt_id     1         4     0.10862         2     0.11711         3     0.24685         6     0.95349         5     3.05301         1     3.99685
Frame      74626    pt_id     1         4     0.10162         2     0.11603         3     0.24760         6     0.94372         5     3.05921         1     4.00148
Frame      74627    pt_id     1         4     0.10057         2     0.11574         3     0.24803         6     0.94307         5     3.06345         1     4.00584
Frame      74628    pt_id     1         4     0.09752         2     0.11248         3     0.25375         6     0.94641         5     3.08659         1     4.02520
Frame      74629    pt_id     1         4     0.09310         2     0.10976         3     0.25754         6     0.94408         5     3.10396         1     4.03592
Frame      74630    pt_id     1         4     0.09526         2     0.10614         3     0.26513         6     0.95817         5     3.12754         1     4.05500
Frame      74631    pt_id     1         4     0.09965         2     0.10309         3     0.27212         6     0.97458         5     3.15381         1     4.07749
Frame      74632    pt_id     1         4     0.09783         2     0.10148         3     0.27465         6     0.97568         5     3.16552         1     4.08515
Frame      74633    pt_id     1         2     0.09906         4     0.10001         3     0.28006         6     0.98649         5     3.18672         1     4.10228
Frame      74634    pt_id     1         2     0.09680         4     0.10147         3     0.28624         6     0.99808         5     3.21053         1     4.12338
Frame      74635    pt_id     1         2     0.09329         4     0.10360         3     0.29415         6     1.01148         5     3.22776         1     4.13516
Frame      74636    pt_id     1         2     0.09121         4     0.10805         3     0.30010         6     1.02663         5     3.24619         1     4.15178
Frame      74637    pt_id     1         2     0.08779         4     0.11325         3     0.30777         6     1.04377         5     3.26588         1     4.16326
Frame      74638    pt_id     1         2     0.08692         4     0.11187         3     0.30931         6     1.04407         5     3.27160         1     4.16671
Frame      74639    pt_id     1         2     0.08637         4     0.11430         3     0.31136         6     1.05081         5     3.27527         1     4.16998
Frame      74640    pt_id     1         2     0.08481         4     0.11511         3     0.31403         6     1.05492         5     3.28142         1     4.17115
Frame      74641    pt_id     1         2     0.08194         4     0.11357         3     0.32138         6     1.06079         5     3.30081         1     4.18526
Frame      74642    pt_id     1         2     0.07964         4     0.11152         3     0.32674         6     1.06290         5     3.31783         1     4.19656
Frame      74643    pt_id     1         2     0.07872         4     0.11405         3     0.33106         6     1.07302         5     3.33337         1     4.21190
Frame      74644    pt_id     1         2     0.07881         4     0.11214         3     0.33050         6     1.06911         5     3.33595         1     4.21446
Frame      74645    pt_id     1         2     0.08059         4     0.10978         3     0.32615         6     1.06021         5     3.33330         1     4.21541
Frame      74646    pt_id     1         2     0.08288         4     0.10684         3     0.31990         6     1.04762         5     3.31956         1     4.20446
Frame      74647    pt_id     1         2     0.08707         4     0.10336         3     0.31283         6     1.03290         5     3.30809         1     4.20236
Frame      74648    pt_id     1         2     0.09289         4     0.10090         3     0.29899         6     1.01255         5     3.27082         1     4.17684
Frame      74649    pt_id     1         4     0.09612         2     0.09889         3     0.28616         6     0.98836         5     3.22963         1     4.14833
Frame      74650    pt_id     1         4     0.09587         2     0.09898         3     0.28648         6     0.98856         5     3.23763         1     4.15580
Frame      74651    pt_id     1         4     0.09438         2     0.09971         3     0.28615         6     0.98552         5     3.24059         1     4.16043
Frame      74652    pt_id     1         4     0.09473         2     0.10164         3     0.28227         6     0.98237         5     3.22905         1     4.15421
Frame      74653    pt_id     1         4     0.09355         2     0.10111         3     0.28162         6     0.97863         5     3.22402         1     4.14482
Frame      74654    pt_id     1         4     0.09649         2     0.09896         3     0.28544         6     0.98946         5     3.23077         1     4.14987
Frame      74655    pt_id     1         2     0.09758         4     0.09922         3     0.28597         6     0.99515         5     3.22240         1     4.13852
Frame      74656    pt_id     1         2     0.09302         4     0.09739         3     0.29346         6     1.00109         5     3.23806         1     4.14288
Frame      74657    pt_id     1         2     0.08626         4     0.09741         3     0.30790         6     1.01798         5     3.27643         1     4.16469
Frame      74658    pt_id     1         2     0.07840         4     0.10346         3     0.32870         6     1.05194         5     3.33707         1     4.21004
Frame      74659    pt_id     1         2     0.07526         4     0.10359         3     0.33799         6     1.06327         5     3.37191         1     4.23598
Frame      74660    pt_id     1         2     0.07767         4     0.10012         3     0.33164         6     1.04946         5     3.34571         1     4.21571
Frame      74661    pt_id     1         2     0.07924         4     0.09914         3     0.32452         6     1.03948         5     3.32454         1     4.19498
Frame      74662    pt_id     1         2     0.08042         4     0.09719         3     0.31970         6     1.02878         5     3.30590         1     4.17697
Frame      74663    pt_id     1         2     0.08515         4     0.08943         3     0.31047         6     1.00346         5     3.27532         1     4.15591
Frame      74664    pt_id     1         4     0.08338         2     0.08821         3     0.30442         6     0.98524         5     3.26301         1     4.14685
Frame      74665    pt_id     1         4     0.07880         2     0.09123         3     0.30042         6     0.97179         5     3.25575         1     4.14588
Frame      74666    pt_id     1         4     0.08145         2     0.09105         3     0.30430         6     0.98351         5     3.27389         1     4.17214
Frame      74667    pt_id     1         4     0.08428         2     0.09215         3     0.30370         6     0.99043         5     3.27837         1     4.18520
Frame      74668    pt_id     1         4     0.08358         2     0.09141         3     0.30988         6     0.99748         5     3.30347         1     4.21308
Frame      74669    pt_id     1         2     0.08722         4     0.09027         3     0.32191         6     1.02434         5     3.34046         1     4.24698
Frame      74670    pt_id     1         2     0.08132         4     0.09799         3     0.34030         6     1.05924         5     3.40079         1     4.29773
Frame      74671    pt_id     1         2     0.07730         4     0.10492         3     0.35701         6     1.08970         5     3.45000         1     4.34250
Frame      74672    pt_id     1         2     0.07304         4     0.11095         3     0.37610         6     1.12078         5     3.51013         1     4.39427
Frame      74673    pt_id     1         2     0.06877         4     0.12139         3     0.39886         6     1.16216         5     3.57890         1     4.45371
Frame      74674    pt_id     1         2     0.06691         4     0.12967         3     0.41282         6     1.19029         5     3.61690         1     4.48955
Frame      74675    pt_id     1         2     0.06445         4     0.13862         3     0.42911         6     1.22120         5     3.66153         1     4.52714
Frame      74676    pt_id     1         2     0.06323         4     0.14007         3     0.43175         6     1.22515         5     3.66890         1     4.52912
Frame      74677    pt_id     1         2     0.06357         4     0.14167         3     0.43042         6     1.22616         5     3.66407         1     4.52619
Frame      74678    pt_id     1         2     0.06438         4     0.14460         3     0.42425         6     1.22536         5     3.64286         1     4.50720
Frame      74679    pt_id     1         2     0.06410         4     0.14572         3     0.42232         6     1.22467         5     3.63344         1     4.49618
Frame      74680    pt_id     1         2     0.06538         4     0.13845         3     0.40966         6     1.20096         5     3.59974         1     4.46498
Frame      74681    pt_id     1         2     0.06582         4     0.13364         3     0.40154         6     1.18471         5     3.57547         1     4.43982
Frame      74682    pt_id     1         2     0.06707         4     0.13169         3     0.39451         6     1.17441         5     3.55683         1     4.42320
Frame      74683    pt_id     1         2     0.06707         4     0.13293         3     0.39266         6     1.17373         5     3.54961         1     4.41494
Frame      74684    pt_id     1         2     0.06778         4     0.13068         3     0.38747         6     1.16507         5     3.53323         1     4.39921
Frame      74685    pt_id     1         2     0.06819         4     0.12894         3     0.38474         6     1.15968         5     3.52023         1     4.38829
Frame      74686    pt_id     1         2     0.06724         4     0.13131         3     0.38849         6     1.16716         5     3.52951         1     4.39369
Frame      74687    pt_id     1         2     0.06614         4     0.12686         3     0.39101         6     1.16226         5     3.53873         1     4.39708
Frame      74688    pt_id     1         2     0.06570         4     0.12220         3     0.39158         6     1.15478         5     3.54164         1     4.39664
Frame      74689    pt_id     1         2     0.06479         4     0.12330         3     0.39507         6     1.16010         5     3.55271         1     4.40412
Frame      74690    pt_id     1         2     0.06402         4     0.12833         3     0.40462         6     1.17841         5     3.58028         1     4.43263
Frame      74691    pt_id     1         2     0.06417         4     0.13107         3     0.40637         6     1.18482         5     3.58864         1     4.44224
Frame      74692    pt_id     1         2     0.06497         4     0.13187         3     0.40431         6     1.18437         5     3.58065         1     4.43837
Frame      74693    pt_id     1         2     0.06612         4     0.13072         3     0.39678         6     1.17516         5     3.55929         1     4.41908
Frame      74694    pt_id     1         2     0.06529         4     0.12599         3     0.38993         6     1.15851         5     3.53737         1     4.39051
Frame      74695    pt_id     1         2     0.06529         4     0.12599         3     0.38993         6     1.15851         5     3.53737         1     4.39051
Frame      74696    pt_id     1         2     0.06529         4     0.12599         3     0.38993         6     1.15851         5     3.53737         1     4.39051
Frame      74697    pt_id     1         2     0.06529         4     0.12599         3     0.38993         6     1.15851         5     3.53737         1     4.39051
