Frame      82828    pt_id     1         1     0.50227         5     1.36480         3     1.75997         6     2.02651         2     2.32971         4     2.44251
Frame      82829    pt_id     1         1     0.46944         5     1.46369         3     1.63288         6     1.84569         2     2.08163         4     2.20268
Frame      82830    pt_id     1         1     0.48513         5     1.38026         3     1.51404         6     1.69282         2     2.00789         4     2.08092
Frame      82831    pt_id     1         1     0.43296         5     1.41592         3     1.56329         6     1.65255         2     2.06039         4     2.09818
Frame      82832    pt_id     1         1     0.45973         5     1.53444         3     1.54584         6     1.64565         2     1.96830         4     2.03729
Frame      82833    pt_id     1         1     0.50298         3     1.50726         5     1.59261         6     1.63383         2     1.88083         4     1.97208
Frame      82834    pt_id     1         1     0.50370         3     1.48292         5     1.56260         6     1.61683         2     1.87376         4     1.96162
Frame      82835    pt_id     1         1     0.50463         3     1.46667         5     1.53464         6     1.56553         2     1.87153         4     1.93116
Frame      82836    pt_id     1         1     0.51380         3     1.44333         5     1.52717         6     1.54856         2     1.84988         4     1.91005
Frame      82837    pt_id     1         1     0.51944         3     1.43815         6     1.53901         5     1.53992         2     1.83758         4     1.89681
Frame      82838    pt_id     1         1     0.55298         3     1.41222         6     1.51321         5     1.60814         2     1.77224         4     1.84171
Frame      82839    pt_id     1         1     0.54305         3     1.41109         6     1.48885         5     1.59304         2     1.79284         4     1.84564
Frame      82840    pt_id     1         1     0.54599         3     1.44816         6     1.50117         5     1.66127         2     1.80301         4     1.85723
Frame      82841    pt_id     1         1     0.56811         3     1.41491         6     1.49049         5     1.66980         2     1.75748         4     1.82302
Frame      82842    pt_id     1         1     0.55320         3     1.40675         6     1.45837         5     1.61680         2     1.78600         4     1.82560
Frame      82843    pt_id     1         1     0.52860         3     1.44291         6     1.49995         5     1.62181         2     1.82155         4     1.87235
Frame      82844    pt_id     1         1     0.52860         3     1.45475         6     1.50637         5     1.63360         2     1.82506         4     1.87560
Frame      82845    pt_id     1         1     0.52399         3     1.46740         6     1.53340         5     1.65074         2     1.82934         4     1.89341
Frame      82846    pt_id     1         1     0.51807         3     1.49815         6     1.56723         5     1.67390         2     1.84313         4     1.91876
Frame      82847    pt_id     1         1     0.51060         3     1.50516         6     1.57140         5     1.66325         2     1.85429         4     1.92823
Frame      82848    pt_id     1         1     0.48223         3     1.52049         6     1.57128         5     1.61006         2     1.90166         4     1.95918
Frame      82849    pt_id     1         1     0.49435         3     1.49811         6     1.56241         5     1.59236         2     1.87295         4     1.93273
Frame      82850    pt_id     1         1     0.49659         3     1.49522         5     1.59114         6     1.59566         2     1.85832         4     1.94158
Frame      82851    pt_id     1         1     0.47289         3     1.51621         5     1.56530         6     1.62261         2     1.89712         4     1.98157
Frame      82852    pt_id     1         1     0.44879         3     1.55621         5     1.56838         6     1.66160         2     1.94366         4     2.03403
Frame      82853    pt_id     1         1     0.43671         5     1.51553         3     1.54054         6     1.60604         2     1.97240         4     2.02530
Frame      82854    pt_id     1         1     0.43715         5     1.53153         3     1.55117         6     1.63654         2     1.96841         4     2.03970
Frame      82855    pt_id     1         1     0.42178         5     1.49437         3     1.55834         6     1.64306         2     1.99949         4     2.06504
Frame      82856    pt_id     1         1     0.39714         5     1.46788         3     1.57685         6     1.62570         2     2.05491         4     2.09359
Frame      82857    pt_id     1         1     0.37931         5     1.45058         3     1.60169         6     1.65477         2     2.09188         4     2.13419
Frame      82858    pt_id     1         1     0.38304         5     1.44054         3     1.59381         6     1.64622         2     2.08612         4     2.12573
Frame      82859    pt_id     1         1     0.37261         5     1.39097         3     1.58764         6     1.63923         2     2.11194         4     2.13959
Frame      82860    pt_id     1         1     0.38416         5     1.33385         3     1.54550         6     1.60545         2     2.09695         4     2.11068
Frame      82861    pt_id     1         1     0.40737         5     1.31156         3     1.50346         6     1.55361         4     2.05633         2     2.05892
Frame      82862    pt_id     1         1     0.42229         5     1.31640         3     1.49105         6     1.55684         2     2.03391         4     2.04077
Frame      82863    pt_id     1         1     0.40538         5     1.32075         3     1.52089         6     1.58753         2     2.06300         4     2.07661
Frame      82864    pt_id     1         1     0.38747         5     1.25443         3     1.52986         6     1.55155         4     2.09498         2     2.12218
Frame      82865    pt_id     1         1     0.39835         5     1.27954         3     1.52023         6     1.56497         4     2.08060         2     2.08926
Frame      82866    pt_id     1         1     0.41551         5     1.26277         3     1.49280         6     1.55869         4     2.05333         2     2.05482
Frame      82867    pt_id     1         1     0.41380         5     1.24929         3     1.48471         6     1.53832         4     2.04858         2     2.06232
Frame      82868    pt_id     1         1     0.39924         5     1.27346         3     1.51653         6     1.55236         4     2.07208         2     2.08484
Frame      82869    pt_id     1         1     0.40732         5     1.33143         3     1.52693         6     1.58107         2     2.05533         4     2.06889
Frame      82870    pt_id     1         1     0.37832         5     1.29820         3     1.56073         6     1.57321         4     2.11026         2     2.12463
Frame      82871    pt_id     1         1     0.35798         5     1.31434         3     1.61015         6     1.61739         4     2.16456         2     2.16954
Frame      82872    pt_id     1         1     0.35873         5     1.29111         3     1.59905         6     1.60112         4     2.15462         2     2.16836
Frame      82873    pt_id     1         1     0.36737         5     1.24380         3     1.56662         6     1.57299         4     2.13006         2     2.15509
Frame      82874    pt_id     1         1     0.36935         5     1.30603         3     1.57649         6     1.58644         4     2.12380         2     2.13159
Frame      82875    pt_id     1         1     0.36123         5     1.30147         3     1.59035         6     1.59686         4     2.14235         2     2.14937
Frame      82876    pt_id     1         1     0.34718         5     1.29458         3     1.60416         6     1.61353         4     2.17275         2     2.17881
Frame      82877    pt_id     1         1     0.34032         5     1.26794         6     1.60157         3     1.60903         4     2.18426         2     2.20561
Frame      82878    pt_id     1         1     0.34404         5     1.25145         3     1.59846         6     1.61555         4     2.18184         2     2.19216
Frame      82879    pt_id     1         1     0.32115         5     1.22553         6     1.62419         3     1.63192         4     2.23015         2     2.25778
Frame      82880    pt_id     1         1     0.30576         5     1.22990         6     1.65267         3     1.66811         4     2.27213         2     2.29845
Frame      82881    pt_id     1         1     0.30177         5     1.21723         6     1.65647         3     1.67063         4     2.27911         2     2.30741
Frame      82882    pt_id     1         1     0.29668         5     1.17955         6     1.66119         3     1.66147         4     2.29246         2     2.32442
Frame      82883    pt_id     1         1     0.29133         5     1.19707         6     1.67895         3     1.68478         4     2.31261         2     2.33920
Frame      82884    pt_id     1         1     0.28238         5     1.14870         6     1.68160         3     1.68595         4     2.33537         2     2.37249
Frame      82885    pt_id     1         1     0.25771         5     1.10702         6     1.65576         3     1.72951         4     2.38949         2     2.47674
Frame      82886    pt_id     1         1     0.26162         5     1.12656         6     1.66588         3     1.72969         4     2.38053         2     2.45491
Frame      82887    pt_id     1         1     0.25277         5     1.15521         6     1.68468         3     1.76258         4     2.40477         2     2.47881
Frame      82888    pt_id     1         1     0.23885         5     1.14341         6     1.65774         3     1.79452         4     2.44485         2     2.55965
Frame      82889    pt_id     1         1     0.24006         5     1.18450         6     1.67229         3     1.81048         4     2.44748         2     2.55112
Frame      82890    pt_id     1         1     0.22855         5     1.20667         6     1.71062         3     1.84420         4     2.49115         2     2.58303
Frame      82891    pt_id     1         1     0.22566         5     1.21096         6     1.71681         3     1.87844         4     2.53221         2     2.63990
Frame      82892    pt_id     1         1     0.21788         5     1.21118         6     1.72780         3     1.94859         4     2.60530         2     2.74551
Frame      82893    pt_id     1         1     0.21307         5     1.19946         6     1.74586         3     1.97558         4     2.63752         2     2.78326
Frame      82894    pt_id     1         1     0.22002         5     1.21538         6     1.76222         3     1.98165         4     2.63857         2     2.76996
Frame      82895    pt_id     1         1     0.22879         5     1.23583         6     1.78754         3     1.96209         4     2.61560         2     2.71152
Frame      82896    pt_id     1         1     0.22442         5     1.21853         6     1.79847         3     2.00082         4     2.66030         2     2.77416
Frame      82897    pt_id     1         1     0.22462         5     1.20987         6     1.81867         3     2.01922         4     2.68454         2     2.79518
Frame      82898    pt_id     1         1     0.22085         5     1.17963         6     1.84153         3     2.03703         4     2.71470         2     2.82662
Frame      82899    pt_id     1         1     0.21781         5     1.10858         6     1.82261         3     2.01985         4     2.72215         2     2.85444
Frame      82900    pt_id     1         1     0.23581         5     1.06637         6     1.77310         3     1.97537         4     2.66806         2     2.81626
Frame      82901    pt_id     1         1     0.22759         5     1.04093         6     1.79365         3     1.97329         4     2.68195         2     2.82112
Frame      82902    pt_id     1         1     0.22403         5     1.04268         6     1.82125         3     1.97309         4     2.68981         2     2.81096
Frame      82903    pt_id     1         1     0.22608         5     1.04877         6     1.83290         3     1.96176         4     2.68844         2     2.79372
Frame      82904    pt_id     1         1     0.22243         5     1.04138         6     1.86246         3     2.00351         4     2.74195         2     2.85601
Frame      82905    pt_id     1         1     0.21837         5     1.02175         6     1.87902         3     2.02346         4     2.77543         2     2.89460
Frame      82906    pt_id     1         1     0.21316         5     0.99293         6     1.91707         3     2.09415         4     2.86918         2     3.01385
Frame      82907    pt_id     1         1     0.20961         5     0.96286         6     1.92581         3     2.10359         4     2.89411         2     3.04766
Frame      82908    pt_id     1         1     0.21683         5     0.96798         6     1.94634         3     2.09988         4     2.89464         2     3.02985
Frame      82909    pt_id     1         1     0.21049         5     0.94766         6     1.97883         3     2.16643         4     2.97979         2     3.13916
Frame      82910    pt_id     1         1     0.20977         5     0.94980         6     2.01658         3     2.19839         4     3.02648         2     3.18132
Frame      82911    pt_id     1         1     0.22191         5     0.94356         6     2.02157         3     2.23464         4     3.06390         2     3.23958
Frame      82912    pt_id     1         1     0.23472         5     0.95763         6     2.06201         3     2.28794         4     3.12065         2     3.29814
Frame      82913    pt_id     1         1     0.23857         5     0.91533         6     2.06034         3     2.31812         4     3.16749         2     3.37920
Frame      82914    pt_id     1         1     0.24278         5     0.87174         6     2.04818         3     2.32602         4     3.18851         2     3.42668
Frame      82915    pt_id     1         1     0.24883         5     0.85196         6     2.04317         3     2.34304         4     3.21603         2     3.47641
Frame      82916    pt_id     1         1     0.24395         5     0.84682         6     2.01800         3     2.30781         4     3.17710         2     3.43288
Frame      82917    pt_id     1         1     0.24626         5     0.82378         6     2.03811         3     2.32609         4     3.21219         2     3.47222
Frame      82918    pt_id     1         1     0.24152         5     0.81213         6     2.05503         3     2.36823         4     3.26535         2     3.54573
Frame      82919    pt_id     1         1     0.24412         5     0.83449         6     2.05594         3     2.33122         4     3.21680         2     3.46408
Frame      82920    pt_id     1         1     0.24474         5     0.82240         6     2.07655         3     2.35541         4     3.25766         2     3.50983
Frame      82921    pt_id     1         1     0.24540         5     0.76467         6     2.02466         3     2.28029         4     3.19233         2     3.44908
Frame      82922    pt_id     1         1     0.25886         5     0.73518         6     2.00421         3     2.26511         4     3.16897         2     3.43772
Frame      82923    pt_id     1         1     0.26419         5     0.74474         6     2.02415         3     2.27467         4     3.18002         2     3.43770
Frame      82924    pt_id     1         1     0.27924         5     0.74507         6     2.03590         3     2.26689         4     3.17698         2     3.42263
Frame      82925    pt_id     1         1     0.28653         5     0.73802         6     2.06409         3     2.27372         4     3.19209         2     3.42567
Frame      82926    pt_id     1         1     0.30445         5     0.71355         6     2.05288         3     2.26699         4     3.19638         2     3.44356
Frame      82927    pt_id     1         1     0.31841         5     0.70597         6     2.04097         3     2.23900         4     3.16593         2     3.40742
Frame      82928    pt_id     1         1     0.32645         5     0.66785         6     2.03624         3     2.22749         4     3.17117         2     3.42255
Frame      82929    pt_id     1         1     0.33451         5     0.63052         6     2.02737         3     2.25253         4     3.21001         2     3.49633
Frame      82930    pt_id     1         1     0.34622         5     0.61533         6     2.02096         3     2.26689         4     3.22335         2     3.52940
Frame      82931    pt_id     1         1     0.35882         5     0.63550         6     2.09461         3     2.36226         4     3.32712         2     3.63894
Frame      82932    pt_id     1         1     0.35234         5     0.60876         6     2.08102         3     2.33411         4     3.32069         2     3.63430
Frame      82933    pt_id     1         1     0.36395         5     0.57764         6     2.09467         3     2.36634         4     3.36727         2     3.70524
Frame      82934    pt_id     1         1     0.35833         5     0.57151         6     2.11260         3     2.38270         4     3.39425         2     3.73282
Frame      82935    pt_id     1         1     0.36739         5     0.54123         6     2.07463         3     2.36656         4     3.37963         2     3.74617
Frame      82936    pt_id     1         1     0.36920         5     0.51289         6     2.08585         3     2.37066         4     3.40296         2     3.77763
Frame      82937    pt_id     1         1     0.37894         5     0.49192         6     2.07480         3     2.37386         4     3.41675         2     3.81041
Frame      82938    pt_id     1         1     0.40052         5     0.48343         6     2.07802         3     2.38079         4     3.42768         2     3.82748
Frame      82939    pt_id     1         1     0.40786         5     0.47529         6     2.10051         3     2.37907         4     3.43576         2     3.82286
Frame      82940    pt_id     1         1     0.42783         5     0.46483         6     2.12191         3     2.39564         4     3.46418         2     3.85402
Frame      82941    pt_id     1         5     0.44989         1     0.45123         6     2.12073         3     2.39244         4     3.47047         2     3.86785
Frame      82942    pt_id     1         5     0.44286         1     0.48584         6     2.14038         3     2.42666         4     3.51073         2     3.92332
Frame      82943    pt_id     1         5     0.43469         1     0.50123         6     2.14658         3     2.43099         4     3.52268         2     3.93954
Frame      82944    pt_id     1         5     0.40874         1     0.54213         6     2.15212         3     2.45897         4     3.56088         2     4.00788
Frame      82945    pt_id     1         5     0.40552         1     0.58439         6     2.20835         3     2.51581         4     3.63438         2     4.08798
Frame      82946    pt_id     1         5     0.40442         1     0.62429         6     2.23023         3     2.53880         4     3.65473         2     4.11208
Frame      82947    pt_id     1         5     0.39341         1     0.65335         6     2.25745         3     2.56629         4     3.69759         2     4.16406
Frame      82948    pt_id     1         5     0.37401         1     0.67276         6     2.25741         3     2.56299         4     3.70270         2     4.17736
Frame      82949    pt_id     1         5     0.36171         1     0.69871         6     2.25969         3     2.58831         4     3.73268         2     4.23180
Frame      82950    pt_id     1         5     0.33707         1     0.72352         6     2.21522         3     2.54689         4     3.68784         2     4.20135
Frame      82951    pt_id     1         5     0.31674         1     0.73790         6     2.20843         3     2.52304         4     3.67076         2     4.18238
Frame      82952    pt_id     1         5     0.29795         1     0.74330         6     2.18777         3     2.49826         4     3.65181         2     4.17016
Frame      82953    pt_id     1         5     0.27800         1     0.74535         6     2.15370         3     2.46344         4     3.61663         2     4.14307
Frame      82954    pt_id     1         5     0.26417         1     0.75080         6     2.14615         3     2.45533         4     3.61335         2     4.14628
Frame      82955    pt_id     1         5     0.25288         1     0.75165         6     2.12694         3     2.43472         4     3.59270         2     4.12987
Frame      82956    pt_id     1         5     0.25152         1     0.75218         6     2.13280         3     2.43958         4     3.60194         2     4.13982
Frame      82957    pt_id     1         5     0.24515         1     0.77689         6     2.13083         3     2.43776         4     3.59658         2     4.13952
Frame      82958    pt_id     1         5     0.24600         1     0.79129         6     2.14143         3     2.44572         4     3.60290         2     4.14526
Frame      82959    pt_id     1         5     0.24439         1     0.81202         6     2.14929         3     2.45191         4     3.61342         2     4.15925
Frame      82960    pt_id     1         5     0.24646         1     0.81959         6     2.18211         3     2.47938         4     3.65237         2     4.19665
Frame      82961    pt_id     1         5     0.23899         1     0.82609         6     2.17663         3     2.48417         4     3.65842         2     4.21481
Frame      82962    pt_id     1         5     0.23695         1     0.85142         6     2.19981         3     2.50512         4     3.68490         2     4.24461
Frame      82963    pt_id     1         5     0.23880         1     0.88859         6     2.22075         3     2.52244         4     3.70176         2     4.26360
Frame      82964    pt_id     1         5     0.23796         1     0.90950         6     2.21878         3     2.52003         4     3.70259         2     4.26888
Frame      82965    pt_id     1         5     0.22804         1     0.94248         6     2.22430         3     2.52327         4     3.71079         2     4.28514
Frame      82966    pt_id     1         5     0.21716         1     0.97034         6     2.21850         3     2.51543         4     3.70695         2     4.28967
Frame      82967    pt_id     1         5     0.21288         1     0.98137         6     2.22580         3     2.52075         4     3.71687         2     4.30236
Frame      82968    pt_id     1         5     0.20131         1     0.99713         6     2.20240         3     2.49906         4     3.69806         2     4.29303
Frame      82969    pt_id     1         5     0.18478         1     1.01601         6     2.18135         3     2.47521         4     3.67762         2     4.28179
Frame      82970    pt_id     1         5     0.17194         1     1.04091         6     2.17595         3     2.46746         4     3.67335         2     4.28589
Frame      82971    pt_id     1         5     0.16404         1     1.06948         6     2.17601         3     2.46599         4     3.67610         2     4.29656
Frame      82972    pt_id     1         5     0.15576         1     1.09516         6     2.16088         3     2.45033         4     3.66130         2     4.29018
Frame      82973    pt_id     1         5     0.14652         1     1.10585         6     2.14493         3     2.43429         4     3.65191         2     4.28844
Frame      82974    pt_id     1         5     0.14395         1     1.11545         6     2.14728         3     2.43546         4     3.65546         2     4.29447
Frame      82975    pt_id     1         5     0.13548         1     1.12109         6     2.12572         3     2.41313         4     3.63363         2     4.27763
Frame      82976    pt_id     1         5     0.12468         1     1.14103         6     2.10918         3     2.39513         4     3.61701         2     4.26917
Frame      82977    pt_id     1         5     0.11248         1     1.16690         6     2.09196         3     2.37591         4     3.60067         2     4.26279
Frame      82978    pt_id     1         5     0.10101         1     1.19018         6     2.07393         3     2.35551         4     3.58315         2     4.25467
Frame      82979    pt_id     1         5     0.09720         1     1.22364         6     2.08171         3     2.36186         4     3.59089         2     4.26963
Frame      82980    pt_id     1         5     0.09095         1     1.23787         6     2.06402         3     2.34338         4     3.57293         2     4.25764
Frame      82981    pt_id     1         5     0.08430         1     1.25100         6     2.04317         3     2.32208         4     3.55139         2     4.24229
Frame      82982    pt_id     1         5     0.07930         1     1.27139         6     2.04261         3     2.31949         4     3.55104         2     4.24750
Frame      82983    pt_id     1         5     0.07550         1     1.30186         6     2.04503         3     2.32055         4     3.55336         2     4.25717
Frame      82984    pt_id     1         5     0.06421         1     1.32864         6     2.01762         3     2.29126         4     3.52595         2     4.24116
Frame      82985    pt_id     1         5     0.05986         1     1.33419         6     2.00278         3     2.27595         4     3.51126         2     4.23022
Frame      82986    pt_id     1         5     0.06064         1     1.35081         6     2.01048         3     2.28322         4     3.51896         2     4.24055
Frame      82987    pt_id     1         5     0.06109         1     1.35321         6     2.00744         3     2.28071         4     3.51579         2     4.23788
Frame      82988    pt_id     1         5     0.06241         1     1.35229         6     2.01719         3     2.28999         4     3.52574         2     4.24650
Frame      82989    pt_id     1         5     0.05939         1     1.34220         6     2.00187         3     2.27474         4     3.51033         2     4.23110
Frame      82990    pt_id     1         5     0.05706         1     1.36199         6     2.00202         3     2.27391         4     3.51050         2     4.23642
Frame      82991    pt_id     1         5     0.05722         1     1.36617         6     2.00842         3     2.27955         4     3.51765         2     4.24423
Frame      82992    pt_id     1         5     0.05469         1     1.35121         6     1.99495         3     2.26640         4     3.50406         2     4.22944
Frame      82993    pt_id     1         5     0.05394         1     1.32089         6     1.97995         3     2.25282         4     3.48889         2     4.20944
Frame      82994    pt_id     1         5     0.05395         1     1.32532         6     1.98357         3     2.25621         4     3.49249         2     4.21384
Frame      82995    pt_id     1         5     0.05050         1     1.35065         6     1.98029         3     2.25152         4     3.48914         2     4.21736
Frame      82996    pt_id     1         5     0.03807         1     1.36877         6     1.93315         3     2.20287         4     3.44153         2     4.18171
Frame      82997    pt_id     1         5     0.02917         1     1.40106         6     1.90457         3     2.17163         4     3.41268         2     4.16569
Frame      82998    pt_id     1         5     0.02119         1     1.42886         6     1.86809         3     2.13358         4     3.37575         2     4.14107
Frame      82999    pt_id     1         5     0.01748         1     1.46016         6     1.85095         3     2.11485         4     3.35832         2     4.13390
Frame      83000    pt_id     1         5     0.01299         1     1.47349         6     1.82434         3     2.08706         4     3.33147         2     4.11438
Frame      83001    pt_id     1         5     0.00878         1     1.50366         6     1.79557         3     2.05649         4     3.30239         2     4.09668
Frame      83002    pt_id     1         5     0.00889         1     1.55436         6     1.79058         3     2.04921         4     3.29716         2     4.10419
Frame      83003    pt_id     1         5     0.00953         1     1.62663         6     1.77179         3     2.02746         4     3.27784         2     4.10428
Frame      83004    pt_id     1         5     0.00970         1     1.66248         6     1.75467         3     2.00866         4     3.26041         2     4.09752
Frame      83005    pt_id     1         5     0.00777         1     1.66800         6     1.72120         3     1.97419         4     3.22660         2     4.07005
Frame      83006    pt_id     1         5     0.00774         1     1.66894         6     1.71598         3     1.96896         4     3.22128         2     4.06574
Frame      83007    pt_id     1         5     0.00763         1     1.67552         6     1.70231         3     1.95490         4     3.20743         2     4.05534
Frame      83008    pt_id     1         5     0.00792         6     1.68636         1     1.68884         3     1.93955         4     3.19095         2     4.04390
Frame      83009    pt_id     1         5     0.00950         6     1.67570         1     1.70635         3     1.92776         4     3.18013         2     4.03875
Frame      83010    pt_id     1         5     0.01024         6     1.65717         1     1.71514         3     1.90937         4     3.16117         2     4.02428
Frame      83011    pt_id     1         5     0.01093         6     1.63629         1     1.71842         3     1.88921         4     3.13977         2     4.00643
Frame      83012    pt_id     1         5     0.01136         6     1.61340         1     1.71476         3     1.86611         4     3.11669         2     3.98559
Frame      83013    pt_id     1         5     0.00972         6     1.61860         1     1.70361         3     1.87198         4     3.12201         2     3.98751
Frame      83014    pt_id     1         5     0.00864         6     1.61790         1     1.69496         3     1.87220         4     3.12122         2     3.98470
Frame      83015    pt_id     1         5     0.01000         6     1.62649         1     1.71289         3     1.88026         4     3.12979         2     3.99624
Frame      83016    pt_id     1         5     0.01249         6     1.60804         1     1.72471         3     1.86045         4     3.11120         2     3.98304
Frame      83017    pt_id     1         5     0.01421         6     1.58685         1     1.72786         3     1.83939         4     3.08964         2     3.96497
Frame      83018    pt_id     1         5     0.01646         6     1.58929         1     1.74008         3     1.83981         4     3.09240         2     3.97040
Frame      83019    pt_id     1         5     0.01909         6     1.57456         1     1.74817         3     1.82451         4     3.07753         2     3.95920
Frame      83020    pt_id     1         5     0.02054         6     1.57565         1     1.75338         3     1.82450         4     3.07881         2     3.96168
Frame      83021    pt_id     1         5     0.02186         6     1.56844         1     1.76164         3     1.81768         4     3.07129         2     3.95687
Frame      83022    pt_id     1         5     0.02688         6     1.53829         1     1.77827         3     1.78859         4     3.04026         2     3.93321
Frame      83023    pt_id     1         5     0.03677         6     1.51892         3     1.76691         1     1.81008         4     3.02070         2     3.92328
Frame      83024    pt_id     1         5     0.04697         6     1.48986         3     1.73784         1     1.84034         4     2.99086         2     3.90346
Frame      83025    pt_id     1         5     0.05112         6     1.47133         3     1.72034         1     1.84671         4     2.97174         2     3.88782
Frame      83026    pt_id     1         5     0.05459         6     1.45639         3     1.70669         1     1.85662         4     2.95615         2     3.87607
Frame      83027    pt_id     1         5     0.06119         6     1.44819         3     1.69732         1     1.87142         4     2.94791         2     3.87197
Frame      83028    pt_id     1         5     0.06276         6     1.43659         3     1.68709         1     1.87397         4     2.93580         2     3.86166
Frame      83029    pt_id     1         5     0.06523         6     1.41674         3     1.66960         1     1.87503         4     2.91511         2     3.84330
Frame      83030    pt_id     1         5     0.07396         6     1.39976         3     1.65224         1     1.88748         4     2.89781         2     3.83042
Frame      83031    pt_id     1         5     0.08669         6     1.38735         3     1.63791         1     1.90727         4     2.88544         2     3.82340
Frame      83032    pt_id     1         5     0.09079         6     1.38912         3     1.63828         1     1.91716         4     2.88741         2     3.82727
Frame      83033    pt_id     1         5     0.09697         6     1.36076         3     1.61308         1     1.91741         4     2.85793         2     3.80063
Frame      83034    pt_id     1         5     0.11117         6     1.35284         3     1.60308         1     1.93805         4     2.85012         2     3.79765
Frame      83035    pt_id     1         5     0.12131         6     1.33890         3     1.58938         1     1.95100         4     2.83580         2     3.78718
Frame      83036    pt_id     1         5     0.12837         6     1.33679         3     1.58619         1     1.95962         4     2.83379         2     3.78692
Frame      83037    pt_id     1         5     0.13365         6     1.32428         3     1.57488         1     1.96493         4     2.82075         2     3.77611
Frame      83038    pt_id     1         5     0.15251         6     1.30100         3     1.55254         1     1.98322         4     2.79669         2     3.75755
Frame      83039    pt_id     1         5     0.16765         6     1.28450         3     1.53677         1     2.00116         4     2.77954         2     3.74530
Frame      83040    pt_id     1         5     0.16841         6     1.26023         3     1.51690         1     1.99916         4     2.75392         2     3.72184
Frame      83041    pt_id     1         5     0.17033         6     1.23662         3     1.49753         1     1.99500         4     2.72902         2     3.69845
Frame      83042    pt_id     1         5     0.17506         6     1.21958         3     1.48315         1     1.99251         4     2.71114         2     3.68150
Frame      83043    pt_id     1         5     0.18897         6     1.22164         3     1.48290         1     2.01341         4     2.71345         2     3.68744
Frame      83044    pt_id     1         5     0.19532         6     1.20591         3     1.46950         1     2.01311         4     2.69693         2     3.67214
Frame      83045    pt_id     1         5     0.20449         6     1.19194         3     1.45723         1     2.02153         4     2.68222         2     3.66025
Frame      83046    pt_id     1         5     0.21823         6     1.16690         3     1.43565         1     2.03529         4     2.65586         2     3.63861
Frame      83047    pt_id     1         5     0.23569         6     1.15035         3     1.42075         1     2.04998         4     2.63854         2     3.62504
Frame      83048    pt_id     1         5     0.24696         6     1.15598         3     1.42421         1     2.06500         4     2.64456         2     3.63299
Frame      83049    pt_id     1         5     0.26399         6     1.15660         3     1.42343         1     2.08051         4     2.64535         2     3.63586
Frame      83050    pt_id     1         5     0.27484         6     1.13653         3     1.40672         1     2.08376         4     2.62301         2     3.61526
Frame      83051    pt_id     1         5     0.29601         6     1.14520         3     1.41240         1     2.10769         4     2.63221         2     3.62721
Frame      83052    pt_id     1         5     0.31680         6     1.14090         3     1.40792         1     2.12962         4     2.62758         2     3.62632
Frame      83053    pt_id     1         5     0.32673         6     1.11841         3     1.38949         1     2.13454         4     2.60380         2     3.60517
Frame      83054    pt_id     1         5     0.33084         6     1.09158         3     1.36793         1     2.13432         4     2.57537         2     3.57916
Frame      83055    pt_id     1         5     0.34381         6     1.08316         3     1.36079         1     2.14396         4     2.56623         2     3.57195
Frame      83056    pt_id     1         5     0.35208         6     1.07464         3     1.35379         1     2.14873         4     2.55716         2     3.56417
Frame      83057    pt_id     1         5     0.35923         6     1.07314         3     1.35236         1     2.15604         4     2.55546         2     3.56379
Frame      83058    pt_id     1         5     0.36972         6     1.05394         3     1.33687         1     2.16326         4     2.53501         2     3.54611
Frame      83059    pt_id     1         5     0.36831         6     1.02895         3     1.31720         1     2.16072         4     2.50843         2     3.52169
Frame      83060    pt_id     1         5     0.38879         6     1.04049         3     1.32564         1     2.18694         4     2.52172         2     3.53817
Frame      83061    pt_id     1         5     0.39326         6     1.03544         3     1.32156         1     2.19078         4     2.51631         2     3.53376
Frame      83062    pt_id     1         5     0.38500         6     1.04136         3     1.32639         1     2.18418         4     2.52269         2     3.53869
Frame      83063    pt_id     1         5     0.36457         6     1.03911         3     1.32524         1     2.16194         4     2.52049         2     3.53331
Frame      83064    pt_id     1         5     0.36265         6     1.06114         3     1.34261         1     2.16445         4     2.54389         2     3.55515
Frame      83065    pt_id     1         5     0.37964         6     1.04952         3     1.33295         1     2.18017         4     2.53166         2     3.54625
Frame      83066    pt_id     1         5     0.38612         6     1.02401         3     1.31280         1     2.18024         4     2.50373         2     3.52022
Frame      83067    pt_id     1         5     0.39194         6     0.98792         3     1.28464         1     2.17703         4     2.46536         2     3.48423
Frame      83068    pt_id     1         5     0.39288         6     0.99142         3     1.28740         1     2.17450         4     2.46909         2     3.48703
Frame      83069    pt_id     1         5     0.40856         6     0.99356         3     1.28875         1     2.18838         4     2.47123         2     3.49083
Frame      83070    pt_id     1         5     0.41288         6     0.96909         3     1.26971         1     2.18722         4     2.44374         2     3.46485
Frame      83071    pt_id     1         5     0.41366         6     0.91901         3     1.23156         1     2.17433         4     2.38983         2     3.41283
Frame      83072    pt_id     1         5     0.43840         6     0.87830         3     1.20028         1     2.19171         4     2.34408         2     3.37238
Frame      83073    pt_id     1         5     0.47716         6     0.86225         3     1.18773         1     2.22579         4     2.32584         2     3.36000
Frame      83074    pt_id     1         5     0.50742         6     0.83295         3     1.16601         1     2.24647         4     2.29406         2     3.33303
Frame      83075    pt_id     1         5     0.51240         6     0.80890         3     1.14848         1     2.24105         4     2.26730         2     3.30658
Frame      83076    pt_id     1         5     0.51864         6     0.81738         3     1.15473         1     2.24837         4     2.27695         2     3.31678
Frame      83077    pt_id     1         5     0.52244         6     0.80311         3     1.14399         1     2.24821         4     2.25915         2     3.29950
Frame      83078    pt_id     1         5     0.54113         6     0.76061         3     1.11310         4     2.21084         1     2.25761         2     3.25504
Frame      83079    pt_id     1         5     0.54883         6     0.73177         3     1.09231         4     2.17666         1     2.25549         2     3.22164
Frame      83080    pt_id     1         5     0.56623         6     0.72429         3     1.08751         4     2.16947         1     2.26712         2     3.21647
Frame      83081    pt_id     1         5     0.57880         6     0.73922         3     1.09781         4     2.18492         1     2.28428         2     3.23317
Frame      83082    pt_id     1         5     0.58446         6     0.74725         3     1.10402         4     2.19548         1     2.28932         2     3.24402
Frame      83083    pt_id     1         5     0.58845         6     0.75439         3     1.10923         4     2.20377         1     2.29596         2     3.25284
Frame      83084    pt_id     1         5     0.58659         6     0.74425         3     1.10157         4     2.19088         1     2.29266         2     3.24000
Frame      83085    pt_id     1         5     0.57620         6     0.75142         3     1.10641         4     2.19877         1     2.28786         2     3.24725
Frame      83086    pt_id     1         5     0.58208         6     0.75061         3     1.10592         4     2.19801         1     2.29496         2     3.24749
Frame      83087    pt_id     1         5     0.58315         6     0.74249         3     1.10005         4     2.18809         1     2.29021         2     3.23695
Frame      83088    pt_id     1         5     0.57979         6     0.75292         3     1.10752         4     2.20015         1     2.29058         2     3.24862
Frame      83089    pt_id     1         5     0.57794         6     0.75415         3     1.10874         4     2.20313         1     2.28741         2     3.25123
Frame      83090    pt_id     1         5     0.57634         6     0.76596         3     1.11715         4     2.21611         1     2.28966         2     3.26371
Frame      83091    pt_id     1         5     0.55272         6     0.75901         3     1.11178         4     2.20754         1     2.26334         2     3.25190
Frame      83092    pt_id     1         5     0.51604         6     0.75348         3     1.10745         4     2.19911         1     2.22301         2     3.23772
Frame      83093    pt_id     1         5     0.49062         6     0.75577         3     1.10948         1     2.19576         4     2.20184         2     3.23630
Frame      83094    pt_id     1         5     0.49062         6     0.75577         3     1.10948         1     2.19576         4     2.20184         2     3.23630
Frame      83095    pt_id     1         5     0.49062         6     0.75577         3     1.10948         1     2.19576         4     2.20184         2     3.23630
Frame      83096    pt_id     1         5     0.49062         6     0.75577         3     1.10948         1     2.19576         4     2.20184         2     3.23630
