Frame      72224    pt_id     1         1     0.24456         5     2.07443         6     4.05058         3     4.38621         4     5.50818         2     5.59347
Frame      72225    pt_id     1         1     0.17167         5     1.94835         6     3.80661         3     4.13853         4     5.21001         2     5.29401
Frame      72226    pt_id     1         1     0.15625         5     1.86557         6     3.70587         3     4.04469         4     5.11197         2     5.21286
Frame      72227    pt_id     1         1     0.15702         5     1.83811         6     3.66384         3     4.01111         4     5.07163         2     5.18328
Frame      72228    pt_id     1         1     0.15474         5     1.81729         6     3.64836         3     3.99402         4     5.05787         2     5.17141
Frame      72229    pt_id     1         1     0.14984         5     1.78073         6     3.60374         3     3.94320         4     5.01023         2     5.12910
Frame      72230    pt_id     1         1     0.14535         5     1.76338         6     3.58168         3     3.92375         4     4.99419         2     5.11781
Frame      72231    pt_id     1         1     0.13078         5     1.72929         6     3.51432         3     3.82720         4     4.89066         2     4.99957
Frame      72232    pt_id     1         1     0.12730         5     1.71380         6     3.49901         3     3.81714         4     4.88270         2     4.99716
Frame      72233    pt_id     1         1     0.12157         5     1.70052         6     3.47157         3     3.78060         4     4.84245         2     4.95063
Frame      72234    pt_id     1         1     0.11401         5     1.67108         6     3.42298         3     3.73419         4     4.78782         2     4.89980
Frame      72235    pt_id     1         1     0.12240         5     1.64213         6     3.40974         3     3.72404         4     4.78565         2     4.90920
Frame      72236    pt_id     1         1     0.13153         5     1.62677         6     3.40930         3     3.72177         4     4.78754         2     4.91682
Frame      72237    pt_id     1         1     0.13502         5     1.62476         6     3.39588         3     3.68940         4     4.74922         2     4.87174
Frame      72238    pt_id     1         1     0.14653         5     1.64918         6     3.37237         3     3.65867         4     4.69461         2     4.81351
Frame      72239    pt_id     1         1     0.15532         5     1.68242         6     3.36483         3     3.61599         4     4.63077         2     4.72201
Frame      72240    pt_id     1         1     0.18151         5     1.74075         6     3.35270         3     3.58110         4     4.55972         2     4.62997
Frame      72241    pt_id     1         1     0.20586         5     1.78822         6     3.38964         3     3.63170         4     4.60184         2     4.67826
Frame      72242    pt_id     1         1     0.22835         5     1.83649         6     3.37374         3     3.58336         4     4.52305         2     4.57206
Frame      72243    pt_id     1         1     0.25600         5     1.87560         6     3.35196         3     3.55076         4     4.46897         2     4.51357
Frame      72244    pt_id     1         1     0.27921         5     1.89176         6     3.30132         3     3.48547         4     4.38493         2     4.42468
Frame      72245    pt_id     1         1     0.29865         5     1.94133         6     3.28230         3     3.43218         4     4.30530         2     4.31675
Frame      72246    pt_id     1         1     0.30948         5     1.98826         6     3.27013         3     3.40633         2     4.25954         4     4.26251
Frame      72247    pt_id     1         1     0.31653         5     2.00808         6     3.24428         3     3.36827         2     4.19616         4     4.21253
Frame      72248    pt_id     1         1     0.31889         5     2.02104         6     3.24862         3     3.33995         2     4.14694         4     4.18889
Frame      72249    pt_id     1         1     0.31905         5     2.02782         6     3.22975         3     3.33767         2     4.14443         4     4.17826
Frame      72250    pt_id     1         1     0.30411         5     1.99314         6     3.16926         3     3.29004         2     4.10392         4     4.12474
Frame      72251    pt_id     1         1     0.31045         5     2.00015         6     3.14419         3     3.22384         2     3.99112         4     4.04213
Frame      72252    pt_id     1         1     0.31285         5     1.99530         6     3.13891         3     3.19898         2     3.96194         4     4.02234
Frame      72253    pt_id     1         1     0.30321         5     1.98052         6     3.13900         3     3.21431         2     3.99009         4     4.03919
Frame      72254    pt_id     1         1     0.30439         5     1.99377         6     3.16846         3     3.23230         2     4.00509         4     4.06368
Frame      72255    pt_id     1         1     0.29787         5     1.97763         6     3.18889         3     3.28904         2     4.10596         4     4.13644
Frame      72256    pt_id     1         1     0.30724         5     1.98929         6     3.19211         3     3.30130         2     4.11843         4     4.14347
Frame      72257    pt_id     1         1     0.31188         5     2.01304         6     3.22557         3     3.33060         2     4.13798         4     4.16972
Frame      72258    pt_id     1         1     0.32470         5     2.01028         6     3.21146         3     3.30903         2     4.10789         4     4.14005
Frame      72259    pt_id     1         1     0.34006         5     2.02286         6     3.18167         3     3.26574         2     4.04694         4     4.08424
Frame      72260    pt_id     1         1     0.34802         5     2.01834         6     3.18503         3     3.26059         2     4.04209         4     4.08182
Frame      72261    pt_id     1         1     0.36233         5     2.01718         6     3.16904         3     3.25259         2     4.03988         4     4.06872
Frame      72262    pt_id     1         1     0.37846         5     2.03694         6     3.15914         3     3.27908         2     4.07545         4     4.08000
Frame      72263    pt_id     1         1     0.39246         5     2.06698         6     3.17537         3     3.27727         2     4.05933         4     4.07828
Frame      72264    pt_id     1         1     0.41219         5     2.05778         6     3.12231         3     3.20104         2     3.95190         4     3.97970
Frame      72265    pt_id     1         1     0.45507         5     2.04896         6     3.00282         3     3.04110         2     3.73933         4     3.78067
Frame      72266    pt_id     1         1     0.47936         5     2.04401         6     2.92963         3     2.93227         2     3.58730         4     3.64627
Frame      72267    pt_id     1         1     0.48962         5     2.03111         6     2.88130         3     2.89609         2     3.54822         4     3.59411
Frame      72268    pt_id     1         1     0.48188         5     2.01944         6     2.85036         3     2.86454         2     3.50644         4     3.55380
Frame      72269    pt_id     1         1     0.45852         5     1.99355         6     2.90184         3     2.91150         2     3.57654         4     3.62852
Frame      72270    pt_id     1         1     0.43118         5     1.97769         6     2.94967         3     2.95132         2     3.63581         4     3.69515
Frame      72271    pt_id     1         1     0.38936         5     1.94185         6     2.98461         3     3.02906         2     3.77286         4     3.80454
Frame      72272    pt_id     1         1     0.35567         5     1.90197         6     3.04804         3     3.10388         2     3.89681         4     3.91925
Frame      72273    pt_id     1         1     0.33046         5     1.85534         6     3.08351         3     3.16093         2     3.99326         4     4.00019
Frame      72274    pt_id     1         1     0.30266         5     1.83277         6     3.16555         3     3.28967         4     4.17020         2     4.19266
Frame      72275    pt_id     1         1     0.26837         5     1.82135         6     3.30457         3     3.46618         4     4.39790         2     4.43526
Frame      72276    pt_id     1         1     0.24615         5     1.79407         6     3.41864         3     3.62173         4     4.60557         2     4.66881
Frame      72277    pt_id     1         1     0.22384         5     1.73820         6     3.46948         3     3.69290         4     4.72473         2     4.80682
Frame      72278    pt_id     1         1     0.20961         5     1.69848         6     3.53249         3     3.80529         4     4.87964         2     4.99734
Frame      72279    pt_id     1         1     0.19091         5     1.63248         6     3.52188         3     3.83533         4     4.93116         2     5.08166
Frame      72280    pt_id     1         1     0.17883         5     1.58282         6     3.51991         3     3.85891         4     4.97361         2     5.14461
Frame      72281    pt_id     1         1     0.16472         5     1.52432         6     3.49582         3     3.83537         4     4.96283         2     5.13832
Frame      72282    pt_id     1         1     0.14787         5     1.45324         6     3.43986         3     3.78218         4     4.91840         2     5.10160
Frame      72283    pt_id     1         1     0.13829         5     1.39811         6     3.40131         3     3.74779         4     4.89346         2     5.08356
Frame      72284    pt_id     1         1     0.12706         5     1.33542         6     3.35319         3     3.70078         4     4.85287         2     5.04757
Frame      72285    pt_id     1         1     0.12499         5     1.28649         6     3.31115         3     3.65799         4     4.81531         2     5.01392
Frame      72286    pt_id     1         1     0.12547         5     1.23603         6     3.26289         3     3.60904         4     4.76926         2     4.97402
Frame      72287    pt_id     1         1     0.13919         5     1.20149         6     3.23005         3     3.57607         4     4.73821         2     4.94819
Frame      72288    pt_id     1         1     0.14837         5     1.16589         6     3.19660         3     3.54149         4     4.70655         2     4.92280
Frame      72289    pt_id     1         1     0.15740         5     1.13660         6     3.16810         3     3.51216         4     4.67884         2     4.90140
Frame      72290    pt_id     1         1     0.16860         5     1.11496         6     3.14778         3     3.49117         4     4.65927         2     4.88682
Frame      72291    pt_id     1         1     0.17075         5     1.10251         6     3.13538         3     3.47831         4     4.64719         2     4.87742
Frame      72292    pt_id     1         1     0.17216         5     1.10368         6     3.13708         3     3.48010         4     4.64866         2     4.87905
Frame      72293    pt_id     1         1     0.16788         5     1.09286         6     3.12617         3     3.46861         4     4.63754         2     4.87032
Frame      72294    pt_id     1         1     0.16774         5     1.09832         6     3.13233         3     3.47506         4     4.64339         2     4.87527
Frame      72295    pt_id     1         1     0.16363         5     1.11056         6     3.14216         3     3.48530         4     4.65308         2     4.88213
Frame      72296    pt_id     1         1     0.16480         5     1.13364         6     3.16421         3     3.50850         4     4.67509         2     4.89906
Frame      72297    pt_id     1         1     0.15371         5     1.13888         6     3.16793         3     3.51214         4     4.67868         2     4.90055
Frame      72298    pt_id     1         1     0.14683         5     1.14687         6     3.17446         3     3.51883         4     4.68488         2     4.90492
Frame      72299    pt_id     1         1     0.14203         5     1.17383         6     3.20074         3     3.54605         4     4.71102         2     4.92464
Frame      72300    pt_id     1         1     0.13740         5     1.19442         6     3.22082         3     3.56665         4     4.73052         2     4.94015
Frame      72301    pt_id     1         1     0.13289         5     1.20277         6     3.22911         3     3.57475         4     4.73763         2     4.94712
Frame      72302    pt_id     1         1     0.12944         5     1.21422         6     3.24003         3     3.58556         4     4.74706         2     4.95622
Frame      72303    pt_id     1         1     0.12625         5     1.24813         6     3.26804         3     3.61478         4     4.77357         2     4.97739
Frame      72304    pt_id     1         1     0.10296         5     1.30858         6     3.30955         3     3.64354         4     4.79533         2     4.97411
Frame      72305    pt_id     1         1     0.09053         5     1.36104         6     3.35350         3     3.68921         4     4.83725         2     5.00629
Frame      72306    pt_id     1         1     0.08875         5     1.38997         6     3.38101         3     3.71646         4     4.86360         2     5.02978
Frame      72307    pt_id     1         1     0.08728         5     1.42673         6     3.40724         3     3.74456         4     4.88865         2     5.04906
Frame      72308    pt_id     1         1     0.08722         5     1.47008         6     3.44607         3     3.78523         4     4.92547         2     5.07784
Frame      72309    pt_id     1         1     0.08852         5     1.49749         6     3.47009         3     3.80950         4     4.94853         2     5.09754
Frame      72310    pt_id     1         1     0.08429         5     1.50962         6     3.47987         3     3.82016         4     4.95855         2     5.10368
Frame      72311    pt_id     1         1     0.07797         5     1.52465         6     3.49121         3     3.83275         4     4.97111         2     5.10934
Frame      72312    pt_id     1         1     0.07021         5     1.53288         6     3.49545         3     3.83781         4     4.97704         2     5.10965
Frame      72313    pt_id     1         1     0.06613         5     1.54525         6     3.50320         3     3.84671         4     4.98562         2     5.11379
Frame      72314    pt_id     1         1     0.07215         5     1.51272         6     3.48695         3     3.84414         4     4.98912         2     5.13378
Frame      72315    pt_id     1         1     0.07283         5     1.49624         6     3.47544         3     3.83188         4     4.97933         2     5.12563
Frame      72316    pt_id     1         1     0.07326         5     1.50760         6     3.48511         3     3.84258         4     4.98994         2     5.13187
Frame      72317    pt_id     1         1     0.07655         5     1.50570         6     3.49131         3     3.84815         4     4.99713         2     5.13823
Frame      72318    pt_id     1         1     0.07868         5     1.49510         6     3.48368         3     3.83958         4     4.99157         2     5.13421
Frame      72319    pt_id     1         1     0.08125         5     1.49881         6     3.48930         3     3.84554         4     4.99822         2     5.13891
Frame      72320    pt_id     1         1     0.08088         5     1.50684         6     3.49792         3     3.85407         4     5.00704         2     5.14575
Frame      72321    pt_id     1         1     0.08103         5     1.50414         6     3.49450         3     3.85087         4     5.00352         2     5.14284
Frame      72322    pt_id     1         1     0.08277         5     1.50554         6     3.49842         3     3.85489         4     5.00760         2     5.14624
Frame      72323    pt_id     1         1     0.08308         5     1.49325         6     3.49417         3     3.84921         4     5.00401         2     5.14454
Frame      72324    pt_id     1         1     0.08058         5     1.49025         6     3.49104         3     3.84575         4     5.00066         2     5.14218
Frame      72325    pt_id     1         1     0.08269         5     1.48177         6     3.48531         3     3.83959         4     4.99524         2     5.13800
Frame      72326    pt_id     1         1     0.08798         5     1.44928         6     3.45636         3     3.80973         4     4.96659         2     5.11581
Frame      72327    pt_id     1         1     0.09143         5     1.43144         6     3.44139         3     3.79416         4     4.95191         2     5.10456
Frame      72328    pt_id     1         1     0.09582         5     1.42233         6     3.43399         3     3.78664         4     4.94477         2     5.09912
Frame      72329    pt_id     1         1     0.10247         5     1.38841         6     3.40212         3     3.75395         4     4.91307         2     5.07482
Frame      72330    pt_id     1         1     0.11019         5     1.37164         6     3.38641         3     3.73795         4     4.89779         2     5.06313
Frame      72331    pt_id     1         1     0.11592         5     1.36476         6     3.38312         3     3.73436         4     4.89490         2     5.06145
Frame      72332    pt_id     1         1     0.12376         5     1.35597         6     3.37484         3     3.72591         4     4.88698         2     5.05574
Frame      72333    pt_id     1         1     0.13524         5     1.35230         6     3.37234         3     3.72355         4     4.88488         2     5.05497
Frame      72334    pt_id     1         1     0.14342         5     1.33979         6     3.36057         3     3.71145         4     4.87341         2     5.04677
Frame      72335    pt_id     1         1     0.14880         5     1.33381         6     3.35559         3     3.70645         4     4.86843         2     5.04352
Frame      72336    pt_id     1         1     0.13926         5     1.34143         6     3.36217         3     3.71310         4     4.87475         2     5.04756
Frame      72337    pt_id     1         1     0.13273         5     1.35439         6     3.37393         3     3.72506         4     4.88629         2     5.05604
Frame      72338    pt_id     1         1     0.13310         5     1.34910         6     3.36815         3     3.71945         4     4.88032         2     5.05131
Frame      72339    pt_id     1         1     0.13260         5     1.36371         6     3.38202         3     3.73377         4     4.89422         2     5.06200
Frame      72340    pt_id     1         1     0.12651         5     1.35302         6     3.37105         3     3.72232         4     4.88298         2     5.05285
Frame      72341    pt_id     1         1     0.12475         5     1.36293         6     3.37757         3     3.72969         4     4.88864         2     5.05626
Frame      72342    pt_id     1         1     0.12223         5     1.35372         6     3.36573         3     3.71771         4     4.87664         2     5.04644
Frame      72343    pt_id     1         1     0.12281         5     1.35164         6     3.36378         3     3.71570         4     4.87470         2     5.04498
Frame      72344    pt_id     1         1     0.12712         5     1.35698         6     3.36923         3     3.72153         4     4.88030         2     5.04951
Frame      72345    pt_id     1         1     0.12740         5     1.36611         6     3.37778         3     3.73035         4     4.88897         2     5.05615
Frame      72346    pt_id     1         1     0.12995         5     1.37688         6     3.38808         3     3.74101         4     4.89943         2     5.06441
Frame      72347    pt_id     1         1     0.13613         5     1.37276         6     3.38490         3     3.73793         4     4.89642         2     5.06252
Frame      72348    pt_id     1         1     0.13838         5     1.37754         6     3.39071         3     3.74369         4     4.90240         2     5.06753
Frame      72349    pt_id     1         1     0.13968         5     1.38288         6     3.39546         3     3.74863         4     4.90715         2     5.07138
Frame      72350    pt_id     1         1     0.13917         5     1.40095         6     3.41330         3     3.76707         4     4.92492         2     5.08524
Frame      72351    pt_id     1         1     0.13203         5     1.39907         6     3.41425         3     3.76728         4     4.92641         2     5.08666
Frame      72352    pt_id     1         1     0.13771         5     1.40148         6     3.42001         3     3.77306         4     4.93234         2     5.09216
Frame      72353    pt_id     1         1     0.13348         5     1.38198         6     3.40108         3     3.75341         4     4.91320         2     5.07705
Frame      72354    pt_id     1         1     0.13588         5     1.36299         6     3.38295         3     3.73459         4     4.89511         2     5.06337
Frame      72355    pt_id     1         1     0.13920         5     1.35190         6     3.37275         3     3.72414         4     4.88494         2     5.05581
Frame      72356    pt_id     1         1     0.14384         5     1.35004         6     3.37150         3     3.72297         4     4.88376         2     5.05535
Frame      72357    pt_id     1         1     0.14096         5     1.35465         6     3.37551         3     3.72701         4     4.88771         2     5.05817
Frame      72358    pt_id     1         1     0.13817         5     1.34975         6     3.37083         3     3.72215         4     4.88288         2     5.05425
Frame      72359    pt_id     1         1     0.13785         5     1.33353         6     3.35612         3     3.70695         4     4.86802         2     5.04290
Frame      72360    pt_id     1         1     0.14468         5     1.32806         6     3.35100         3     3.70174         4     4.86324         2     5.03964
Frame      72361    pt_id     1         1     0.15479         5     1.32432         6     3.34744         3     3.69806         4     4.86009         2     5.03810
Frame      72362    pt_id     1         1     0.15595         5     1.32173         6     3.34504         3     3.69559         4     4.85771         2     5.03637
Frame      72363    pt_id     1         1     0.16196         5     1.34059         6     3.36342         3     3.71467         4     4.87635         2     5.05134
Frame      72364    pt_id     1         1     0.16278         5     1.35768         6     3.38004         3     3.73191         4     4.89299         2     5.06428
Frame      72365    pt_id     1         1     0.16065         5     1.35744         6     3.37957         3     3.73136         4     4.89242         2     5.06370
Frame      72366    pt_id     1         1     0.16424         5     1.35326         6     3.37576         3     3.72745         4     4.88872         2     5.06120
Frame      72367    pt_id     1         1     0.16864         5     1.34206         6     3.36527         3     3.71663         4     4.87833         2     5.05363
Frame      72368    pt_id     1         1     0.17429         5     1.34758         6     3.37050         3     3.72200         4     4.88380         2     5.05846
Frame      72369    pt_id     1         1     0.17573         5     1.35448         6     3.37675         3     3.72837         4     4.89021         2     5.06356
Frame      72370    pt_id     1         1     0.17652         5     1.35719         6     3.37937         3     3.73106         4     4.89281         2     5.06572
Frame      72371    pt_id     1         1     0.17519         5     1.35173         6     3.37427         3     3.72584         4     4.88765         2     5.06154
Frame      72372    pt_id     1         1     0.17143         5     1.36301         6     3.38463         3     3.73647         4     4.89799         2     5.06911
Frame      72373    pt_id     1         1     0.16093         5     1.38278         6     3.40276         3     3.75507         4     4.91591         2     5.08188
Frame      72374    pt_id     1         1     0.15185         5     1.40100         6     3.41948         3     3.77224         4     4.93249         2     5.09375
Frame      72375    pt_id     1         1     0.14679         5     1.42085         6     3.43789         3     3.79113         4     4.95088         2     5.10750
Frame      72376    pt_id     1         1     0.14584         5     1.41383         6     3.43129         3     3.78437         4     4.94424         2     5.10219
Frame      72377    pt_id     1         1     0.14843         5     1.42683         6     3.44384         3     3.79735         4     4.95693         2     5.11226
Frame      72378    pt_id     1         1     0.14921         5     1.42413         6     3.44133         3     3.79478         4     4.95444         2     5.11039
Frame      72379    pt_id     1         1     0.14893         5     1.41437         6     3.43203         3     3.78518         4     4.94511         2     5.10310
Frame      72380    pt_id     1         1     0.14932         5     1.41202         6     3.42985         3     3.78297         4     4.94296         2     5.10141
Frame      72381    pt_id     1         1     0.15183         5     1.41464         6     3.43246         3     3.78568         4     4.94564         2     5.10377
Frame      72382    pt_id     1         1     0.15553         5     1.40756         6     3.42601         3     3.77908         4     4.93926         2     5.09918
Frame      72383    pt_id     1         1     0.16715         5     1.38275         6     3.40322         3     3.75571         4     4.91669         2     5.08288
Frame      72384    pt_id     1         1     0.17970         5     1.35337         6     3.37604         3     3.72773         4     4.88969         2     5.06342
Frame      72385    pt_id     1         1     0.19031         5     1.32566         6     3.35050         3     3.70146         4     4.86427         2     5.04501
Frame      72386    pt_id     1         1     0.19244         5     1.31781         6     3.34307         3     3.69376         4     4.85683         2     5.03959
Frame      72387    pt_id     1         1     0.19467         5     1.30650         6     3.33251         3     3.68288         4     4.84624         2     5.03173
Frame      72388    pt_id     1         1     0.18943         5     1.28198         6     3.30877         3     3.65830         4     4.82228         2     5.01264
Frame      72389    pt_id     1         1     0.19648         5     1.28496         6     3.31227         3     3.66200         4     4.82590         2     5.01630
Frame      72390    pt_id     1         1     0.20087         5     1.27077         6     3.29927         3     3.64863         4     4.81290         2     5.00684
Frame      72391    pt_id     1         1     0.20180         5     1.24867         6     3.27831         3     3.62696         4     4.79184         2     4.99079
Frame      72392    pt_id     1         1     0.20308         5     1.24022         6     3.27045         3     3.61885         4     4.78393         2     4.98492
Frame      72393    pt_id     1         1     0.20481         5     1.23436         6     3.26513         3     3.61337         4     4.77855         2     4.98106
Frame      72394    pt_id     1         1     0.20342         5     1.23841         6     3.26911         3     3.61753         4     4.78250         2     4.98393
Frame      72395    pt_id     1         1     0.19036         5     1.25710         6     3.28603         3     3.63496         4     4.79924         2     4.99518
Frame      72396    pt_id     1         1     0.18144         5     1.27152         6     3.29935         3     3.64871         4     4.81239         2     5.00426
Frame      72397    pt_id     1         1     0.17309         5     1.28470         6     3.31137         3     3.66109         4     4.82431         2     5.01241
Frame      72398    pt_id     1         1     0.18104         5     1.29379         6     3.32101         3     3.67122         4     4.83410         2     5.02088
Frame      72399    pt_id     1         1     0.18364         5     1.29023         6     3.31767         3     3.66776         4     4.83079         2     5.01867
Frame      72400    pt_id     1         1     0.18718         5     1.28449         6     3.31246         3     3.66238         4     4.82559         2     5.01513
Frame      72401    pt_id     1         1     0.19888         5     1.28729         6     3.31626         3     3.66645         4     4.82958         2     5.01968
Frame      72402    pt_id     1         1     0.19833         5     1.28631         6     3.31521         3     3.66535         4     4.82855         2     5.01878
Frame      72403    pt_id     1         1     0.20017         5     1.26842         6     3.29807         3     3.64760         4     4.81146         2     5.00579
Frame      72404    pt_id     1         1     0.20547         5     1.26874         6     3.29868         3     3.64825         4     4.81219         2     5.00699
Frame      72405    pt_id     1         1     0.21812         5     1.25093         6     3.28262         3     3.63170         4     4.79630         2     4.99641
Frame      72406    pt_id     1         1     0.22256         5     1.22947         6     3.26223         3     3.61058         4     4.77598         2     4.98131
Frame      72407    pt_id     1         1     0.21096         5     1.22305         6     3.25538         3     3.60343         4     4.76879         2     4.97443
Frame      72408    pt_id     1         1     0.19889         5     1.23713         6     3.26784         3     3.61625         4     4.78113         2     4.98232
Frame      72409    pt_id     1         1     0.18692         5     1.24336         6     3.27285         3     3.62135         4     4.78597         2     4.98452
Frame      72410    pt_id     1         1     0.16279         5     1.25855         6     3.28573         3     3.63442         4     4.79824         2     4.99143
Frame      72411    pt_id     1         1     0.15772         5     1.26842         6     3.29474         3     3.64367         4     4.80718         2     4.99775
Frame      72412    pt_id     1         1     0.15770         5     1.25563         6     3.28240         3     3.63086         4     4.79479         2     4.98825
Frame      72413    pt_id     1         1     0.15105         5     1.28501         6     3.31006         3     3.65943         4     4.82241         2     5.00876
Frame      72414    pt_id     1         1     0.13255         5     1.31356         6     3.33626         3     3.68621         4     4.84800         2     5.02706
Frame      72415    pt_id     1         1     0.13041         5     1.33305         6     3.35445         3     3.70495         4     4.86629         2     5.04085
Frame      72416    pt_id     1         1     0.13517         5     1.32627         6     3.34834         3     3.69874         4     4.86031         2     5.03662
Frame      72417    pt_id     1         1     0.13536         5     1.33615         6     3.35798         3     3.70876         4     4.86998         2     5.04405
Frame      72418    pt_id     1         1     0.12854         5     1.34491         6     3.36596         3     3.71689         4     4.87773         2     5.04955
Frame      72419    pt_id     1         1     0.12995         5     1.34988         6     3.37095         3     3.72211         4     4.88279         2     5.05352
Frame      72420    pt_id     1         1     0.13991         5     1.34929         6     3.37072         3     3.72204         4     4.88308         2     5.05431
Frame      72421    pt_id     1         1     0.13164         5     1.37438         6     3.39355         3     3.74543         4     4.90587         2     5.07110
Frame      72422    pt_id     1         1     0.12272         5     1.42333         6     3.43936         3     3.79250         4     4.95162         2     5.10580
Frame      72423    pt_id     1         1     0.12088         5     1.42995         6     3.44530         3     3.79853         4     4.95759         2     5.11026
Frame      72424    pt_id     1         1     0.12484         5     1.42926         6     3.44450         3     3.79775         4     4.95712         2     5.11002
Frame      72425    pt_id     1         1     0.11980         5     1.43362         6     3.44854         3     3.80185         4     4.96092         2     5.11265
Frame      72426    pt_id     1         1     0.10815         5     1.46120         6     3.47375         3     3.82756         4     4.98560         2     5.13128
Frame      72427    pt_id     1         1     0.11214         5     1.44943         6     3.46248         3     3.81605         4     4.97444         2     5.12279
Frame      72428    pt_id     1         1     0.11673         5     1.44265         6     3.45617         3     3.80961         4     4.96830         2     5.11833
Frame      72429    pt_id     1         1     0.11276         5     1.44789         6     3.46083         3     3.81429         4     4.97280         2     5.12164
Frame      72430    pt_id     1         1     0.10922         5     1.45076         6     3.46350         3     3.81699         4     4.97533         2     5.12338
Frame      72431    pt_id     1         1     0.10743         5     1.43307         6     3.44662         3     3.79951         4     4.95833         2     5.11011
Frame      72432    pt_id     1         1     0.11480         5     1.39320         6     3.40964         3     3.76166         4     4.92142         2     5.08191
Frame      72433    pt_id     1         1     0.12356         5     1.36378         6     3.38233         3     3.73382         4     4.89412         2     5.06149
Frame      72434    pt_id     1         1     0.13936         5     1.32250         6     3.34444         3     3.69502         4     4.85647         2     5.03383
Frame      72435    pt_id     1         1     0.15254         5     1.27799         6     3.30318         3     3.65257         4     4.81530         2     5.00355
Frame      72436    pt_id     1         1     0.17328         5     1.26703         6     3.29449         3     3.64382         4     4.80720         2     4.99935
Frame      72437    pt_id     1         1     0.17761         5     1.25077         6     3.27907         3     3.62781         4     4.79194         2     4.98803
Frame      72438    pt_id     1         1     0.17396         5     1.26508         6     3.29223         3     3.64137         4     4.80516         2     4.99767
Frame      72439    pt_id     1         1     0.16834         5     1.28114         6     3.30711         3     3.65670         4     4.81998         2     5.00843
Frame      72440    pt_id     1         1     0.16756         5     1.29499         6     3.32008         3     3.67007         4     4.83303         2     5.01835
Frame      72441    pt_id     1         1     0.16159         5     1.31391         6     3.33780         3     3.68835         4     4.85067         2     5.03128
Frame      72442    pt_id     1         1     0.14278         5     1.34350         6     3.36460         3     3.71583         4     4.87699         2     5.04981
Frame      72443    pt_id     1         1     0.12451         5     1.38536         6     3.40342         3     3.75548         4     4.91545         2     5.07804
Frame      72444    pt_id     1         1     0.10769         5     1.43347         6     3.44761         3     3.80064         4     4.95918         2     5.11089
Frame      72445    pt_id     1         1     0.09724         5     1.50256         6     3.51189         3     3.86639         4     5.02317         2     5.16046
Frame      72446    pt_id     1         1     0.08875         5     1.54343         6     3.54888         3     3.90408         4     5.05979         2     5.18902
Frame      72447    pt_id     1         1     0.08448         5     1.58493         6     3.58868         3     3.94494         4     5.09920         2     5.22008
Frame      72448    pt_id     1         1     0.08241         5     1.58665         6     3.59012         3     3.94640         4     5.10044         2     5.22107
Frame      72449    pt_id     1         1     0.08103         5     1.58768         6     3.58965         3     3.94578         4     5.09993         2     5.22066
Frame      72450    pt_id     1         1     0.08003         5     1.58904         6     3.58925         3     3.94539         4     5.09941         2     5.22013
Frame      72451    pt_id     1         1     0.08078         5     1.58324         6     3.58406         3     3.94017         4     5.09418         2     5.21598
Frame      72452    pt_id     1         1     0.08343         5     1.57922         6     3.57844         3     3.93462         4     5.08883         2     5.21134
Frame      72453    pt_id     1         1     0.08524         5     1.56905         6     3.56902         3     3.92509         4     5.07953         2     5.20389
Frame      72454    pt_id     1         1     0.08795         5     1.55109         6     3.55232         3     3.90804         4     5.06298         2     5.19089
Frame      72455    pt_id     1         1     0.08933         5     1.53782         6     3.53792         3     3.89386         4     5.04856         2     5.17918
Frame      72456    pt_id     1         1     0.08828         5     1.53447         6     3.52991         3     3.88674         4     5.03965         2     5.17119
Frame      72457    pt_id     1         1     0.08801         5     1.53203         6     3.52454         3     3.88161         4     5.03381         2     5.16601
Frame      72458    pt_id     1         1     0.08763         5     1.52726         6     3.52024         3     3.87724         4     5.02945         2     5.16256
Frame      72459    pt_id     1         1     0.08723         5     1.52330         6     3.51330         3     3.87115         4     5.02219         2     5.15622
Frame      72460    pt_id     1         1     0.08272         5     1.53313         6     3.51904         3     3.87812         4     5.02644         2     5.15867
Frame      72461    pt_id     1         1     0.07747         5     1.55180         6     3.52920         3     3.88964         4     5.03548         2     5.16472
Frame      72462    pt_id     1         1     0.07319         5     1.56455         6     3.53040         3     3.89308         4     5.03477         2     5.16247
Frame      72463    pt_id     1         1     0.06787         5     1.58188         6     3.53770         3     3.90137         4     5.04091         2     5.16671
Frame      72464    pt_id     1         1     0.06229         5     1.61214         6     3.54981         3     3.91224         4     5.04480         2     5.16368
Frame      72465    pt_id     1         1     0.05920         5     1.63684         6     3.56348         3     3.92531         4     5.05358         2     5.16857
Frame      72466    pt_id     1         1     0.05977         5     1.65018         6     3.57207         3     3.93324         4     5.05697         2     5.17147
Frame      72467    pt_id     1         1     0.06290         5     1.66666         6     3.58401         3     3.94489         4     5.06608         2     5.18179
Frame      72468    pt_id     1         1     0.06756         5     1.69508         6     3.59839         3     3.96165         4     5.07609         2     5.19166
Frame      72469    pt_id     1         1     0.07306         5     1.72021         6     3.60218         3     3.96520         4     5.06887         2     5.18305
Frame      72470    pt_id     1         1     0.07598         5     1.74016         6     3.58026         3     3.92860         4     5.01774         2     5.12217
Frame      72471    pt_id     1         1     0.08309         5     1.75895         6     3.55795         3     3.90335         4     4.97555         2     5.07940
Frame      72472    pt_id     1         1     0.08928         5     1.77446         6     3.52618         3     3.84302         4     4.89618         2     4.98320
Frame      72473    pt_id     1         1     0.09733         5     1.78822         6     3.46917         3     3.76698         4     4.79039         2     4.86483
Frame      72474    pt_id     1         1     0.11131         5     1.80578         6     3.40790         3     3.70036         4     4.69550         2     4.76892
Frame      72475    pt_id     1         1     0.12259         5     1.82631         6     3.36094         3     3.63228         4     4.60076         2     4.65972
Frame      72476    pt_id     1         1     0.12875         5     1.85001         6     3.30675         3     3.57210         4     4.51079         2     4.56268
Frame      72477    pt_id     1         1     0.12900         5     1.85744         6     3.23613         3     3.48765         4     4.39757         2     4.43783
Frame      72478    pt_id     1         1     0.13611         5     1.85854         6     3.18311         3     3.40673         4     4.29662         2     4.32143
Frame      72479    pt_id     1         1     0.13977         5     1.86630         6     3.16426         3     3.36207         4     4.24147         2     4.24948
Frame      72480    pt_id     1         1     0.14516         5     1.87638         6     3.15626         3     3.33734         2     4.20624         4     4.21005
Frame      72481    pt_id     1         1     0.14745         5     1.87560         6     3.15049         3     3.31560         2     4.17032         4     4.18460
Frame      72482    pt_id     1         1     0.14597         5     1.87976         6     3.16786         3     3.34448         2     4.21002         4     4.21836
Frame      72483    pt_id     1         1     0.14456         5     1.87712         6     3.19807         3     3.38267         2     4.26440         4     4.26669
Frame      72484    pt_id     1         1     0.14163         5     1.88704         6     3.26308         3     3.43786         2     4.32888         4     4.34040
Frame      72485    pt_id     1         1     0.14088         5     1.87160         6     3.28629         3     3.47888         4     4.39812         2     4.40218
Frame      72486    pt_id     1         1     0.14562         5     1.87712         6     3.33462         3     3.53470         4     4.47359         2     4.48520
Frame      72487    pt_id     1         1     0.14913         5     1.88590         6     3.37439         3     3.57398         4     4.52204         2     4.53198
Frame      72488    pt_id     1         1     0.15621         5     1.89672         6     3.40023         3     3.62793         4     4.58156         2     4.60918
Frame      72489    pt_id     1         1     0.17674         5     1.91770         6     3.41715         3     3.66512         4     4.61774         2     4.66080
Frame      72490    pt_id     1         1     0.17907         5     1.89087         6     3.41382         3     3.67440         4     4.63175         2     4.68913
Frame      72491    pt_id     1         1     0.18368         5     1.88171         6     3.44171         3     3.69170         4     4.66399         2     4.71691
Frame      72492    pt_id     1         1     0.17784         5     1.85235         6     3.43038         3     3.69463         4     4.67265         2     4.73855
Frame      72493    pt_id     1         1     0.16650         5     1.82025         6     3.41915         3     3.69352         4     4.68414         2     4.76071
Frame      72494    pt_id     1         1     0.15657         5     1.78498         6     3.40667         3     3.69285         4     4.69192         2     4.78054
Frame      72495    pt_id     1         1     0.14901         5     1.76040         6     3.40510         3     3.69598         4     4.69715         2     4.78943
Frame      72496    pt_id     1         1     0.13758         5     1.71805         6     3.39216         3     3.68195         4     4.69456         2     4.78965
Frame      72497    pt_id     1         1     0.12907         5     1.68667         6     3.39192         3     3.69680         4     4.72358         2     4.83183
Frame      72498    pt_id     1         1     0.11418         5     1.65478         6     3.39342         3     3.69693         4     4.73965         2     4.84858
Frame      72499    pt_id     1         1     0.09870         5     1.61595         6     3.39098         3     3.70110         4     4.75994         2     4.87409
Frame      72500    pt_id     1         1     0.09314         5     1.59631         6     3.39425         3     3.72170         4     4.79212         2     4.91870
Frame      72501    pt_id     1         1     0.08980         5     1.57107         6     3.38010         3     3.73467         4     4.81027         2     4.95794
Frame      72502    pt_id     1         1     0.08780         5     1.55171         6     3.38147         3     3.73564         4     4.82261         2     4.97387
Frame      72503    pt_id     1         1     0.08853         5     1.54054         6     3.38966         3     3.74371         4     4.83851         2     4.99150
Frame      72504    pt_id     1         1     0.09304         5     1.52203         6     3.38165         3     3.73495         4     4.83474         2     4.99141
Frame      72505    pt_id     1         1     0.09135         5     1.50949         6     3.37277         3     3.72393         4     4.82964         2     4.98955
Frame      72506    pt_id     1         1     0.09581         5     1.49984         6     3.36062         3     3.70954         4     4.81260         2     4.97570
Frame      72507    pt_id     1         1     0.10401         5     1.47966         6     3.33305         3     3.66034         4     4.75725         2     4.91428
Frame      72508    pt_id     1         1     0.11206         5     1.45688         6     3.27947         3     3.58230         4     4.66659         2     4.81752
Frame      72509    pt_id     1         1     0.11944         5     1.46396         6     3.23119         3     3.49644         4     4.55165         2     4.67925
Frame      72510    pt_id     1         1     0.13575         5     1.48303         6     3.17479         3     3.40624         4     4.42638         2     4.53319
Frame      72511    pt_id     1         1     0.15392         5     1.51435         6     3.07111         3     3.29205         4     4.25778         2     4.35792
Frame      72512    pt_id     1         1     0.18986         5     1.57057         6     3.01719         3     3.20155         4     4.12032         2     4.19620
Frame      72513    pt_id     1         1     0.24540         5     1.62777         6     2.97192         3     3.13802         4     4.01070         2     4.07862
Frame      72514    pt_id     1         1     0.29764         5     1.69737         6     2.90852         3     3.04468         4     3.86195         2     3.90834
Frame      72515    pt_id     1         1     0.35772         5     1.76386         6     2.84738         3     2.93615         4     3.70555         2     3.72238
Frame      72516    pt_id     1         1     0.41506         5     1.84046         6     2.77130         3     2.82706         2     3.53218         4     3.53982
Frame      72517    pt_id     1         1     0.46443         5     1.91131         6     2.69412         3     2.72690         2     3.35342         4     3.38092
Frame      72518    pt_id     1         1     0.50742         5     1.97171         6     2.64330         3     2.66477         2     3.23203         4     3.27224
Frame      72519    pt_id     1         1     0.53837         5     1.98408         6     2.56480         3     2.61684         2     3.18090         4     3.19445
Frame      72520    pt_id     1         1     0.56041         5     1.98533         6     2.51227         3     2.56853         2     3.13012         4     3.13308
Frame      72521    pt_id     1         1     0.56719         5     1.97611         6     2.49653         3     2.52541         2     3.06684         4     3.08520
Frame      72522    pt_id     1         1     0.55594         5     1.92188         6     2.45333         3     2.49531         2     3.05190         4     3.05473
Frame      72523    pt_id     1         1     0.54094         5     1.89629         6     2.42290         3     2.45070         2     3.00355         4     3.01416
Frame      72524    pt_id     1         1     0.51725         5     1.84594         6     2.43133         3     2.46449         2     3.04923         4     3.05008
Frame      72525    pt_id     1         1     0.48952         5     1.80569         6     2.43729         3     2.49608         4     3.10430         2     3.12387
Frame      72526    pt_id     1         1     0.46021         5     1.75236         6     2.47062         3     2.53424         4     3.16988         2     3.19809
Frame      72527    pt_id     1         1     0.44113         5     1.71022         6     2.48562         3     2.58388         4     3.24468         2     3.30299
Frame      72528    pt_id     1         1     0.44288         5     1.69499         6     2.48256         3     2.58045         4     3.24771         2     3.30895
Frame      72529    pt_id     1         1     0.44738         5     1.68035         6     2.49662         3     2.55063         4     3.23106         2     3.26772
Frame      72530    pt_id     1         1     0.45840         5     1.68615         6     2.48013         3     2.51318         4     3.18066         2     3.20249
Frame      72531    pt_id     1         1     0.48005         5     1.67852         6     2.45222         3     2.46434         4     3.12767         2     3.14244
Frame      72532    pt_id     1         1     0.51983         5     1.73385         3     2.40082         6     2.42277         2     3.02237         4     3.03461
Frame      72533    pt_id     1         1     0.54768         5     1.74454         3     2.34947         6     2.37546         2     2.94312         4     2.95625
Frame      72534    pt_id     1         1     0.60407         5     1.76638         3     2.21847         6     2.26756         2     2.76395         4     2.78408
Frame      72535    pt_id     1         1     0.66524         5     1.78598         3     2.12714         6     2.19160         2     2.62225         4     2.64733
Frame      72536    pt_id     1         1     0.71680         5     1.81725         3     2.06132         6     2.15253         2     2.51103         4     2.55224
Frame      72537    pt_id     1         1     0.73776         5     1.82594         3     2.03105         6     2.12820         2     2.46639         4     2.50962
Frame      72538    pt_id     1         1     0.72289         5     1.80943         3     2.04180         6     2.12760         2     2.49253         4     2.52692
Frame      72539    pt_id     1         1     0.72123         5     1.80750         3     2.03644         6     2.12206         2     2.48278         4     2.51848
Frame      72540    pt_id     1         1     0.75177         5     1.80633         3     1.97341         6     2.07053         2     2.40370         4     2.43954
Frame      72541    pt_id     1         1     0.78471         5     1.81215         3     1.90662         6     1.99811         2     2.32470         4     2.34857
Frame      72542    pt_id     1         1     0.80813         5     1.79458         3     1.83513         6     1.94812         2     2.23890         4     2.26765
Frame      72543    pt_id     1         1     0.85729         3     1.76362         5     1.83076         6     1.89679         2     2.13178         4     2.16872
Frame      72544    pt_id     1         1     0.90014         3     1.71036         5     1.84598         6     1.87665         2     2.04573         4     2.09977
Frame      72545    pt_id     1         1     0.96496         3     1.62277         6     1.82748         5     1.87184         2     1.92193         4     1.99128
Frame      72546    pt_id     1         1     1.02813         3     1.53898         6     1.75385         2     1.82477         5     1.88085         4     1.88579
Frame      72547    pt_id     1         1     1.08391         3     1.49632         2     1.73827         6     1.75289         4     1.82694         5     1.92710
Frame      72548    pt_id     1         1     1.13493         3     1.45848         2     1.66958         6     1.73385         4     1.76746         5     1.95832
Frame      72549    pt_id     1         1     1.15046         3     1.44772         2     1.64283         6     1.72842         4     1.74640         5     1.98223
Frame      72550    pt_id     1         1     1.06449         3     1.48159         6     1.73054         2     1.73290         4     1.81721         5     1.90645
Frame      72551    pt_id     1         1     0.99042         3     1.53377         6     1.77865         2     1.81751         5     1.83947         4     1.90279
Frame      72552    pt_id     1         1     0.97006         3     1.53507         6     1.75836         5     1.81419         2     1.83626         4     1.90627
Frame      72553    pt_id     1         1     0.96357         3     1.52245         6     1.75414         5     1.76858         2     1.83853         4     1.90852
Frame      72554    pt_id     1         1     0.97186         3     1.48430         6     1.70272         5     1.73615         2     1.81451         4     1.86508
Frame      72555    pt_id     1         1     0.98118         3     1.47419         6     1.69563         5     1.75114         2     1.79464         4     1.84813
Frame      72556    pt_id     1         1     0.99422         3     1.44333         6     1.66133         5     1.74214         2     1.76085         4     1.80850
Frame      72557    pt_id     1         1     1.07781         3     1.34323         6     1.59178         2     1.62738         4     1.67971         5     1.76543
Frame      72558    pt_id     1         1     1.16518         3     1.27234         2     1.52410         6     1.57572         4     1.59688         5     1.79362
Frame      72559    pt_id     1         3     1.18710         1     1.27798         2     1.39916         4     1.47627         6     1.51709         5     1.85005
Frame      72560    pt_id     1         3     1.12998         2     1.30275         4     1.37959         1     1.38628         6     1.47617         5     1.90460
Frame      72561    pt_id     1         3     1.07662         2     1.20638         4     1.29509         6     1.45416         1     1.50253         5     1.98784
Frame      72562    pt_id     1         3     1.06904         2     1.19798         4     1.28830         6     1.45798         1     1.52853         5     1.99239
Frame      72563    pt_id     1         3     1.07015         2     1.21788         4     1.29018         6     1.43826         1     1.51787         5     1.98447
Frame      72564    pt_id     1         3     1.12207         2     1.29113         4     1.36849         1     1.44865         6     1.48381         5     1.95837
Frame      72565    pt_id     1         3     1.15967         2     1.36134         1     1.38849         4     1.43139         6     1.50786         5     1.90656
Frame      72566    pt_id     1         3     1.20558         1     1.34708         2     1.41997         4     1.49321         6     1.54444         5     1.91569
Frame      72567    pt_id     1         3     1.28044         1     1.29094         2     1.51294         4     1.58733         6     1.60539         5     1.90161
Frame      72568    pt_id     1         3     1.28044         1     1.29094         2     1.51294         4     1.58733         6     1.60539         5     1.90161
Frame      72569    pt_id     1         3     1.28044         1     1.29094         2     1.51294         4     1.58733         6     1.60539         5     1.90161
Frame      72570    pt_id     1         3     1.28044         1     1.29094         2     1.51294         4     1.58733         6     1.60539         5     1.90161
