Frame      79198    pt_id     1         2     2.53464         3     2.63868         4     2.70425         1     2.72824         6     3.06617         5     3.82160
Frame      79199    pt_id     1         2     2.17368         3     2.29337         4     2.35968         1     2.75038         6     2.78779         5     3.73596
Frame      79200    pt_id     1         2     2.04086         3     2.15572         4     2.25667         1     2.48205         6     2.67007         5     3.47807
Frame      79201    pt_id     1         2     2.00354         3     2.12392         4     2.20606         1     2.56975         6     2.64241         5     3.50689
Frame      79202    pt_id     1         2     1.92568         3     2.06067         4     2.12953         6     2.60810         1     2.67286         5     3.53386
Frame      79203    pt_id     1         2     1.91171         3     2.04306         4     2.11580         6     2.58745         1     2.64020         5     3.51772
Frame      79204    pt_id     1         2     1.88956         3     2.00397         4     2.08806         6     2.55304         1     2.63513         5     3.48628
Frame      79205    pt_id     1         2     1.84591         3     1.96203         4     2.03664         6     2.50479         1     2.64471         5     3.46952
Frame      79206    pt_id     1         2     1.84065         3     1.96238         4     2.03636         6     2.51001         1     2.65331         5     3.48671
Frame      79207    pt_id     1         2     1.84043         3     1.97267         4     2.03863         6     2.52506         1     2.68989         5     3.51819
Frame      79208    pt_id     1         2     1.75290         3     1.88912         4     1.95207         6     2.44197         1     2.64427         5     3.46313
Frame      79209    pt_id     1         2     1.71429         3     1.78682         4     1.87345         6     2.29710         1     2.49786         5     3.24918
Frame      79210    pt_id     1         3     1.72299         2     1.72588         4     1.80812         6     2.13971         1     2.42514         5     3.11982
Frame      79211    pt_id     1         3     1.71377         2     1.71689         4     1.79833         6     2.13034         1     2.43548         5     3.12365
Frame      79212    pt_id     1         3     1.69882         2     1.70761         4     1.79178         6     2.11035         1     2.37398         5     3.07875
Frame      79213    pt_id     1         3     1.68054         2     1.68548         4     1.76847         6     2.08337         1     2.34764         5     3.05063
Frame      79214    pt_id     1         2     1.69707         3     1.70487         4     1.78732         6     2.09976         1     2.31480         5     3.05166
Frame      79215    pt_id     1         2     1.76631         3     1.76995         4     1.86538         6     2.16845         1     2.30933         5     3.08804
Frame      79216    pt_id     1         2     1.78070         3     1.78322         4     1.87543         6     2.17768         1     2.32769         5     3.09612
Frame      79217    pt_id     1         2     1.76493         3     1.76872         4     1.86119         6     2.16005         1     2.30480         5     3.08833
Frame      79218    pt_id     1         2     1.76372         3     1.77171         4     1.86362         6     2.16549         1     2.30498         5     3.09229
Frame      79219    pt_id     1         2     1.79617         3     1.86073         4     1.93089         6     2.28477         1     2.40329         5     3.25900
Frame      79220    pt_id     1         2     1.78699         3     1.93499         4     1.99592         6     2.45764         1     2.55775         5     3.45737
Frame      79221    pt_id     1         2     1.76897         3     1.92535         4     1.98281         6     2.44570         1     2.52913         5     3.44751
Frame      79222    pt_id     1         2     1.79300         3     1.94220         4     2.00080         6     2.45247         1     2.53258         5     3.46294
Frame      79223    pt_id     1         2     1.81579         3     1.96455         4     2.02011         6     2.48112         1     2.59518         5     3.50574
Frame      79224    pt_id     1         2     1.82264         3     1.95435         4     2.01519         6     2.45263         1     2.55642         5     3.47243
Frame      79225    pt_id     1         2     1.78349         3     1.89911         4     1.95192         6     2.35600         1     2.46118         5     3.37150
Frame      79226    pt_id     1         2     1.77573         3     1.88426         4     1.94440         6     2.33516         1     2.41102         5     3.33160
Frame      79227    pt_id     1         2     1.80266         3     1.89109         4     1.96060         6     2.33539         1     2.41193         5     3.31053
Frame      79228    pt_id     1         2     1.85673         3     1.93338         4     2.00868         6     2.37529         1     2.44040         5     3.33203
Frame      79229    pt_id     1         2     1.87189         3     1.95217         4     2.02313         6     2.40059         1     2.48931         5     3.36408
Frame      79230    pt_id     1         2     1.89710         3     1.96907         4     2.04592         6     2.41229         1     2.47864         5     3.35785
Frame      79231    pt_id     1         2     1.93366         3     1.98608         4     2.07463         6     2.41660         1     2.44712         5     3.33596
Frame      79232    pt_id     1         2     1.97872         3     2.01598         4     2.10441         6     2.43296         1     2.48159         5     3.34397
Frame      79233    pt_id     1         2     2.00368         3     2.03890         4     2.13110         6     2.45470         1     2.48796         5     3.36552
Frame      79234    pt_id     1         2     2.03512         3     2.06128         4     2.16295         6     2.48896         1     2.51489         5     3.37354
Frame      79235    pt_id     1         2     2.08665         3     2.11440         4     2.22744         6     2.56861         1     2.58326         5     3.43506
Frame      79236    pt_id     1         2     2.15626         3     2.17202         4     2.28181         6     2.61040         1     2.63610         5     3.48040
Frame      79237    pt_id     1         3     2.18241         2     2.19444         4     2.31499         1     2.51484         6     2.59905         5     3.39320
Frame      79238    pt_id     1         3     2.22245         2     2.25919         4     2.35814         1     2.49615         6     2.60305         5     3.38783
Frame      79239    pt_id     1         3     2.24073         2     2.28797         4     2.38883         1     2.41541         6     2.60760         5     3.34819
Frame      79240    pt_id     1         3     2.25718         2     2.30467         4     2.40428         1     2.41948         6     2.61985         5     3.35648
Frame      79241    pt_id     1         3     2.29444         2     2.34088         1     2.42464         4     2.44077         6     2.65403         5     3.37154
Frame      79242    pt_id     1         3     2.31152         2     2.35074         1     2.41482         4     2.45541         6     2.66906         5     3.38462
Frame      79243    pt_id     1         3     2.29861         1     2.33654         2     2.36616         4     2.46664         6     2.65268         5     3.29546
Frame      79244    pt_id     1         3     2.27563         2     2.32843         1     2.37334         4     2.43209         6     2.63601         5     3.32023
Frame      79245    pt_id     1         3     2.25158         2     2.30410         1     2.38118         4     2.40228         6     2.60670         5     3.31710
Frame      79246    pt_id     1         3     2.21440         2     2.24840         1     2.35830         4     2.36468         6     2.59119         5     3.30319
Frame      79247    pt_id     1         3     2.21515         2     2.22683         4     2.34821         1     2.45233         6     2.60908         5     3.37833
Frame      79248    pt_id     1         2     2.18647         3     2.19178         4     2.32328         1     2.50144         6     2.61894         5     3.40215
Frame      79249    pt_id     1         2     2.16909         3     2.17363         4     2.30433         1     2.54978         6     2.61221         5     3.42125
Frame      79250    pt_id     1         3     2.17656         2     2.19431         4     2.30988         1     2.54037         6     2.59309         5     3.39388
Frame      79251    pt_id     1         3     2.16146         2     2.19144         4     2.29987         1     2.56890         6     2.58128         5     3.38312
Frame      79252    pt_id     1         3     2.16173         2     2.19257         4     2.30983         1     2.54512         6     2.59114         5     3.37421
Frame      79253    pt_id     1         3     2.16191         2     2.20387         4     2.30625         1     2.53330         6     2.56602         5     3.36801
Frame      79254    pt_id     1         3     2.21499         2     2.26917         4     2.36937         1     2.53857         6     2.61395         5     3.37985
Frame      79255    pt_id     1         3     2.24071         2     2.30008         4     2.40257         1     2.55452         6     2.64641         5     3.39162
Frame      79256    pt_id     1         3     2.24558         2     2.32997         4     2.41903         1     2.52001         6     2.63285         5     3.35611
Frame      79257    pt_id     1         3     2.26100         2     2.36738         4     2.43731         1     2.49084         6     2.61782         5     3.32436
Frame      79258    pt_id     1         3     2.28655         2     2.40641         4     2.47579         1     2.47665         6     2.64235         5     3.31260
Frame      79259    pt_id     1         3     2.35082         1     2.45124         2     2.49369         4     2.55346         6     2.68347         5     3.31064
Frame      79260    pt_id     1         1     2.34580         3     2.34860         2     2.50790         4     2.57491         6     2.67761         5     3.24019
Frame      79261    pt_id     1         1     2.22894         3     2.38507         2     2.56753         4     2.63461         6     2.69403         5     3.18342
Frame      79262    pt_id     1         1     2.14577         3     2.42471         2     2.61723         4     2.68131         6     2.70980         5     3.14749
Frame      79263    pt_id     1         1     2.11796         3     2.44745         2     2.62835         4     2.71062         6     2.74555         5     3.15989
Frame      79264    pt_id     1         1     2.04460         3     2.46383         2     2.64392         4     2.73051         6     2.74807         5     3.13873
Frame      79265    pt_id     1         1     2.00748         3     2.53237         2     2.71480         6     2.80469         4     2.80665         5     3.14836
Frame      79266    pt_id     1         1     1.99725         3     2.59732         2     2.78215         6     2.85739         4     2.87702         5     3.18275
Frame      79267    pt_id     1         1     1.97534         3     2.65033         2     2.81947         6     2.93701         4     2.94479         5     3.20987
Frame      79268    pt_id     1         1     1.92420         3     2.65930         2     2.86275         6     2.91055         4     2.96482         5     3.15943
Frame      79269    pt_id     1         1     1.95210         3     2.68170         2     2.90671         6     2.91242         4     2.98768         5     3.16380
Frame      79270    pt_id     1         1     1.99473         3     2.76647         6     2.96040         2     3.00603         4     3.06363         5     3.21932
Frame      79271    pt_id     1         1     2.07826         3     2.82304         6     3.01017         2     3.05721         4     3.10996         5     3.30535
Frame      79272    pt_id     1         1     2.11612         3     2.86804         6     3.05729         2     3.11204         4     3.16618         5     3.35343
Frame      79273    pt_id     1         1     2.13745         3     2.91284         6     3.10317         2     3.17534         4     3.22565         5     3.36703
Frame      79274    pt_id     1         1     2.20255         3     2.94719         6     3.13753         2     3.22918         4     3.26908         5     3.40358
Frame      79275    pt_id     1         1     2.21987         3     2.97128         6     3.16104         2     3.26909         4     3.30552         5     3.41771
Frame      79276    pt_id     1         1     2.17849         3     2.99092         6     3.18542         2     3.30167         4     3.34366         5     3.38503
Frame      79277    pt_id     1         1     2.15824         3     3.03191         6     3.18915         2     3.36471         5     3.36864         4     3.38331
Frame      79278    pt_id     1         1     2.17290         3     3.07129         6     3.24683         2     3.37646         4     3.41746         5     3.42101
Frame      79279    pt_id     1         1     2.10935         3     3.07825         6     3.25233         2     3.37893         5     3.40206         4     3.43066
Frame      79280    pt_id     1         1     2.09326         3     3.08619         6     3.29123         2     3.37433         5     3.41711         4     3.45443
Frame      79281    pt_id     1         1     2.03871         3     3.06778         6     3.27895         2     3.36178         5     3.36748         4     3.44777
Frame      79282    pt_id     1         1     2.02827         3     3.07685         6     3.26137         5     3.33307         2     3.39743         4     3.46009
Frame      79283    pt_id     1         1     2.03280         3     3.14735         6     3.29475         5     3.34688         2     3.49970         4     3.53833
Frame      79284    pt_id     1         1     1.99106         3     3.17951         6     3.30698         5     3.33604         2     3.54078         4     3.57386
Frame      79285    pt_id     1         1     1.91736         3     3.16938         6     3.27161         5     3.29799         2     3.53406         4     3.56132
Frame      79286    pt_id     1         1     1.84926         3     3.20384         5     3.24516         6     3.24578         4     3.60714         2     3.61738
Frame      79287    pt_id     1         1     1.85305         3     3.22893         5     3.24451         6     3.24578         4     3.64986         2     3.68275
Frame      79288    pt_id     1         1     1.76576         5     3.19378         6     3.28333         3     3.28520         4     3.72902         2     3.76096
Frame      79289    pt_id     1         1     1.71388         5     3.18487         6     3.31506         3     3.32069         4     3.77694         2     3.79846
Frame      79290    pt_id     1         1     1.67544         5     3.14182         6     3.30503         3     3.34398         4     3.81044         2     3.85504
Frame      79291    pt_id     1         1     1.64285         5     3.11035         6     3.30902         3     3.39421         4     3.87638         2     3.95193
Frame      79292    pt_id     1         1     1.59618         5     3.09964         6     3.34164         3     3.38679         4     3.87729         2     3.91410
Frame      79293    pt_id     1         1     1.56675         5     3.09967         6     3.37768         3     3.42389         4     3.91564         2     3.94227
Frame      79294    pt_id     1         1     1.49886         5     3.05373         6     3.41302         3     3.47599         4     3.99567         2     4.02772
Frame      79295    pt_id     1         1     1.45375         5     3.03023         6     3.46955         3     3.53251         4     4.08024         2     4.10742
Frame      79296    pt_id     1         1     1.45949         5     3.05588         6     3.53383         3     3.56419         4     4.12585         2     4.12671
Frame      79297    pt_id     1         1     1.40890         5     3.05310         6     3.59795         3     3.61148         2     4.16351         4     4.18825
Frame      79298    pt_id     1         1     1.38301         5     3.04515         6     3.58514         3     3.59735         2     4.15905         4     4.18478
Frame      79299    pt_id     1         1     1.34160         5     3.01016         6     3.60374         3     3.62211         2     4.20557         4     4.22776
Frame      79300    pt_id     1         1     1.30399         5     3.00272         6     3.63578         3     3.67680         2     4.28831         4     4.30266
Frame      79301    pt_id     1         1     1.26023         5     2.99669         3     3.70015         6     3.71766         2     4.29105         4     4.35494
Frame      79302    pt_id     1         1     1.20796         5     2.95305         6     3.72305         3     3.75070         2     4.40311         4     4.43620
Frame      79303    pt_id     1         1     1.14713         5     2.91245         6     3.71365         3     3.73679         2     4.39800         4     4.44047
Frame      79304    pt_id     1         1     1.11574         5     2.89903         6     3.72427         3     3.75764         2     4.42602         4     4.46832
Frame      79305    pt_id     1         1     1.07378         5     2.88026         6     3.74146         3     3.78392         2     4.46496         4     4.50787
Frame      79306    pt_id     1         1     1.05415         5     2.87129         6     3.74128         3     3.79281         2     4.47848         4     4.51929
Frame      79307    pt_id     1         1     1.02351         5     2.84615         6     3.71866         3     3.75252         2     4.42934         4     4.48561
Frame      79308    pt_id     1         1     0.99935         5     2.84489         6     3.71718         3     3.77092         2     4.45264         4     4.50378
Frame      79309    pt_id     1         1     0.97255         5     2.83570         6     3.70986         3     3.76309         2     4.44155         4     4.49880
Frame      79310    pt_id     1         1     0.95595         5     2.83904         6     3.72105         3     3.74971         2     4.39638         4     4.47703
Frame      79311    pt_id     1         1     0.92641         5     2.83191         6     3.68791         3     3.75854         2     4.41687         4     4.47783
Frame      79312    pt_id     1         1     0.86239         5     2.76739         6     3.64140         3     3.73954         2     4.41384         4     4.46009
Frame      79313    pt_id     1         1     0.85054         5     2.78665         6     3.66715         3     3.75680         2     4.41834         4     4.47817
Frame      79314    pt_id     1         1     0.81826         5     2.76466         6     3.63716         3     3.74485         2     4.41863         4     4.47073
Frame      79315    pt_id     1         1     0.80753         5     2.75649         6     3.62802         3     3.76841         2     4.46917         4     4.49944
Frame      79316    pt_id     1         1     0.78506         5     2.76213         6     3.63468         3     3.79338         2     4.50530         4     4.52928
Frame      79317    pt_id     1         1     0.76327         5     2.74285         6     3.67270         3     3.88039         4     4.63862         2     4.64773
Frame      79318    pt_id     1         1     0.73072         5     2.70770         6     3.69051         3     3.89431         4     4.67972         2     4.68891
Frame      79319    pt_id     1         1     0.71411         5     2.70486         6     3.73149         3     3.94129         4     4.74702         2     4.75779
Frame      79320    pt_id     1         1     0.68425         5     2.68377         6     3.75317         3     3.96387         4     4.78645         2     4.79377
Frame      79321    pt_id     1         1     0.66697         5     2.68588         6     3.78737         3     4.01066         4     4.84367         2     4.85421
Frame      79322    pt_id     1         1     0.66590         5     2.71278         6     3.81593         3     4.03855         4     4.86923         2     4.87163
Frame      79323    pt_id     1         1     0.63651         5     2.67934         6     3.82569         3     4.09885         4     4.94951         2     4.98554
Frame      79324    pt_id     1         1     0.61874         5     2.68909         6     3.86390         3     4.12452         4     4.97916         2     5.00007
Frame      79325    pt_id     1         1     0.58838         5     2.67404         6     3.84935         3     4.11224         4     4.96140         2     4.97571
Frame      79326    pt_id     1         1     0.54247         5     2.62887         6     3.84637         3     4.12267         4     4.97877         2     4.99494
Frame      79327    pt_id     1         1     0.50468         5     2.61686         6     3.82449         3     4.08507         2     4.93122         4     4.93547
Frame      79328    pt_id     1         1     0.47098         5     2.58483         6     3.81837         3     4.09963         4     4.95276         2     4.95794
Frame      79329    pt_id     1         1     0.43938         5     2.56719         6     3.81357         3     4.11557         4     4.97368         2     4.98561
Frame      79330    pt_id     1         1     0.41215         5     2.53551         6     3.82776         3     4.15395         4     5.03807         2     5.06713
Frame      79331    pt_id     1         1     0.37424         5     2.49362         6     3.80797         3     4.12759         4     5.02547         2     5.04933
Frame      79332    pt_id     1         1     0.34191         5     2.46133         6     3.83012         3     4.13029         4     5.05736         2     5.06685
Frame      79333    pt_id     1         1     0.31693         5     2.44168         6     3.82062         3     4.12251         4     5.05675         2     5.06400
Frame      79334    pt_id     1         1     0.29838         5     2.41587         6     3.83080         3     4.14925         4     5.10140         2     5.11861
Frame      79335    pt_id     1         1     0.27001         5     2.37078         6     3.86133         3     4.17637         4     5.15801         2     5.17482
Frame      79336    pt_id     1         1     0.25121         5     2.33527         6     3.86985         3     4.18165         4     5.18780         2     5.20739
Frame      79337    pt_id     1         1     0.23196         5     2.30574         6     3.89408         3     4.22175         4     5.24909         2     5.27965
Frame      79338    pt_id     1         1     0.22297         5     2.29949         6     3.92855         3     4.26142         4     5.30813         2     5.33953
Frame      79339    pt_id     1         1     0.20886         5     2.27045         6     3.94328         3     4.28007         4     5.33788         2     5.37194
Frame      79340    pt_id     1         1     0.19079         5     2.24799         6     3.93646         3     4.27336         4     5.33400         2     5.36514
Frame      79341    pt_id     1         1     0.18063         5     2.22379         6     3.94618         3     4.30267         4     5.37403         2     5.41883
Frame      79342    pt_id     1         1     0.17419         5     2.22141         6     3.96743         3     4.34560         4     5.42210         2     5.47803
Frame      79343    pt_id     1         1     0.16295         5     2.19877         6     3.99201         3     4.36382         4     5.45229         2     5.50388
Frame      79344    pt_id     1         1     0.15057         5     2.17651         6     3.99834         3     4.37031         4     5.46900         2     5.52013
Frame      79345    pt_id     1         1     0.14537         5     2.16997         6     3.99905         3     4.37055         4     5.47448         2     5.52467
Frame      79346    pt_id     1         1     0.13781         5     2.15010         6     4.01084         3     4.38178         4     5.49336         2     5.54228
Frame      79347    pt_id     1         1     0.13097         5     2.12756         6     4.00274         3     4.37579         4     5.49112         2     5.54239
Frame      79348    pt_id     1         1     0.12315         5     2.09706         6     3.98836         3     4.36064         4     5.47845         2     5.53203
Frame      79349    pt_id     1         1     0.11767         5     2.07475         6     3.98279         3     4.35434         4     5.48048         2     5.53600
Frame      79350    pt_id     1         1     0.10569         5     2.02627         6     3.94404         3     4.31454         4     5.44331         2     5.50354
Frame      79351    pt_id     1         1     0.10136         5     2.00675         6     3.93589         3     4.30485         4     5.43705         2     5.49801
Frame      79352    pt_id     1         1     0.09175         5     1.95198         6     3.89260         3     4.26040         4     5.39493         2     5.46236
Frame      79353    pt_id     1         1     0.08566         5     1.91863         6     3.86187         3     4.22915         4     5.36508         2     5.43621
Frame      79354    pt_id     1         1     0.08011         5     1.86082         6     3.82015         3     4.18497         4     5.32522         2     5.40375
Frame      79355    pt_id     1         1     0.07484         5     1.79674         6     3.76701         3     4.12955         4     5.27269         2     5.35999
Frame      79356    pt_id     1         1     0.07266         5     1.75072         6     3.72241         3     4.08437         4     5.22855         2     5.32287
Frame      79357    pt_id     1         1     0.07245         5     1.69313         6     3.67284         3     4.03259         4     5.18019         2     5.28390
Frame      79358    pt_id     1         1     0.07636         5     1.63760         6     3.61941         3     3.97873         4     5.12743         2     5.24056
Frame      79359    pt_id     1         1     0.08268         5     1.57522         6     3.56156         3     3.91974         4     5.07022         2     5.19458
Frame      79360    pt_id     1         1     0.09044         5     1.52180         6     3.51225         3     3.86940         4     5.02137         2     5.15595
Frame      79361    pt_id     1         1     0.10562         5     1.45523         6     3.45224         3     3.80794         4     4.96212         2     5.11038
Frame      79362    pt_id     1         1     0.11572         5     1.41469         6     3.41676         3     3.77095         4     4.92725         2     5.08425
Frame      79363    pt_id     1         1     0.13087         5     1.36912         6     3.37595         3     3.72908         4     4.88679         2     5.05424
Frame      79364    pt_id     1         1     0.14474         5     1.33910         6     3.35175         3     3.70360         4     4.86311         2     5.03777
Frame      79365    pt_id     1         1     0.15688         5     1.31745         6     3.33369         3     3.68503         4     4.84590         2     5.02626
Frame      79366    pt_id     1         1     0.16476         5     1.28148         6     3.30089         3     3.65122         4     4.81305         2     5.00197
Frame      79367    pt_id     1         1     0.17815         5     1.26060         6     3.28427         3     3.63366         4     4.79697         2     4.99161
Frame      79368    pt_id     1         1     0.19044         5     1.24328         6     3.27232         3     3.62062         4     4.78536         2     4.98470
Frame      79369    pt_id     1         1     0.20370         5     1.20381         6     3.23573         3     3.58281         4     4.74877         2     4.95840
Frame      79370    pt_id     1         1     0.21969         5     1.16997         6     3.20446         3     3.55046         4     4.71761         2     4.93667
Frame      79371    pt_id     1         1     0.23160         5     1.14398         6     3.18051         3     3.52566         4     4.69369         2     4.92003
Frame      79372    pt_id     1         1     0.24873         5     1.12077         6     3.15967         3     3.50408         4     4.67289         2     4.90665
Frame      79373    pt_id     1         1     0.26662         5     1.07775         6     3.12000         3     3.46293         4     4.63316         2     4.87906
Frame      79374    pt_id     1         1     0.28912         5     1.04084         6     3.08637         3     3.42797         4     4.59953         2     4.85697
Frame      79375    pt_id     1         1     0.31327         5     0.99922         6     3.04838         3     3.38842         4     4.56149         2     4.83196
Frame      79376    pt_id     1         1     0.34343         5     0.97334         6     3.02569         3     3.36468         4     4.53900         2     4.81965
Frame      79377    pt_id     1         1     0.38214         5     0.92380         6     2.98085         3     3.31774         4     4.49416         2     4.79220
Frame      79378    pt_id     1         1     0.42625         5     0.86870         6     2.93086         3     3.26525         4     4.44412         2     4.76204
Frame      79379    pt_id     1         1     0.45601         5     0.82381         6     2.88947         3     3.22176         4     4.40268         2     4.73599
Frame      79380    pt_id     1         1     0.48308         5     0.79002         6     2.85865         3     3.18928         4     4.37180         2     4.71760
Frame      79381    pt_id     1         1     0.49645         5     0.73871         6     2.80793         3     3.13617         4     4.32091         2     4.68141
Frame      79382    pt_id     1         1     0.53605         5     0.69039         6     2.76362         3     3.08932         4     4.27652         2     4.65532
Frame      79383    pt_id     1         1     0.57240         5     0.65812         6     2.73464         3     3.05849         4     4.24751         2     4.64031
Frame      79384    pt_id     1         1     0.60323         5     0.62480         6     2.70418         3     3.02611         4     4.21697         2     4.62326
Frame      79385    pt_id     1         5     0.58254         1     0.63561         6     2.66275         3     2.98224         4     4.17535         2     4.59804
Frame      79386    pt_id     1         5     0.54057         1     0.68426         6     2.62489         3     2.94167         4     4.13729         2     4.57917
Frame      79387    pt_id     1         5     0.51842         1     0.70538         6     2.60445         3     2.91984         4     4.11682         2     4.56800
Frame      79388    pt_id     1         5     0.49705         1     0.70838         6     2.58345         3     2.89769         4     4.09567         2     4.55291
Frame      79389    pt_id     1         5     0.47242         1     0.72562         6     2.55759         3     2.87028         4     4.06963         2     4.53667
Frame      79390    pt_id     1         5     0.43615         1     0.74435         6     2.52288         3     2.83335         4     4.03469         2     4.51461
Frame      79391    pt_id     1         5     0.42599         1     0.78439         6     2.51712         3     2.82643         4     4.02886         2     4.51859
Frame      79392    pt_id     1         5     0.40933         1     0.80591         6     2.50022         3     2.80826         4     4.01184         2     4.51013
Frame      79393    pt_id     1         5     0.38564         1     0.82006         6     2.47575         3     2.78223         4     3.98724         2     4.49456
Frame      79394    pt_id     1         5     0.37855         1     0.84241         6     2.47019         3     2.77591         4     3.98164         2     4.49497
Frame      79395    pt_id     1         5     0.36191         1     0.86527         6     2.45717         3     2.76155         4     3.96856         2     4.49033
Frame      79396    pt_id     1         5     0.33469         1     0.88159         6     2.42996         3     2.73242         4     3.94113         2     4.47355
Frame      79397    pt_id     1         5     0.31209         1     0.90606         6     2.40886         3     2.70947         4     3.91979         2     4.46319
Frame      79398    pt_id     1         5     0.28694         1     0.94753         6     2.38624         3     2.68448         4     3.89695         2     4.45528
Frame      79399    pt_id     1         5     0.26464         1     0.98578         6     2.36867         3     2.66470         4     3.87922         2     4.45095
Frame      79400    pt_id     1         5     0.24302         1     1.01710         6     2.34386         3     2.63777         4     3.85416         2     4.43875
Frame      79401    pt_id     1         5     0.22036         1     1.04150         6     2.31304         3     2.60484         4     3.82311         2     4.42001
Frame      79402    pt_id     1         5     0.20145         1     1.05495         6     2.27694         3     2.56712         4     3.78683         2     4.39362
Frame      79403    pt_id     1         5     0.19379         1     1.08044         6     2.27008         3     2.55914         4     3.77984         2     4.39402
Frame      79404    pt_id     1         5     0.16973         1     1.12032         6     2.24155         3     2.52781         4     3.75103         2     4.38118
Frame      79405    pt_id     1         5     0.15855         1     1.13518         6     2.21943         3     2.50450         4     3.72874         2     4.36640
Frame      79406    pt_id     1         5     0.15018         1     1.15049         6     2.20748         3     2.49149         4     3.71668         2     4.36046
Frame      79407    pt_id     1         5     0.13668         1     1.16084         6     2.17745         3     2.46015         4     3.68647         2     4.33815
Frame      79408    pt_id     1         5     0.12899         1     1.17308         6     2.16445         3     2.44618         4     3.67334         2     4.33057
Frame      79409    pt_id     1         5     0.11795         1     1.17711         6     2.13509         3     2.41584         4     3.64381         2     4.30713
Frame      79410    pt_id     1         5     0.11341         1     1.18955         6     2.12928         3     2.40931         4     3.63799         2     4.30542
Frame      79411    pt_id     1         5     0.10667         1     1.21407         6     2.12222         3     2.40097         4     3.63081         2     4.30567
Frame      79412    pt_id     1         5     0.10020         1     1.24763         6     2.11854         3     2.39572         4     3.62702         2     4.31097
Frame      79413    pt_id     1         5     0.08544         1     1.26290         6     2.07920         3     2.35473         4     3.58738         2     4.28183
Frame      79414    pt_id     1         5     0.07877         1     1.28322         6     2.06640         3     2.34064         4     3.57442         2     4.27623
Frame      79415    pt_id     1         5     0.07078         1     1.32608         6     2.05524         3     2.32720         4     3.56301         2     4.27763
Frame      79416    pt_id     1         5     0.06075         1     1.34937         6     2.02652         3     2.29678         4     3.53407         2     4.25905
Frame      79417    pt_id     1         5     0.05099         1     1.37257         6     1.99526         3     2.26388         4     3.50250         2     4.23827
Frame      79418    pt_id     1         5     0.04221         1     1.39774         6     1.96562         3     2.23234         4     3.47258         2     4.21942
Frame      79419    pt_id     1         5     0.03320         1     1.40960         6     1.92896         3     2.19422         4     3.43561         2     4.19135
Frame      79420    pt_id     1         5     0.02432         1     1.41410         6     1.88333         3     2.14808         4     3.38943         2     4.15338
Frame      79421    pt_id     1         5     0.01913         1     1.43608         6     1.85700         3     2.12014         4     3.36282         2     4.13629
Frame      79422    pt_id     1         5     0.01535         1     1.45694         6     1.83422         3     2.09590         4     3.33975         2     4.12187
Frame      79423    pt_id     1         5     0.01281         1     1.49124         6     1.81320         3     2.07282         4     3.31846         2     4.11210
Frame      79424    pt_id     1         5     0.00937         1     1.50117         6     1.78201         3     2.04046         4     3.28694         2     4.08781
Frame      79425    pt_id     1         5     0.00865         1     1.50737         6     1.77217         3     2.03011         4     3.27697         2     4.08086
Frame      79426    pt_id     1         5     0.00875         1     1.51391         6     1.76650         3     2.02393         4     3.27117         2     4.07766
Frame      79427    pt_id     1         5     0.00875         1     1.51391         6     1.76650         3     2.02393         4     3.27117         2     4.07766
Frame      79428    pt_id     1         5     0.00875         1     1.51391         6     1.76650         3     2.02393         4     3.27117         2     4.07766
Frame      79429    pt_id     1         5     0.00875         1     1.51391         6     1.76650         3     2.02393         4     3.27117         2     4.07766
