Frame      83381    pt_id     1         6     0.03931         3     0.54698         4     0.82886         5     1.47749         2     1.77427         1     2.77056
Frame      83382    pt_id     1         6     0.03999         3     0.21707         4     0.43659         2     1.14506         5     1.54125         1     2.78912
Frame      83383    pt_id     1         6     0.06994         3     0.14605         4     0.34700         2     0.98309         5     1.59925         1     2.83449
Frame      83384    pt_id     1         6     0.04220         3     0.21034         4     0.42296         2     1.12550         5     1.55866         1     2.80908
Frame      83385    pt_id     1         6     0.04884         3     0.25187         4     0.45394         2     1.18195         5     1.56752         1     2.82100
Frame      83386    pt_id     1         6     0.06798         3     0.16526         4     0.36735         2     1.01731         5     1.58913         1     2.81475
Frame      83387    pt_id     1         6     0.05958         3     0.15566         4     0.38108         2     1.03629         5     1.56384         1     2.80144
Frame      83388    pt_id     1         6     0.05390         3     0.16709         4     0.38104         2     1.04361         5     1.57712         1     2.81014
Frame      83389    pt_id     1         6     0.07189         3     0.13657         4     0.35546         2     0.98355         5     1.57399         1     2.79669
Frame      83390    pt_id     1         6     0.07062         3     0.13754         4     0.35213         2     0.98039         5     1.57586         1     2.80172
Frame      83391    pt_id     1         3     0.09329         6     0.10830         4     0.28629         2     0.85231         5     1.65260         1     2.85742
Frame      83392    pt_id     1         3     0.08093         6     0.11344         4     0.29318         2     0.84957         5     1.64543         1     2.85468
Frame      83393    pt_id     1         3     0.06682         6     0.13502         4     0.27825         2     0.80850         5     1.67297         1     2.87601
Frame      83394    pt_id     1         3     0.03733         6     0.21613         4     0.21814         2     0.66313         5     1.80856         1     2.97865
Frame      83395    pt_id     1         3     0.03039         4     0.21324         6     0.26311         2     0.62005         5     1.85575         1     3.02013
Frame      83396    pt_id     1         3     0.03148         4     0.20059         6     0.25500         2     0.61373         5     1.87444         1     3.04250
Frame      83397    pt_id     1         3     0.03643         4     0.19070         6     0.23974         2     0.61488         5     1.87048         1     3.03736
Frame      83398    pt_id     1         3     0.02979         4     0.18846         6     0.25617         2     0.59933         5     1.87546         1     3.04429
Frame      83399    pt_id     1         3     0.04028         4     0.19392         6     0.23025         2     0.62885         5     1.87773         1     3.05127
Frame      83400    pt_id     1         3     0.04552         4     0.20487         6     0.21063         2     0.65770         5     1.85200         1     3.03030
Frame      83401    pt_id     1         3     0.04950         6     0.19446         4     0.20834         2     0.67539         5     1.81577         1     3.00008
Frame      83402    pt_id     1         3     0.06752         6     0.17805         4     0.19198         2     0.67510         5     1.83764         1     3.00959
Frame      83403    pt_id     1         3     0.07523         6     0.16747         4     0.19659         2     0.69079         5     1.82774         1     2.99779
Frame      83404    pt_id     1         3     0.08610         6     0.13873         4     0.22829         2     0.75335         5     1.76536         1     2.94634
Frame      83405    pt_id     1         3     0.07694         6     0.15961         4     0.20678         2     0.70619         5     1.80825         1     2.97164
Frame      83406    pt_id     1         3     0.07249         6     0.18288         4     0.18824         2     0.65860         5     1.84687         1     2.97636
Frame      83407    pt_id     1         3     0.06584         4     0.16849         6     0.20969         2     0.61104         5     1.90621         1     3.01991
Frame      83408    pt_id     1         3     0.05212         4     0.15996         6     0.24184         2     0.57137         5     1.94102         1     3.04616
Frame      83409    pt_id     1         3     0.04983         4     0.14243         6     0.26811         2     0.53005         5     1.97356         1     3.06293
Frame      83410    pt_id     1         3     0.04639         4     0.11550         6     0.34757         2     0.44045         5     2.08763         1     3.14905
Frame      83411    pt_id     1         3     0.04573         4     0.11286         6     0.36961         2     0.42010         5     2.12006         1     3.16714
Frame      83412    pt_id     1         3     0.03898         4     0.12990         6     0.36948         2     0.43578         5     2.08181         1     3.13479
Frame      83413    pt_id     1         3     0.03275         4     0.14391         6     0.36433         2     0.45342         5     2.03068         1     3.09117
Frame      83414    pt_id     1         3     0.03408         4     0.13915         6     0.34434         2     0.46555         5     2.01493         1     3.08740
Frame      83415    pt_id     1         3     0.03309         4     0.14468         6     0.33129         2     0.48219         5     1.99082         1     3.07473
Frame      83416    pt_id     1         3     0.03189         4     0.17074         6     0.27478         2     0.55661         5     1.89928         1     3.02169
Frame      83417    pt_id     1         3     0.02762         4     0.18370         6     0.27495         2     0.56947         5     1.86970         1     2.99579
Frame      83418    pt_id     1         3     0.03383         4     0.18154         6     0.26621         2     0.57361         5     1.87011         1     2.99306
Frame      83419    pt_id     1         3     0.03040         4     0.18023         6     0.28907         2     0.55768         5     1.91123         1     3.04127
Frame      83420    pt_id     1         3     0.03203         4     0.18245         6     0.28549         2     0.56275         5     1.91015         1     3.03877
Frame      83421    pt_id     1         3     0.03091         4     0.19169         6     0.29166         2     0.56957         5     1.89445         1     3.03351
Frame      83422    pt_id     1         3     0.03021         4     0.16726         6     0.30549         2     0.53020         5     1.93508         1     3.05651
Frame      83423    pt_id     1         3     0.03521         4     0.14807         6     0.32342         2     0.49600         5     2.00934         1     3.11515
Frame      83424    pt_id     1         3     0.03380         4     0.15134         6     0.34932         2     0.47769         5     2.02217         1     3.11567
Frame      83425    pt_id     1         3     0.03621         4     0.14640         6     0.35442         2     0.46614         5     2.03288         1     3.11206
Frame      83426    pt_id     1         3     0.04075         4     0.12628         6     0.39814         2     0.41506         5     2.10411         1     3.16965
Frame      83427    pt_id     1         3     0.04837         4     0.11628         2     0.39043         6     0.42040         5     2.12709         1     3.18440
Frame      83428    pt_id     1         3     0.05962         4     0.10221         2     0.34926         6     0.46035         5     2.20468         1     3.23353
Frame      83429    pt_id     1         3     0.05998         4     0.10331         2     0.37823         6     0.42024         5     2.14681         1     3.18190
Frame      83430    pt_id     1         3     0.06605         4     0.10115         2     0.38262         6     0.41053         5     2.14227         1     3.16573
Frame      83431    pt_id     1         4     0.08055         3     0.08658         2     0.34345         6     0.44279         5     2.25103         1     3.24070
Frame      83432    pt_id     1         4     0.07419         3     0.09116         2     0.30440         6     0.48939         5     2.32803         1     3.30133
Frame      83433    pt_id     1         4     0.07756         3     0.09000         2     0.31795         6     0.47252         5     2.29369         1     3.26443
Frame      83434    pt_id     1         4     0.07456         3     0.09045         2     0.34128         6     0.43658         5     2.27794         1     3.25255
Frame      83435    pt_id     1         3     0.08097         4     0.08336         2     0.38152         6     0.39002         5     2.21384         1     3.20583
Frame      83436    pt_id     1         3     0.07442         4     0.09413         6     0.35328         2     0.41483         5     2.15297         1     3.15030
Frame      83437    pt_id     1         3     0.07204         4     0.09613         6     0.33345         2     0.43227         5     2.14463         1     3.15111
Frame      83438    pt_id     1         3     0.07007         4     0.11813         6     0.28030         2     0.49970         5     2.04899         1     3.09346
Frame      83439    pt_id     1         3     0.06833         4     0.12278         6     0.26803         2     0.51149         5     2.03530         1     3.08024
Frame      83440    pt_id     1         3     0.06622         4     0.14129         6     0.23462         2     0.55989         5     1.97724         1     3.05087
Frame      83441    pt_id     1         3     0.06412         4     0.17430         6     0.19473         2     0.62947         5     1.89039         1     2.99725
Frame      83442    pt_id     1         3     0.07917         6     0.16599         4     0.19880         2     0.68445         5     1.82533         1     2.94078
Frame      83443    pt_id     1         3     0.09397         6     0.15203         4     0.20547         2     0.70917         5     1.82392         1     2.93882
Frame      83444    pt_id     1         3     0.07537         4     0.17682         6     0.19767         2     0.62927         5     1.86104         1     2.95330
Frame      83445    pt_id     1         3     0.06672         4     0.17706         6     0.21245         2     0.61510         5     1.84566         1     2.94175
Frame      83446    pt_id     1         3     0.06014         4     0.16458         6     0.23993         2     0.57844         5     1.87166         1     2.96529
Frame      83447    pt_id     1         3     0.06455         4     0.16950         6     0.22801         2     0.59601         5     1.85944         1     2.95514
Frame      83448    pt_id     1         3     0.06346         4     0.18383         6     0.21359         2     0.61935         5     1.82214         1     2.91679
Frame      83449    pt_id     1         3     0.05147         4     0.18927         6     0.22746         2     0.60938         5     1.81046         1     2.90704
Frame      83450    pt_id     1         3     0.04439         4     0.18095         6     0.25670         2     0.57376         5     1.83606         1     2.92205
Frame      83451    pt_id     1         3     0.04727         4     0.18951         6     0.23807         2     0.60074         5     1.80857         1     2.90889
Frame      83452    pt_id     1         3     0.03813         4     0.20169         6     0.24454         2     0.61126         5     1.79455         1     2.91845
Frame      83453    pt_id     1         3     0.02757         4     0.20194         6     0.28430         2     0.58132         5     1.81948         1     2.95080
Frame      83454    pt_id     1         3     0.02404         4     0.22098         6     0.27190         2     0.61676         5     1.78662         1     2.94526
Frame      83455    pt_id     1         3     0.03462         4     0.21550         6     0.22087         2     0.65286         5     1.77648         1     2.94043
Frame      83456    pt_id     1         3     0.03588         4     0.21414         6     0.21540         2     0.65649         5     1.78983         1     2.95512
Frame      83457    pt_id     1         3     0.04172         6     0.19520         4     0.24507         2     0.71007         5     1.73092         1     2.91383
Frame      83458    pt_id     1         3     0.04201         6     0.18292         4     0.25825         2     0.73874         5     1.70090         1     2.90100
Frame      83459    pt_id     1         3     0.04848         6     0.16575         4     0.25166         2     0.75009         5     1.69340         1     2.90052
Frame      83460    pt_id     1         3     0.07011         6     0.12591         4     0.28097         2     0.82749         5     1.65225         1     2.87885
Frame      83461    pt_id     1         3     0.08277         6     0.10712         4     0.31399         2     0.88561         5     1.59934         1     2.83624
Frame      83462    pt_id     1         6     0.08423         3     0.10384         4     0.34908         2     0.95643         5     1.56028         1     2.81459
Frame      83463    pt_id     1         6     0.04543         3     0.16111         4     0.42559         2     1.10619         5     1.50212         1     2.78425
Frame      83464    pt_id     1         6     0.03528         3     0.18974         4     0.44316         2     1.14980         5     1.51529         1     2.79887
Frame      83465    pt_id     1         6     0.04420         3     0.16753         4     0.42395         2     1.10905         5     1.51310         1     2.79354
Frame      83466    pt_id     1         6     0.03508         3     0.18995         4     0.47308         2     1.18565         5     1.45870         1     2.75478
Frame      83467    pt_id     1         6     0.02999         3     0.20514         4     0.45311         2     1.17229         5     1.51967         1     2.80326
Frame      83468    pt_id     1         6     0.03253         3     0.20674         4     0.41735         2     1.12696         5     1.59116         1     2.85801
Frame      83469    pt_id     1         6     0.03926         3     0.17457         4     0.38814         2     1.06815         5     1.61042         1     2.87005
Frame      83470    pt_id     1         6     0.05502         3     0.14235         4     0.36262         2     1.01086         5     1.61177         1     2.86832
Frame      83471    pt_id     1         6     0.07406         3     0.11832         4     0.32836         2     0.94482         5     1.63107         1     2.87952
Frame      83472    pt_id     1         3     0.09596         6     0.09810         4     0.28359         2     0.86331         5     1.69443         1     2.92443
Frame      83473    pt_id     1         3     0.08634         6     0.11430         4     0.25669         2     0.81502         5     1.73798         1     2.95761
Frame      83474    pt_id     1         6     0.08711         3     0.10949         4     0.29839         2     0.89505         5     1.67104         1     2.90668
Frame      83475    pt_id     1         6     0.06577         3     0.13552         4     0.34237         2     0.97430         5     1.61047         1     2.85982
Frame      83476    pt_id     1         6     0.05788         3     0.15238         4     0.35118         2     0.99827         5     1.61391         1     2.86274
Frame      83477    pt_id     1         6     0.07453         3     0.11926         4     0.35015         2     0.96781         5     1.56897         1     2.81792
Frame      83478    pt_id     1         6     0.06310         3     0.13417         4     0.38406         2     1.02566         5     1.52183         1     2.78372
Frame      83479    pt_id     1         6     0.06785         3     0.13375         4     0.38199         2     1.02211         5     1.51489         1     2.77717
Frame      83480    pt_id     1         6     0.05334         3     0.15570         4     0.40427         2     1.06889         5     1.50838         1     2.77437
Frame      83481    pt_id     1         6     0.03689         3     0.18953         4     0.45177         2     1.15644         5     1.48559         1     2.76549
Frame      83482    pt_id     1         6     0.01996         3     0.25901         4     0.54420         2     1.31388         5     1.43024         1     2.73407
Frame      83483    pt_id     1         6     0.01983         3     0.25069         4     0.56813         2     1.33670         5     1.38642         1     2.70088
Frame      83484    pt_id     1         6     0.02785         3     0.20628         4     0.50608         2     1.23544         5     1.43405         1     2.73519
Frame      83485    pt_id     1         6     0.02866         3     0.19939         4     0.49561         2     1.22011         5     1.45211         1     2.75100
Frame      83486    pt_id     1         6     0.02070         3     0.22869         4     0.52860         2     1.28209         5     1.43924         1     2.75209
Frame      83487    pt_id     1         6     0.02457         3     0.21806         4     0.51915         2     1.26271         5     1.42882         1     2.74434
Frame      83488    pt_id     1         6     0.02443         3     0.22240         4     0.51839         2     1.26229         5     1.42412         1     2.73790
Frame      83489    pt_id     1         6     0.01042         3     0.31499         4     0.61102         5     1.41700         2     1.42809         1     2.74762
Frame      83490    pt_id     1         6     0.01319         3     0.35322         4     0.67885         5     1.35963         2     1.52765         1     2.71247
Frame      83491    pt_id     1         6     0.01250         3     0.33006         4     0.62307         5     1.40296         2     1.44771         1     2.73738
Frame      83492    pt_id     1         6     0.01792         3     0.27018         4     0.53990         2     1.31460         5     1.44009         1     2.75635
Frame      83493    pt_id     1         6     0.02139         3     0.27792         4     0.53634         2     1.31355         5     1.44902         1     2.76375
Frame      83494    pt_id     1         6     0.01776         3     0.30562         4     0.56967         2     1.37030         5     1.44295         1     2.76516
Frame      83495    pt_id     1         6     0.02098         3     0.30264         4     0.56392         2     1.36335         5     1.45360         1     2.77771
Frame      83496    pt_id     1         6     0.02308         3     0.25356         4     0.50319         2     1.26461         5     1.49237         1     2.80063
Frame      83497    pt_id     1         6     0.01675         3     0.27307         4     0.51918         2     1.29988         5     1.51560         1     2.82949
Frame      83498    pt_id     1         6     0.02125         3     0.22450         4     0.48043         2     1.22709         5     1.52049         1     2.82966
Frame      83499    pt_id     1         6     0.02618         3     0.21039         4     0.47667         2     1.21425         5     1.51157         1     2.82262
Frame      83500    pt_id     1         6     0.02928         3     0.20237         4     0.45867         2     1.18703         5     1.53438         1     2.83857
Frame      83501    pt_id     1         6     0.02065         3     0.22358         4     0.51010         2     1.26714         5     1.49645         1     2.82030
Frame      83502    pt_id     1         6     0.01520         3     0.23779         4     0.53047         2     1.30284         5     1.50330         1     2.83258
Frame      83503    pt_id     1         6     0.01566         3     0.22958         4     0.51737         2     1.28272         5     1.52826         1     2.85287
Frame      83504    pt_id     1         6     0.01523         3     0.22868         4     0.51090         2     1.27401         5     1.53672         1     2.85844
Frame      83505    pt_id     1         6     0.02032         3     0.20813         4     0.47896         2     1.21823         5     1.56401         1     2.87304
Frame      83506    pt_id     1         6     0.01140         3     0.24901         4     0.54131         2     1.32105         5     1.50814         1     2.83818
Frame      83507    pt_id     1         6     0.01944         3     0.21154         4     0.48609         2     1.22924         5     1.54225         1     2.85418
Frame      83508    pt_id     1         6     0.02845         3     0.18591         4     0.43718         2     1.14911         5     1.57288         1     2.86640
Frame      83509    pt_id     1         6     0.02354         3     0.20496         4     0.45192         2     1.17744         5     1.57228         1     2.86896
Frame      83510    pt_id     1         6     0.02635         3     0.20794         4     0.42297         2     1.14034         5     1.63940         1     2.92206
Frame      83511    pt_id     1         6     0.02779         3     0.20694         4     0.42554         2     1.14145         5     1.62057         1     2.90547
Frame      83512    pt_id     1         6     0.02399         3     0.22006         4     0.44647         2     1.17527         5     1.59262         1     2.88218
Frame      83513    pt_id     1         6     0.01856         3     0.25059         4     0.47468         2     1.23016         5     1.56889         1     2.86854
Frame      83514    pt_id     1         6     0.01358         3     0.27843         4     0.53189         2     1.31677         5     1.50546         1     2.82228
Frame      83515    pt_id     1         6     0.01224         3     0.27282         4     0.53499         2     1.32015         5     1.50163         1     2.82380
Frame      83516    pt_id     1         6     0.01103         3     0.28290         4     0.53908         2     1.32924         5     1.51776         1     2.83678
Frame      83517    pt_id     1         6     0.00728         3     0.34990         4     0.63072         5     1.47337         2     1.47694         1     2.81824
Frame      83518    pt_id     1         6     0.00932         3     0.41108         4     0.70490         5     1.46687         2     1.59792         1     2.83291
Frame      83519    pt_id     1         6     0.00452         3     0.34124         4     0.62364         2     1.46940         5     1.49600         1     2.84391
Frame      83520    pt_id     1         6     0.00569         3     0.35019         4     0.65113         5     1.46315         2     1.50852         1     2.82160
Frame      83521    pt_id     1         6     0.00547         3     0.30465         4     0.58210         2     1.40228         5     1.50584         1     2.84526
Frame      83522    pt_id     1         6     0.00435         3     0.32815         4     0.60651         2     1.44567         5     1.51009         1     2.85624
Frame      83523    pt_id     1         6     0.00758         3     0.26537         4     0.51730         2     1.30357         5     1.57545         1     2.89623
Frame      83524    pt_id     1         6     0.01351         3     0.23640         4     0.46878         2     1.22550         5     1.62436         1     2.93046
Frame      83525    pt_id     1         6     0.00755         3     0.27116         4     0.50641         2     1.29209         5     1.60468         1     2.91635
Frame      83526    pt_id     1         6     0.00863         3     0.26160         4     0.50781         2     1.28932         5     1.58581         1     2.89950
Frame      83527    pt_id     1         6     0.01158         3     0.24724         4     0.49200         2     1.26047         5     1.58353         1     2.89231
Frame      83528    pt_id     1         6     0.00709         3     0.27406         4     0.52551         2     1.31778         5     1.57750         1     2.89159
Frame      83529    pt_id     1         6     0.00588         3     0.32462         4     0.59297         2     1.42646         5     1.53725         1     2.86799
Frame      83530    pt_id     1         6     0.00364         3     0.33374         4     0.60620         2     1.44732         5     1.53530         1     2.86873
Frame      83531    pt_id     1         6     0.00251         3     0.34403         4     0.62944         2     1.48056         5     1.52225         1     2.86133
Frame      83532    pt_id     1         6     0.00285         3     0.32956         4     0.62800         2     1.46953         5     1.50584         1     2.84142
Frame      83533    pt_id     1         6     0.00822         3     0.41328         4     0.74287         5     1.45505         2     1.64535         1     2.81543
Frame      83534    pt_id     1         6     0.00916         3     0.41183         4     0.73986         5     1.44741         2     1.64061         1     2.80621
Frame      83535    pt_id     1         6     0.00676         3     0.38547         4     0.70601         5     1.44747         2     1.58643         1     2.79732
Frame      83536    pt_id     1         6     0.00466         3     0.36397         4     0.67320         5     1.46239         2     1.53681         1     2.80500
Frame      83537    pt_id     1         6     0.00356         3     0.37532         4     0.66180         5     1.50325         2     1.52952         1     2.83993
Frame      83538    pt_id     1         6     0.00355         3     0.37788         4     0.66690         5     1.50094         2     1.53729         1     2.84069
Frame      83539    pt_id     1         6     0.00306         3     0.32053         4     0.60533         2     1.43420         5     1.51078         1     2.83927
Frame      83540    pt_id     1         6     0.00480         3     0.31125         4     0.60815         2     1.43235         5     1.47984         1     2.81109
Frame      83541    pt_id     1         6     0.00481         3     0.35350         4     0.66577         5     1.45622         2     1.52336         1     2.80171
Frame      83542    pt_id     1         6     0.00475         3     0.38053         4     0.68059         5     1.47610         2     1.55541         1     2.82684
Frame      83543    pt_id     1         6     0.00408         3     0.38226         4     0.68660         5     1.48393         2     1.56502         1     2.83684
Frame      83544    pt_id     1         6     0.00940         3     0.43498         4     0.76280         5     1.46508         2     1.67986         1     2.83719
Frame      83545    pt_id     1         6     0.00977         3     0.44898         4     0.77175         5     1.50015         2     1.69979         1     2.87604
Frame      83546    pt_id     1         6     0.01483         3     0.48536         4     0.81257         5     1.51099         2     1.76391         1     2.89431
Frame      83547    pt_id     1         6     0.01634         3     0.49694         4     0.82423         5     1.52209         2     1.78363         1     2.90622
Frame      83548    pt_id     1         6     0.01690         3     0.49257         4     0.82971         5     1.49741         2     1.78798         1     2.88726
Frame      83549    pt_id     1         6     0.03299         3     0.57004         4     0.92153         5     1.49548         2     1.92722         1     2.90337
Frame      83550    pt_id     1         6     0.02753         3     0.55539         4     0.88930         5     1.53067         2     1.88497         1     2.92986
Frame      83551    pt_id     1         6     0.02501         3     0.54606         4     0.86959         5     1.54303         2     1.85918         1     2.93772
Frame      83552    pt_id     1         6     0.02438         3     0.53703         4     0.86465         5     1.52901         2     1.84981         1     2.92452
Frame      83553    pt_id     1         6     0.01091         3     0.46010         4     0.77706         5     1.52035         2     1.71536         1     2.90528
Frame      83554    pt_id     1         6     0.01022         3     0.45057         4     0.76128         5     1.52207         2     1.69367         1     2.90631
Frame      83555    pt_id     1         6     0.00682         3     0.40817         4     0.71550         5     1.50682         2     1.61931         1     2.88398
Frame      83556    pt_id     1         6     0.00799         3     0.39839         4     0.69882         5     1.49406         2     1.59317         1     2.86947
Frame      83557    pt_id     1         6     0.01009         3     0.40476         4     0.72292         5     1.45454         2     1.62365         1     2.84053
Frame      83558    pt_id     1         6     0.00966         3     0.40698         4     0.72432         5     1.45799         2     1.62639         1     2.84338
Frame      83559    pt_id     1         6     0.01110         3     0.40304         4     0.72753         5     1.43963         2     1.62690         1     2.82527
Frame      83560    pt_id     1         6     0.01299         3     0.42489         4     0.76059         5     1.42507         2     1.67515         1     2.81721
Frame      83561    pt_id     1         6     0.01162         3     0.42426         4     0.74628         5     1.44555         2     1.65836         1     2.83287
Frame      83562    pt_id     1         6     0.01217         3     0.43674         4     0.77054         5     1.43386         2     1.69252         1     2.82766
Frame      83563    pt_id     1         6     0.02252         3     0.50681         4     0.84058         5     1.44938         2     1.80504         1     2.85231
Frame      83564    pt_id     1         6     0.02233         3     0.51890         4     0.84669         5     1.46729         2     1.81621         1     2.86596
Frame      83565    pt_id     1         6     0.04032         3     0.59993         4     0.95145         5     1.46387         2     1.96996         1     2.88275
Frame      83566    pt_id     1         6     0.04191         3     0.60660         4     0.96385         5     1.47731         2     1.98839         1     2.89890
Frame      83567    pt_id     1         6     0.03761         3     0.58846         4     0.94755         5     1.48865         2     1.96272         1     2.90631
Frame      83568    pt_id     1         6     0.03970         3     0.59994         4     0.95586         5     1.51041         2     1.97648         1     2.92678
Frame      83569    pt_id     1         6     0.03716         3     0.59694         4     0.93903         5     1.54063         2     1.95697         1     2.95272
Frame      83570    pt_id     1         6     0.03143         3     0.58275         4     0.90034         5     1.56627         2     1.90915         1     2.97266
Frame      83571    pt_id     1         6     0.03601         3     0.59287         4     0.93319         5     1.53306         2     1.94988         1     2.94954
Frame      83572    pt_id     1         6     0.03154         3     0.57930         4     0.90543         5     1.54826         2     1.91330         1     2.95680
Frame      83573    pt_id     1         6     0.03514         3     0.59176         4     0.92750         5     1.53727         2     1.94189         1     2.94900
Frame      83574    pt_id     1         6     0.03453         3     0.58325         4     0.92756         5     1.52693         2     1.94036         1     2.94420
Frame      83575    pt_id     1         6     0.03390         3     0.57544         4     0.92604         5     1.50728         2     1.93608         1     2.92843
Frame      83576    pt_id     1         6     0.03769         3     0.58949         4     0.94702         5     1.50467         2     1.96439         1     2.92951
Frame      83577    pt_id     1         6     0.04791         3     0.62825         4     0.99390         5     1.50551         2     2.03202         1     2.93708
Frame      83578    pt_id     1         6     0.04753         3     0.62426         4     0.99329         5     1.49809         2     2.03001         1     2.93121
Frame      83579    pt_id     1         6     0.05354         3     0.64297         4     1.01924         5     1.49579         2     2.06529         1     2.93335
Frame      83580    pt_id     1         6     0.06718         3     0.65884         4     1.07755         5     1.45055         2     2.13402         1     2.90222
Frame      83581    pt_id     1         6     0.06154         3     0.65489         4     1.05324         5     1.48584         2     2.10737         1     2.93101
Frame      83582    pt_id     1         6     0.06786         3     0.66556         4     1.07772         5     1.47221         2     2.13852         1     2.92773
Frame      83583    pt_id     1         6     0.06780         3     0.66465         4     1.07830         5     1.46271         2     2.13805         1     2.91812
Frame      83584    pt_id     1         6     0.07215         3     0.67854         4     1.09216         5     1.45981         2     2.15634         1     2.91596
Frame      83585    pt_id     1         6     0.07772         3     0.69665         4     1.10624         5     1.48502         2     2.17711         1     2.93945
Frame      83586    pt_id     1         6     0.07028         3     0.67429         4     1.08602         5     1.45797         2     2.14846         1     2.91396
Frame      83587    pt_id     1         6     0.06643         3     0.65812         4     1.07575         5     1.42584         2     2.13111         1     2.88321
Frame      83588    pt_id     1         6     0.06978         3     0.67395         4     1.08348         5     1.44268         2     2.14425         1     2.90057
Frame      83589    pt_id     1         6     0.06917         3     0.67852         4     1.07738         5     1.46033         2     2.13847         1     2.91393
Frame      83590    pt_id     1         6     0.07160         3     0.69435         4     1.07454         5     1.49662         2     2.13919         1     2.94544
Frame      83591    pt_id     1         6     0.06283         3     0.65669         4     1.04070         5     1.48074         2     2.08663         1     2.92832
Frame      83592    pt_id     1         6     0.06173         3     0.65622         4     1.03616         5     1.49482         2     2.08173         1     2.93824
Frame      83593    pt_id     1         6     0.04925         3     0.62138         4     0.98294         5     1.52092         2     2.01165         1     2.95841
Frame      83594    pt_id     1         6     0.05102         3     0.62906         4     0.98502         5     1.54095         2     2.01674         1     2.97723
Frame      83595    pt_id     1         6     0.05115         3     0.63071         4     0.98348         5     1.54732         2     2.01559         1     2.98321
Frame      83596    pt_id     1         6     0.05561         3     0.64436         4     0.99371         5     1.57218         2     2.03157         1     3.00829
Frame      83597    pt_id     1         6     0.05405         3     0.64810         4     0.97257         5     1.62195         2     2.01037         1     3.05396
Frame      83598    pt_id     1         6     0.05530         3     0.64890         4     0.98170         5     1.61339         2     2.02158         1     3.04865
Frame      83599    pt_id     1         6     0.04609         3     0.62238         4     0.95771         5     1.59232         2     1.98939         1     3.03146
Frame      83600    pt_id     1         6     0.03899         3     0.60280         4     0.93053         5     1.59454         2     1.95490         1     3.03396
Frame      83601    pt_id     1         6     0.04779         3     0.64119         4     0.96595         5     1.60875         2     2.01048         1     3.05362
Frame      83602    pt_id     1         6     0.05218         3     0.65625         4     0.97373         5     1.62856         2     2.02311         1     3.07337
Frame      83603    pt_id     1         6     0.05807         3     0.67455         4     1.00787         5     1.60426         2     2.07070         1     3.06042
Frame      83604    pt_id     1         6     0.05814         3     0.66932         4     1.01823         5     1.57982         2     2.08183         1     3.04261
Frame      83605    pt_id     1         6     0.05823         3     0.67168         4     1.01435         5     1.58824         2     2.07848         1     3.05206
Frame      83606    pt_id     1         6     0.06206         3     0.68262         4     1.02515         5     1.59965         2     2.09404         1     3.06565
Frame      83607    pt_id     1         6     0.07007         3     0.69641         4     1.06106         5     1.57725         2     2.13727         1     3.04919
Frame      83608    pt_id     1         6     0.06933         3     0.69416         4     1.05912         5     1.57562         2     2.13504         1     3.04949
Frame      83609    pt_id     1         6     0.07693         3     0.71488         4     1.07706         5     1.59865         2     2.16019         1     3.07189
Frame      83610    pt_id     1         6     0.08462         3     0.73493         4     1.09292         5     1.62142         2     2.18260         1     3.09480
Frame      83611    pt_id     1         6     0.09011         3     0.74202         4     1.11566         5     1.60223         2     2.21003         1     3.08324
Frame      83612    pt_id     1         6     0.08718         3     0.73590         4     1.10727         5     1.60260         2     2.20000         1     3.08469
Frame      83613    pt_id     1         6     0.09887         3     0.76799         4     1.12267         5     1.65086         2     2.22306         1     3.12698
Frame      83614    pt_id     1         6     0.09661         3     0.76812         4     1.10394         5     1.67922         2     2.20171         1     3.14832
Frame      83615    pt_id     1         6     0.08590         3     0.74328         4     1.08274         5     1.66178         2     2.17415         1     3.13217
Frame      83616    pt_id     1         6     0.07640         3     0.72300         4     1.05387         5     1.65860         2     2.13756         1     3.12612
Frame      83617    pt_id     1         6     0.07722         3     0.72774         4     1.04432         5     1.68601         2     2.12882         1     3.15318
Frame      83618    pt_id     1         6     0.07713         3     0.72876         4     1.03833         5     1.69941         2     2.12247         1     3.16539
Frame      83619    pt_id     1         6     0.07746         3     0.73060         4     1.03222         5     1.71023         2     2.11596         1     3.17648
Frame      83620    pt_id     1         6     0.08111         3     0.73918         4     1.03701         5     1.72103         2     2.12283         1     3.18602
Frame      83621    pt_id     1         6     0.08189         3     0.74182         4     1.03365         5     1.73260         2     2.11895         1     3.19399
Frame      83622    pt_id     1         6     0.07801         3     0.73361         4     1.01363         5     1.74512         2     2.09436         1     3.20267
Frame      83623    pt_id     1         6     0.07315         3     0.72031         4     1.01735         5     1.71408         2     2.09720         1     3.17628
Frame      83624    pt_id     1         6     0.07183         3     0.71477         4     1.02294         5     1.69423         2     2.10367         1     3.16306
Frame      83625    pt_id     1         6     0.07984         3     0.73205         4     1.05171         5     1.68543         2     2.13889         1     3.15534
Frame      83626    pt_id     1         6     0.08909         3     0.75321         4     1.07335         5     1.70434         2     2.16784         1     3.17536
Frame      83627    pt_id     1         6     0.08897         3     0.75479         4     1.06443         5     1.71917         2     2.15757         1     3.18721
Frame      83628    pt_id     1         6     0.08308         3     0.74201         4     1.05132         5     1.71606         2     2.14071         1     3.18252
Frame      83629    pt_id     1         6     0.08782         3     0.75117         4     1.06904         5     1.71389         2     2.16316         1     3.18332
Frame      83630    pt_id     1         6     0.07989         3     0.73486         4     1.04482         5     1.72220         2     2.13325         1     3.18849
Frame      83631    pt_id     1         6     0.08192         3     0.73836         4     1.05450         5     1.71643         2     2.14530         1     3.18499
Frame      83632    pt_id     1         6     0.08977         3     0.75535         4     1.07720         5     1.72054         2     2.17396         1     3.19042
Frame      83633    pt_id     1         6     0.09124         3     0.76083         4     1.07082         5     1.74375         2     2.16777         1     3.21072
Frame      83634    pt_id     1         6     0.09343         3     0.76760         4     1.06710         5     1.77004         2     2.16491         1     3.23381
Frame      83635    pt_id     1         6     0.09504         3     0.77207         4     1.06549         5     1.78516         2     2.16429         1     3.24915
Frame      83636    pt_id     1         6     0.09725         3     0.77711         4     1.06683         5     1.78896         2     2.16599         1     3.25142
Frame      83637    pt_id     1         6     0.08776         3     0.75484         4     1.05549         5     1.76147         2     2.14997         1     3.22578
Frame      83638    pt_id     1         6     0.08841         3     0.75767         4     1.04842         5     1.77607         2     2.14183         1     3.23683
Frame      83639    pt_id     1         6     0.08254         3     0.74609         4     1.01796         5     1.79773         2     2.10435         1     3.25086
Frame      83640    pt_id     1         6     0.08911         3     0.75982         4     1.03917         5     1.79035         2     2.13099         1     3.24748
Frame      83641    pt_id     1         6     0.08857         3     0.75840         4     1.04234         5     1.78388         2     2.13469         1     3.24310
Frame      83642    pt_id     1         6     0.07697         3     0.73181         4     1.01409         5     1.76945         2     2.09791         1     3.22790
Frame      83643    pt_id     1         6     0.07804         3     0.73346         4     1.01979         5     1.75763         2     2.10436         1     3.21805
Frame      83644    pt_id     1         6     0.07804         3     0.73346         4     1.01979         5     1.75763         2     2.10436         1     3.21805
Frame      83645    pt_id     1         6     0.07804         3     0.73346         4     1.01979         5     1.75763         2     2.10436         1     3.21805
Frame      83646    pt_id     1         6     0.07804         3     0.73346         4     1.01979         5     1.75763         2     2.10436         1     3.21805
