Frame      73264    pt_id     1         2     0.04152         4     0.26809         3     0.60047         6     1.36113         5     3.67367         1     3.83649
Frame      73265    pt_id     1         2     0.04098         4     0.29473         3     0.60179         6     1.38866         5     3.63793         1     3.75700
Frame      73266    pt_id     1         2     0.04268         4     0.29674         3     0.58903         6     1.38621         5     3.58263         1     3.73347
Frame      73267    pt_id     1         2     0.04182         4     0.28863         3     0.58183         6     1.36105         5     3.55268         1     3.69111
Frame      73268    pt_id     1         2     0.04166         4     0.28985         3     0.58651         6     1.35881         5     3.56163         1     3.67435
Frame      73269    pt_id     1         2     0.04258         4     0.29154         3     0.58044         6     1.35508         5     3.53608         1     3.64942
Frame      73270    pt_id     1         2     0.04446         4     0.29491         3     0.59069         6     1.36320         5     3.56380         1     3.66220
Frame      73271    pt_id     1         2     0.04372         4     0.29481         3     0.59017         6     1.36250         5     3.55505         1     3.65535
Frame      73272    pt_id     1         2     0.04373         4     0.29850         3     0.59126         6     1.36862         5     3.55328         1     3.65241
Frame      73273    pt_id     1         2     0.04281         4     0.29828         3     0.58812         6     1.37118         5     3.54874         1     3.65986
Frame      73274    pt_id     1         2     0.04140         4     0.29500         3     0.57927         6     1.36729         5     3.53331         1     3.66454
Frame      73275    pt_id     1         2     0.03974         4     0.28440         3     0.56802         6     1.35245         5     3.51633         1     3.67477
Frame      73276    pt_id     1         2     0.03809         4     0.28300         3     0.57080         6     1.35621         5     3.53384         1     3.69231
Frame      73277    pt_id     1         2     0.03729         4     0.28293         3     0.57511         6     1.36885         5     3.56844         1     3.73891
Frame      73278    pt_id     1         2     0.03696         4     0.28134         3     0.57870         6     1.38010         5     3.60187         1     3.79281
Frame      73279    pt_id     1         2     0.03588         4     0.27785         3     0.58455         6     1.38948         5     3.64458         1     3.85254
Frame      73280    pt_id     1         2     0.03486         4     0.27433         3     0.58189         6     1.39281         5     3.65663         1     3.89029
Frame      73281    pt_id     1         2     0.03569         4     0.27419         3     0.58730         6     1.40221         5     3.69116         1     3.93153
Frame      73282    pt_id     1         2     0.03622         4     0.26803         3     0.58980         6     1.39997         5     3.71976         1     3.97079
Frame      73283    pt_id     1         2     0.03661         4     0.26620         3     0.59683         6     1.40188         5     3.74899         1     3.99341
Frame      73284    pt_id     1         2     0.03788         4     0.27246         3     0.60763         6     1.41361         5     3.77369         1     3.99662
Frame      73285    pt_id     1         2     0.03975         4     0.28269         3     0.62464         6     1.43733         5     3.81448         1     4.02068
Frame      73286    pt_id     1         2     0.04048         4     0.28069         3     0.62821         6     1.43732         5     3.83231         1     4.03806
Frame      73287    pt_id     1         2     0.04011         4     0.28178         3     0.63074         6     1.44159         5     3.83571         1     4.04433
Frame      73288    pt_id     1         2     0.03919         4     0.27935         3     0.62767         6     1.43553         5     3.82509         1     4.03341
Frame      73289    pt_id     1         2     0.03897         4     0.27986         3     0.62653         6     1.42986         5     3.80997         1     4.00477
Frame      73290    pt_id     1         2     0.03936         4     0.27979         3     0.62477         6     1.42750         5     3.80271         1     3.99591
Frame      73291    pt_id     1         2     0.03979         4     0.27915         3     0.62438         6     1.42673         5     3.80353         1     3.99960
Frame      73292    pt_id     1         2     0.03922         4     0.28226         3     0.62552         6     1.43405         5     3.80773         1     4.00465
Frame      73293    pt_id     1         2     0.03965         4     0.28230         3     0.62554         6     1.43597         5     3.81474         1     4.01436
Frame      73294    pt_id     1         2     0.03919         4     0.28250         3     0.62965         6     1.44068         5     3.83108         1     4.03093
Frame      73295    pt_id     1         2     0.03978         4     0.27681         3     0.62430         6     1.42998         5     3.82641         1     4.03569
Frame      73296    pt_id     1         2     0.03938         4     0.28006         3     0.62624         6     1.43409         5     3.82844         1     4.02836
Frame      73297    pt_id     1         2     0.04098         4     0.27871         3     0.62563         6     1.43243         5     3.83167         1     4.03546
Frame      73298    pt_id     1         2     0.04254         4     0.28239         3     0.62761         6     1.44038         5     3.83380         1     4.04610
Frame      73299    pt_id     1         2     0.04392         4     0.28259         3     0.63018         6     1.44778         5     3.85505         1     4.08163
Frame      73300    pt_id     1         2     0.04428         4     0.28261         3     0.63019         6     1.44459         5     3.84900         1     4.06817
Frame      73301    pt_id     1         2     0.04428         4     0.28194         3     0.62981         6     1.44256         5     3.84817         1     4.06523
Frame      73302    pt_id     1         2     0.04510         4     0.27836         3     0.62471         6     1.43118         5     3.82418         1     4.04523
Frame      73303    pt_id     1         2     0.04448         4     0.28092         3     0.62211         6     1.43459         5     3.80834         1     4.03706
Frame      73304    pt_id     1         2     0.04252         4     0.27720         3     0.61265         6     1.42022         5     3.76413         1     3.99805
Frame      73305    pt_id     1         2     0.04090         4     0.28280         3     0.61395         6     1.42397         5     3.74942         1     3.96414
Frame      73306    pt_id     1         2     0.04034         4     0.28182         3     0.60598         6     1.41436         5     3.70691         1     3.92923
Frame      73307    pt_id     1         2     0.04050         4     0.28274         3     0.59269         6     1.39303         5     3.62771         1     3.83715
Frame      73308    pt_id     1         2     0.04093         4     0.28662         3     0.58637         6     1.37749         5     3.56662         1     3.75067
Frame      73309    pt_id     1         2     0.04316         4     0.29568         3     0.58651         6     1.37165         5     3.51471         1     3.66921
Frame      73310    pt_id     1         2     0.04751         4     0.30270         3     0.57928         6     1.35911         5     3.44055         1     3.58788
Frame      73311    pt_id     1         2     0.05283         4     0.31512         3     0.57852         6     1.35697         5     3.38348         1     3.51292
Frame      73312    pt_id     1         2     0.05695         4     0.32597         3     0.57869         6     1.35458         5     3.34333         1     3.44585
Frame      73313    pt_id     1         2     0.06415         4     0.33652         3     0.58464         6     1.34610         5     3.30761         1     3.36655
Frame      73314    pt_id     1         2     0.06967         4     0.34695         3     0.58764         6     1.34606         5     3.28238         1     3.31653
Frame      73315    pt_id     1         2     0.07914         4     0.35313         3     0.58002         6     1.32939         5     3.21262         1     3.24754
Frame      73316    pt_id     1         2     0.08881         4     0.36747         3     0.58259         6     1.33072         5     3.16824         1     3.19231
Frame      73317    pt_id     1         2     0.09589         4     0.38300         3     0.59556         6     1.34524         5     3.15866         1     3.16962
Frame      73318    pt_id     1         2     0.10050         4     0.39311         3     0.60228         6     1.35196         1     3.14508         5     3.14769
Frame      73319    pt_id     1         2     0.11060         4     0.40555         3     0.60599         6     1.35343         1     3.10183         5     3.11039
Frame      73320    pt_id     1         2     0.11362         4     0.41257         3     0.61034         6     1.36069         1     3.09092         5     3.10390
Frame      73321    pt_id     1         2     0.11815         4     0.41306         3     0.60254         6     1.34972         1     3.06660         5     3.07063
Frame      73322    pt_id     1         2     0.12410         4     0.41932         3     0.60112         6     1.34928         5     3.04666         1     3.04922
Frame      73323    pt_id     1         2     0.12528         4     0.42385         3     0.60280         6     1.35589         5     3.04254         1     3.04755
Frame      73324    pt_id     1         2     0.13178         4     0.43228         3     0.60502         6     1.35817         1     3.02149         5     3.02316
Frame      73325    pt_id     1         2     0.13304         4     0.43920         3     0.61623         6     1.36658         1     3.01090         5     3.04147
Frame      73326    pt_id     1         2     0.13161         4     0.44188         3     0.62308         6     1.37178         1     3.00476         5     3.05954
Frame      73327    pt_id     1         2     0.12738         4     0.44304         3     0.63059         6     1.37632         1     2.99982         5     3.09414
Frame      73328    pt_id     1         2     0.12532         4     0.44240         3     0.63265         6     1.37707         1     2.99722         5     3.10797
Frame      73329    pt_id     1         2     0.12355         4     0.44526         3     0.63761         6     1.38438         1     3.00025         5     3.12882
Frame      73330    pt_id     1         2     0.12625         4     0.45140         3     0.64313         6     1.39108         1     2.99686         5     3.13143
Frame      73331    pt_id     1         2     0.13254         4     0.45684         3     0.63862         6     1.38936         1     2.97392         5     3.09292
Frame      73332    pt_id     1         2     0.13506         4     0.46025         3     0.64418         6     1.39362         1     2.97308         5     3.09034
Frame      73333    pt_id     1         2     0.14066         4     0.46488         3     0.64319         6     1.39311         1     2.95803         5     3.06279
Frame      73334    pt_id     1         2     0.14314         4     0.45938         3     0.62689         6     1.37704         1     2.94769         5     3.01780
Frame      73335    pt_id     1         2     0.14686         4     0.45475         3     0.60745         6     1.36147         1     2.93563         5     2.96417
Frame      73336    pt_id     1         2     0.15759         4     0.45424         3     0.59011         6     1.34290         5     2.89211         1     2.91120
Frame      73337    pt_id     1         2     0.17786         4     0.46217         3     0.57633         6     1.32929         5     2.79686         1     2.88050
Frame      73338    pt_id     1         2     0.20292         4     0.47987         3     0.57181         6     1.32863         5     2.71259         1     2.85122
Frame      73339    pt_id     1         2     0.22843         4     0.49189         3     0.55736         6     1.31541         5     2.61665         1     2.81607
Frame      73340    pt_id     1         2     0.23854         4     0.49940         3     0.55470         6     1.31496         5     2.58328         1     2.80151
Frame      73341    pt_id     1         2     0.23157         4     0.50459         3     0.57452         6     1.33327         5     2.63153         1     2.80740
Frame      73342    pt_id     1         2     0.24466         4     0.51464         3     0.57704         6     1.33467         5     2.59707         1     2.78725
Frame      73343    pt_id     1         2     0.25571         4     0.52307         3     0.57597         6     1.33291         5     2.56727         1     2.77179
Frame      73344    pt_id     1         2     0.26762         4     0.53739         3     0.58742         6     1.34577         5     2.55334         1     2.76114
Frame      73345    pt_id     1         2     0.27715         4     0.55436         3     0.60751         6     1.36305         5     2.55945         1     2.74394
Frame      73346    pt_id     1         2     0.27817         4     0.55685         3     0.61128         6     1.36528         5     2.56226         1     2.73834
Frame      73347    pt_id     1         2     0.27321         4     0.55422         3     0.60919         6     1.36589         5     2.57367         1     2.74366
Frame      73348    pt_id     1         2     0.26493         4     0.54502         3     0.60321         6     1.35622         5     2.58450         1     2.74171
Frame      73349    pt_id     1         2     0.25192         4     0.54046         3     0.61752         6     1.36654         5     2.64433         1     2.76533
Frame      73350    pt_id     1         2     0.24818         4     0.53549         3     0.61176         6     1.36070         5     2.64552         1     2.76350
Frame      73351    pt_id     1         2     0.25409         4     0.53339         3     0.59994         6     1.34846         5     2.60764         1     2.75333
Frame      73352    pt_id     1         2     0.24908         4     0.53101         3     0.59616         6     1.34651         5     2.61831         1     2.75353
Frame      73353    pt_id     1         2     0.25075         4     0.53571         3     0.60326         6     1.35307         5     2.62462         1     2.74884
Frame      73354    pt_id     1         2     0.24698         4     0.53133         3     0.59409         6     1.34853         5     2.62141         1     2.75102
Frame      73355    pt_id     1         2     0.24789         4     0.52802         3     0.58912         6     1.34563         5     2.61055         1     2.76258
Frame      73356    pt_id     1         2     0.23719         4     0.52655         3     0.60005         6     1.35382         5     2.65770         1     2.76454
Frame      73357    pt_id     1         2     0.23540         4     0.52114         3     0.59488         6     1.34647         5     2.65154         1     2.76126
Frame      73358    pt_id     1         2     0.22652         4     0.52043         3     0.60679         6     1.35803         5     2.69860         1     2.77585
Frame      73359    pt_id     1         2     0.22679         4     0.52349         3     0.60967         6     1.36363         5     2.70284         1     2.77396
Frame      73360    pt_id     1         2     0.22617         4     0.52335         3     0.61784         6     1.36188         5     2.71902         1     2.76730
Frame      73361    pt_id     1         2     0.23147         4     0.52333         3     0.60864         6     1.35193         5     2.68785         1     2.74945
Frame      73362    pt_id     1         2     0.22969         4     0.52031         3     0.61068         6     1.34875         5     2.69557         1     2.74917
Frame      73363    pt_id     1         2     0.22582         4     0.51710         3     0.61478         6     1.34851         5     2.71531         1     2.75646
Frame      73364    pt_id     1         2     0.22425         4     0.51790         3     0.62341         6     1.35172         5     2.73727         1     2.75831
Frame      73365    pt_id     1         2     0.21570         4     0.51408         3     0.62355         6     1.35348         1     2.76861         5     2.76918
Frame      73366    pt_id     1         2     0.21435         4     0.50542         3     0.60517         6     1.33862         5     2.73969         1     2.76898
Frame      73367    pt_id     1         2     0.20946         4     0.49851         3     0.60110         6     1.32873         5     2.75216         1     2.76788
Frame      73368    pt_id     1         2     0.20607         4     0.48761         3     0.58608         6     1.31506         5     2.73287         1     2.77441
Frame      73369    pt_id     1         2     0.19964         4     0.47732         3     0.57854         6     1.30664         5     2.73848         1     2.78977
Frame      73370    pt_id     1         2     0.19041         4     0.47074         3     0.57661         6     1.31254         5     2.76298         1     2.81901
Frame      73371    pt_id     1         2     0.17699         4     0.46646         3     0.58924         6     1.32792         5     2.82896         1     2.85735
Frame      73372    pt_id     1         2     0.17204         4     0.46307         3     0.58648         6     1.33157         5     2.83747         1     2.87334
Frame      73373    pt_id     1         2     0.16419         4     0.45314         3     0.57911         6     1.32608         5     2.85056         1     2.89287
Frame      73374    pt_id     1         2     0.15800         4     0.45348         3     0.59143         6     1.33602         5     2.89377         1     2.90354
Frame      73375    pt_id     1         2     0.15368         4     0.45591         3     0.60207         6     1.35013         1     2.91939         5     2.92682
Frame      73376    pt_id     1         2     0.15507         4     0.46107         3     0.61368         6     1.36179         1     2.93058         5     2.94230
Frame      73377    pt_id     1         2     0.15374         4     0.47156         3     0.63425         6     1.38734         1     2.94746         5     2.98500
Frame      73378    pt_id     1         2     0.15307         4     0.47819         3     0.64544         6     1.40060         1     2.95313         5     3.01094
Frame      73379    pt_id     1         2     0.15764         4     0.48526         3     0.65058         6     1.40471         1     2.93799         5     3.00608
Frame      73380    pt_id     1         2     0.16318         4     0.49156         3     0.65648         6     1.40734         1     2.92595         5     2.99839
Frame      73381    pt_id     1         2     0.16849         4     0.49185         3     0.64843         6     1.39730         1     2.90685         5     2.96390
Frame      73382    pt_id     1         2     0.17359         4     0.49311         3     0.64474         6     1.39352         1     2.89998         5     2.93737
Frame      73383    pt_id     1         2     0.18147         4     0.49220         3     0.63367         6     1.37692         1     2.87072         5     2.88835
Frame      73384    pt_id     1         2     0.18618         4     0.50038         3     0.64022         6     1.39008         1     2.88142         5     2.88556
Frame      73385    pt_id     1         2     0.19568         4     0.51098         3     0.64527         6     1.39745         5     2.86384         1     2.87082
Frame      73386    pt_id     1         2     0.19773         4     0.51058         3     0.63722         6     1.39175         5     2.84116         1     2.85879
Frame      73387    pt_id     1         2     0.20625         4     0.51844         3     0.64051         6     1.39578         5     2.82183         1     2.85045
Frame      73388    pt_id     1         2     0.21789         4     0.52479         3     0.63947         6     1.39053         5     2.78325         1     2.82895
Frame      73389    pt_id     1         2     0.21861         4     0.51862         3     0.63158         6     1.38037         5     2.76546         1     2.83494
Frame      73390    pt_id     1         2     0.22168         4     0.51319         3     0.61054         6     1.36523         5     2.71681         1     2.82564
Frame      73391    pt_id     1         2     0.22104         4     0.51135         3     0.60781         6     1.36481         5     2.71252         1     2.83250
Frame      73392    pt_id     1         2     0.21933         4     0.51174         3     0.61052         6     1.36369         5     2.72218         1     2.82126
Frame      73393    pt_id     1         2     0.22231         4     0.51693         3     0.61154         6     1.37131         5     2.71414         1     2.82081
Frame      73394    pt_id     1         2     0.21867         4     0.50934         3     0.60539         6     1.35748         5     2.71445         1     2.80980
Frame      73395    pt_id     1         2     0.21552         4     0.50077         3     0.59934         6     1.34181         5     2.71425         1     2.80129
Frame      73396    pt_id     1         2     0.21598         4     0.50381         3     0.61016         6     1.34777         5     2.73128         1     2.80285
Frame      73397    pt_id     1         2     0.20986         4     0.49781         3     0.60764         6     1.34637         5     2.74468         1     2.81575
Frame      73398    pt_id     1         2     0.20981         4     0.49861         3     0.61013         6     1.34918         5     2.74752         1     2.81886
Frame      73399    pt_id     1         2     0.20695         4     0.49970         3     0.60676         6     1.35435         5     2.75151         1     2.82381
Frame      73400    pt_id     1         2     0.20553         4     0.50521         3     0.62663         6     1.36589         5     2.79456         1     2.82625
Frame      73401    pt_id     1         2     0.20661         4     0.51612         3     0.64898         6     1.38388         1     2.82729         5     2.83985
Frame      73402    pt_id     1         2     0.20678         4     0.52175         3     0.65953         6     1.39506         1     2.82985         5     2.85983
Frame      73403    pt_id     1         2     0.20033         4     0.50687         3     0.64034         6     1.37283         1     2.83153         5     2.84481
Frame      73404    pt_id     1         2     0.19784         4     0.49919         3     0.62355         6     1.36220         5     2.81704         1     2.83346
Frame      73405    pt_id     1         2     0.20047         4     0.49778         3     0.61317         6     1.36093         5     2.78371         1     2.83842
Frame      73406    pt_id     1         2     0.20152         4     0.49801         3     0.61259         6     1.35997         5     2.77895         1     2.83725
Frame      73407    pt_id     1         2     0.20871         4     0.50827         3     0.62102         6     1.36954         5     2.77347         1     2.83249
Frame      73408    pt_id     1         2     0.20597         4     0.50822         3     0.61976         6     1.37385         5     2.78290         1     2.84174
Frame      73409    pt_id     1         2     0.20861         4     0.50715         3     0.62086         6     1.36656         5     2.77586         1     2.82700
Frame      73410    pt_id     1         2     0.20731         4     0.51104         3     0.62483         6     1.37720         5     2.78738         1     2.83487
Frame      73411    pt_id     1         2     0.20613         4     0.50374         3     0.61138         6     1.36520         5     2.76598         1     2.83589
Frame      73412    pt_id     1         2     0.20074         4     0.49349         3     0.59792         6     1.35469         5     2.76007         1     2.85080
Frame      73413    pt_id     1         2     0.20324         4     0.50762         3     0.61864         6     1.37775         5     2.79110         1     2.84942
Frame      73414    pt_id     1         2     0.20870         4     0.51160         3     0.62468         6     1.37833         5     2.78329         1     2.84238
Frame      73415    pt_id     1         2     0.20781         4     0.51104         3     0.63044         6     1.37565         5     2.79767         1     2.83619
Frame      73416    pt_id     1         2     0.20283         4     0.50630         3     0.62497         6     1.37418         5     2.80226         1     2.84298
Frame      73417    pt_id     1         2     0.19276         4     0.49520         3     0.61651         6     1.36625         5     2.81872         1     2.85308
Frame      73418    pt_id     1         2     0.18826         4     0.49533         3     0.62798         6     1.37053         1     2.85455         5     2.85815
Frame      73419    pt_id     1         2     0.18863         4     0.50142         3     0.63957         6     1.38304         1     2.86118         5     2.87874
Frame      73420    pt_id     1         2     0.18405         4     0.49499         3     0.63910         6     1.37729         1     2.87177         5     2.89717
Frame      73421    pt_id     1         2     0.18307         4     0.49284         3     0.63772         6     1.37568         1     2.87586         5     2.89620
Frame      73422    pt_id     1         2     0.18850         4     0.50611         3     0.64902         6     1.39539         1     2.87553         5     2.89768
Frame      73423    pt_id     1         2     0.18479         4     0.50745         3     0.66171         6     1.40724         1     2.89757         5     2.93636
Frame      73424    pt_id     1         2     0.18160         4     0.51037         3     0.66869         6     1.41926         1     2.91440         5     2.96384
Frame      73425    pt_id     1         2     0.17401         4     0.50440         3     0.66145         6     1.41860         1     2.93065         5     2.97891
Frame      73426    pt_id     1         2     0.17690         4     0.50599         3     0.65611         6     1.41649         1     2.92102         5     2.95713
Frame      73427    pt_id     1         2     0.17714         4     0.50600         3     0.65389         6     1.41831         1     2.92921         5     2.95229
Frame      73428    pt_id     1         2     0.17605         4     0.49687         3     0.63417         6     1.40294         5     2.91629         1     2.93102
Frame      73429    pt_id     1         2     0.17189         4     0.48272         3     0.61366         6     1.37823         5     2.89551         1     2.92603
Frame      73430    pt_id     1         2     0.17586         4     0.48658         3     0.61169         6     1.38094         5     2.87778         1     2.92476
Frame      73431    pt_id     1         2     0.17882         4     0.49242         3     0.61942         6     1.38741         5     2.88433         1     2.92084
Frame      73432    pt_id     1         2     0.17451         4     0.47830         3     0.60486         6     1.36354         5     2.87236         1     2.91494
Frame      73433    pt_id     1         2     0.17937         4     0.47658         3     0.59395         6     1.35486         5     2.83270         1     2.90868
Frame      73434    pt_id     1         2     0.17999         4     0.47464         3     0.59286         6     1.35163         5     2.82722         1     2.90886
Frame      73435    pt_id     1         2     0.18404         4     0.47907         3     0.60243         6     1.35531         5     2.83369         1     2.90914
Frame      73436    pt_id     1         2     0.18006         4     0.47849         3     0.61420         6     1.36421         5     2.87241         1     2.93414
Frame      73437    pt_id     1         2     0.18159         4     0.47155         3     0.60249         6     1.34913         5     2.84231         1     2.92648
Frame      73438    pt_id     1         2     0.18672         4     0.47389         3     0.60651         6     1.35031         5     2.82952         1     2.92806
Frame      73439    pt_id     1         2     0.18965         4     0.48723         3     0.62541         6     1.37949         5     2.85369         1     2.95320
Frame      73440    pt_id     1         2     0.19099         4     0.48903         3     0.62941         6     1.38386         5     2.85841         1     2.96208
Frame      73441    pt_id     1         2     0.18924         4     0.49021         3     0.63365         6     1.39252         5     2.87448         1     2.98108
Frame      73442    pt_id     1         2     0.19093         4     0.49738         3     0.64372         6     1.40878         5     2.88848         1     2.99737
Frame      73443    pt_id     1         2     0.18538         4     0.48974         3     0.63366         6     1.39921         5     2.89087         1     2.99941
Frame      73444    pt_id     1         2     0.17691         4     0.46023         3     0.58768         6     1.34550         5     2.83685         1     2.98621
Frame      73445    pt_id     1         2     0.18026         4     0.45970         3     0.57747         6     1.34018         5     2.80545         1     2.97916
Frame      73446    pt_id     1         2     0.18198         4     0.45552         3     0.56719         6     1.32786         5     2.78243         1     2.97105
Frame      73447    pt_id     1         2     0.18158         4     0.45824         3     0.57533         6     1.33310         5     2.79852         1     2.97197
Frame      73448    pt_id     1         2     0.17790         4     0.44901         3     0.56579         6     1.31937         5     2.79602         1     2.97365
Frame      73449    pt_id     1         2     0.17592         4     0.43771         3     0.54436         6     1.29520         5     2.76810         1     2.96013
Frame      73450    pt_id     1         2     0.17499         4     0.42394         3     0.51753         6     1.26654         5     2.72671         1     2.94878
Frame      73451    pt_id     1         2     0.17816         4     0.42239         3     0.51398         6     1.25999         5     2.71101         1     2.94648
Frame      73452    pt_id     1         2     0.18451         4     0.42453         3     0.51228         6     1.25428         5     2.69003         1     2.93695
Frame      73453    pt_id     1         2     0.19351         4     0.43121         3     0.51569         6     1.25765         5     2.66529         1     2.93073
Frame      73454    pt_id     1         2     0.20711         4     0.46479         3     0.56330         6     1.31224         5     2.70378         1     2.94288
Frame      73455    pt_id     1         2     0.20750         4     0.46193         3     0.56352         6     1.30699         5     2.70571         1     2.94612
Frame      73456    pt_id     1         2     0.21292         4     0.47148         3     0.57188         6     1.31944         5     2.70691         1     2.94950
Frame      73457    pt_id     1         2     0.21828         4     0.48380         3     0.58502         6     1.33832         5     2.72108         1     2.96019
Frame      73458    pt_id     1         2     0.22469         4     0.49539         3     0.59040         6     1.35428         5     2.70965         1     2.95973
Frame      73459    pt_id     1         2     0.22810         4     0.50443         3     0.60978         6     1.37355         5     2.73562         1     2.97821
Frame      73460    pt_id     1         2     0.23811         4     0.51971         3     0.63213         6     1.39394         5     2.74772         1     2.98242
Frame      73461    pt_id     1         2     0.24086         4     0.51723         3     0.62356         6     1.38661         5     2.71947         1     2.97533
Frame      73462    pt_id     1         2     0.23444         4     0.50731         3     0.60939         6     1.37435         5     2.71248         1     2.97619
Frame      73463    pt_id     1         2     0.22830         4     0.50591         3     0.61172         6     1.37762         5     2.73803         1     2.98345
Frame      73464    pt_id     1         2     0.22533         4     0.50431         3     0.61396         6     1.37977         5     2.75334         1     2.99217
Frame      73465    pt_id     1         2     0.22650         4     0.50386         3     0.60682         6     1.37714         5     2.73514         1     2.98772
Frame      73466    pt_id     1         2     0.21972         4     0.48748         3     0.58587         6     1.35083         5     2.71484         1     2.97652
Frame      73467    pt_id     1         2     0.22038         4     0.48110         3     0.57157         6     1.33699         5     2.68597         1     2.96849
Frame      73468    pt_id     1         2     0.22002         4     0.48356         3     0.57825         6     1.34279         5     2.69982         1     2.97481
Frame      73469    pt_id     1         2     0.22370         4     0.48948         3     0.58494         6     1.34956         5     2.70293         1     2.97512
Frame      73470    pt_id     1         2     0.22117         4     0.48278         3     0.57383         6     1.33981         5     2.69145         1     2.97557
Frame      73471    pt_id     1         2     0.22059         4     0.48528         3     0.57914         6     1.34475         5     2.70665         1     2.98135
Frame      73472    pt_id     1         2     0.22534         4     0.49572         3     0.60102         6     1.36221         5     2.73340         1     2.99162
Frame      73473    pt_id     1         2     0.22981         4     0.49680         3     0.59830         6     1.36246         5     2.71311         1     2.99470
Frame      73474    pt_id     1         2     0.23042         4     0.48873         3     0.57664         6     1.34016         5     2.66851         1     2.96712
Frame      73475    pt_id     1         2     0.22796         4     0.49198         3     0.58810         6     1.35400         5     2.69955         1     2.99029
Frame      73476    pt_id     1         2     0.23124         4     0.50288         3     0.60632         6     1.37624         5     2.72572         1     3.00890
Frame      73477    pt_id     1         2     0.22488         4     0.49501         3     0.60259         6     1.36979         5     2.73535         1     3.01478
Frame      73478    pt_id     1         2     0.22011         4     0.49459         3     0.60660         6     1.37588         5     2.75897         1     3.02515
Frame      73479    pt_id     1         2     0.21018         4     0.48194         3     0.59180         6     1.36421         5     2.75826         1     3.03163
Frame      73480    pt_id     1         2     0.20034         4     0.47233         3     0.58388         6     1.35779         5     2.76995         1     3.03550
Frame      73481    pt_id     1         2     0.18824         4     0.45575         3     0.56277         6     1.33954         5     2.76850         1     3.03893
Frame      73482    pt_id     1         2     0.17520         4     0.43899         3     0.54619         6     1.32465         5     2.77770         1     3.04793
Frame      73483    pt_id     1         2     0.15804         4     0.43181         3     0.55746         6     1.33709         5     2.85293         1     3.08272
Frame      73484    pt_id     1         2     0.14849         4     0.43218         3     0.57480         6     1.35862         5     2.91480         1     3.12281
Frame      73485    pt_id     1         2     0.14228         4     0.42518         3     0.57077         6     1.35459         5     2.92532         1     3.12927
Frame      73486    pt_id     1         2     0.13102         4     0.41720         3     0.57064         6     1.35856         5     2.96301         1     3.15679
Frame      73487    pt_id     1         2     0.12225         4     0.41365         3     0.57406         6     1.36771         5     3.00260         1     3.18434
Frame      73488    pt_id     1         2     0.10947         4     0.39960         3     0.57163         6     1.36020         5     3.04398         1     3.20584
Frame      73489    pt_id     1         2     0.10325         4     0.39588         3     0.58147         6     1.36583         5     3.08535         1     3.22739
Frame      73490    pt_id     1         2     0.10268         4     0.40360         3     0.59986         6     1.38949         5     3.12061         1     3.25559
Frame      73491    pt_id     1         2     0.09829         4     0.41233         3     0.62792         6     1.41965         5     3.19226         1     3.28860
Frame      73492    pt_id     1         2     0.09578         4     0.41490         3     0.64174         6     1.42994         5     3.23263         1     3.30136
Frame      73493    pt_id     1         2     0.09413         4     0.41163         3     0.64058         6     1.42612         5     3.23751         1     3.30409
Frame      73494    pt_id     1         2     0.08667         4     0.39832         3     0.62980         6     1.41230         5     3.24707         1     3.31816
Frame      73495    pt_id     1         2     0.08207         4     0.39049         3     0.62465         6     1.40430         5     3.25762         1     3.32753
Frame      73496    pt_id     1         2     0.07968         4     0.38902         3     0.62599         6     1.40648         5     3.27162         1     3.33731
Frame      73497    pt_id     1         2     0.07736         4     0.38438         3     0.62550         6     1.40120         5     3.27860         1     3.34129
Frame      73498    pt_id     1         2     0.07875         4     0.38589         3     0.62315         6     1.40364         5     3.26331         1     3.34133
Frame      73499    pt_id     1         2     0.07743         4     0.38285         3     0.61664         6     1.39858         5     3.25533         1     3.33870
Frame      73500    pt_id     1         2     0.07359         4     0.37795         3     0.61557         6     1.39307         5     3.27530         1     3.34472
Frame      73501    pt_id     1         2     0.07409         4     0.37226         3     0.60444         6     1.38127         5     3.24648         1     3.33738
Frame      73502    pt_id     1         2     0.07657         4     0.37792         3     0.60606         6     1.38887         5     3.23891         1     3.33634
Frame      73503    pt_id     1         2     0.07840         4     0.37803         3     0.60431         6     1.38569         5     3.22689         1     3.32956
Frame      73504    pt_id     1         2     0.08174         4     0.38782         3     0.61686         6     1.39864         5     3.24197         1     3.32633
Frame      73505    pt_id     1         2     0.08390         4     0.39902         3     0.63655         6     1.41672         5     3.27816         1     3.32669
Frame      73506    pt_id     1         2     0.08519         4     0.40176         3     0.64234         6     1.41879         5     3.28992         1     3.32382
Frame      73507    pt_id     1         2     0.08527         4     0.40387         3     0.64648         6     1.42376         5     3.30302         1     3.33015
Frame      73508    pt_id     1         2     0.08509         4     0.40571         3     0.65302         6     1.42831         5     3.32362         1     3.33640
Frame      73509    pt_id     1         2     0.08525         4     0.41118         3     0.66210         6     1.43964         1     3.34412         5     3.34494
Frame      73510    pt_id     1         2     0.08131         4     0.40480         3     0.65657         6     1.43532         5     3.34584         1     3.35489
Frame      73511    pt_id     1         2     0.07620         4     0.39860         3     0.65271         6     1.43266         5     3.36144         1     3.37115
Frame      73512    pt_id     1         2     0.07086         4     0.38980         3     0.64679         6     1.42654         5     3.37170         1     3.38899
Frame      73513    pt_id     1         2     0.06577         4     0.38809         3     0.64977         6     1.43239         5     3.40379         1     3.40656
Frame      73514    pt_id     1         2     0.05899         4     0.37964         3     0.64098         6     1.43142         5     3.41117         1     3.43333
Frame      73515    pt_id     1         2     0.05365         4     0.36996         3     0.63135         6     1.42658         5     3.41120         1     3.46005
Frame      73516    pt_id     1         2     0.04993         4     0.36039         3     0.62116         6     1.41653         5     3.40745         1     3.47466
Frame      73517    pt_id     1         2     0.04768         4     0.35361         3     0.61385         6     1.40985         5     3.40239         1     3.48606
Frame      73518    pt_id     1         2     0.04603         4     0.34874         3     0.60363         6     1.40457         5     3.39308         1     3.49658
Frame      73519    pt_id     1         2     0.04485         4     0.34467         3     0.60186         6     1.39952         5     3.39378         1     3.49851
Frame      73520    pt_id     1         2     0.04629         4     0.35329         3     0.61440         6     1.41312         5     3.41592         1     3.49857
Frame      73521    pt_id     1         2     0.04941         4     0.35840         3     0.62050         6     1.41718         5     3.41311         1     3.49161
Frame      73522    pt_id     1         2     0.04892         4     0.35505         3     0.61712         6     1.41135         5     3.40692         1     3.48956
Frame      73523    pt_id     1         2     0.04998         4     0.35024         3     0.60777         6     1.40148         5     3.38031         1     3.48738
Frame      73524    pt_id     1         2     0.05222         4     0.35177         3     0.61092         6     1.39847         5     3.37753         1     3.47574
Frame      73525    pt_id     1         2     0.05356         4     0.35672         3     0.61819         6     1.40375         5     3.39380         1     3.47284
Frame      73526    pt_id     1         2     0.05501         4     0.36233         3     0.62611         6     1.41207         5     3.40699         1     3.47375
Frame      73527    pt_id     1         2     0.05616         4     0.36671         3     0.63206         6     1.41663         5     3.41563         1     3.46515
Frame      73528    pt_id     1         2     0.05592         4     0.36592         3     0.64022         6     1.41747         5     3.43717         1     3.47195
Frame      73529    pt_id     1         2     0.05223         4     0.36412         3     0.64244         6     1.42376         5     3.46278         1     3.49731
Frame      73530    pt_id     1         2     0.04917         4     0.35519         3     0.63573         6     1.41219         5     3.46673         1     3.50453
Frame      73531    pt_id     1         2     0.04682         4     0.35664         3     0.64245         6     1.42167         5     3.50376         1     3.52629
Frame      73532    pt_id     1         2     0.04555         4     0.35841         3     0.64804         6     1.43024         5     3.52590         1     3.54356
Frame      73533    pt_id     1         2     0.04257         4     0.35370         3     0.64366         6     1.42826         5     3.53296         1     3.55770
Frame      73534    pt_id     1         2     0.03629         4     0.33807         3     0.62599         6     1.41096         5     3.52714         1     3.57643
Frame      73535    pt_id     1         2     0.03042         4     0.32476         3     0.60960         6     1.39982         5     3.51989         1     3.60048
Frame      73536    pt_id     1         2     0.02637         4     0.31949         3     0.60942         6     1.40170         5     3.54769         1     3.62941
Frame      73537    pt_id     1         2     0.02258         4     0.31424         3     0.61250         6     1.40478         5     3.58592         1     3.66487
Frame      73538    pt_id     1         2     0.01916         4     0.30873         3     0.61015         6     1.40576         5     3.60854         1     3.69408
Frame      73539    pt_id     1         2     0.01688         4     0.30299         3     0.60706         6     1.40347         5     3.62222         1     3.71526
Frame      73540    pt_id     1         2     0.01445         4     0.29999         3     0.60750         6     1.41034         5     3.64749         1     3.75143
Frame      73541    pt_id     1         2     0.01331         4     0.29345         3     0.60353         6     1.40587         5     3.65164         1     3.77184
Frame      73542    pt_id     1         2     0.01221         4     0.28979         3     0.60341         6     1.40656         5     3.67102         1     3.79587
Frame      73543    pt_id     1         2     0.01114         4     0.29093         3     0.61290         6     1.41640         5     3.70984         1     3.82390
Frame      73544    pt_id     1         2     0.01126         4     0.29817         3     0.63018         6     1.43465         5     3.75320         1     3.84037
Frame      73545    pt_id     1         2     0.01114         4     0.30274         3     0.64222         6     1.44937         5     3.78985         1     3.86348
Frame      73546    pt_id     1         2     0.01056         4     0.29461         3     0.63553         6     1.43958         5     3.78358         1     3.87593
Frame      73547    pt_id     1         2     0.01049         4     0.29071         3     0.62921         6     1.43615         5     3.77730         1     3.88892
Frame      73548    pt_id     1         2     0.01047         4     0.28748         3     0.62653         6     1.43136         5     3.77466         1     3.89333
Frame      73549    pt_id     1         2     0.01068         4     0.28500         3     0.62340         6     1.42983         5     3.77030         1     3.90253
Frame      73550    pt_id     1         2     0.01153         4     0.28123         3     0.62092         6     1.42381         5     3.76858         1     3.90735
Frame      73551    pt_id     1         2     0.01193         4     0.27595         3     0.61687         6     1.41609         5     3.77139         1     3.91723
Frame      73552    pt_id     1         2     0.01164         4     0.27614         3     0.61987         6     1.42306         5     3.79177         1     3.94437
Frame      73553    pt_id     1         2     0.01137         4     0.27540         3     0.62407         6     1.43275         5     3.81487         1     3.98272
Frame      73554    pt_id     1         2     0.01121         4     0.27262         3     0.62405         6     1.43584         5     3.83007         1     4.01471
Frame      73555    pt_id     1         2     0.01130         4     0.26944         3     0.62420         6     1.43646         5     3.84351         1     4.04124
Frame      73556    pt_id     1         2     0.01223         4     0.26884         3     0.62512         6     1.44193         5     3.86046         1     4.07198
Frame      73557    pt_id     1         2     0.01201         4     0.26998         3     0.63296         6     1.45439         5     3.89244         1     4.11111
Frame      73558    pt_id     1         2     0.01345         4     0.26961         3     0.63468         6     1.46400         5     3.91525         1     4.15691
Frame      73559    pt_id     1         2     0.01495         4     0.26752         3     0.63576         6     1.46813         5     3.93636         1     4.19740
Frame      73560    pt_id     1         2     0.01581         4     0.26745         3     0.63992         6     1.47724         5     3.95835         1     4.23640
Frame      73561    pt_id     1         2     0.01782         4     0.26872         3     0.64474         6     1.48880         5     3.98579         1     4.28221
Frame      73562    pt_id     1         2     0.01964         4     0.26518         3     0.64502         6     1.48767         5     3.99767         1     4.30768
Frame      73563    pt_id     1         2     0.02120         4     0.26228         3     0.64485         6     1.48548         5     4.00829         1     4.32798
Frame      73564    pt_id     1         2     0.02240         4     0.26348         3     0.64741         6     1.49171         5     4.02079         1     4.35007
Frame      73565    pt_id     1         2     0.02365         4     0.26031         3     0.64552         6     1.48722         5     4.02167         1     4.35932
Frame      73566    pt_id     1         2     0.02455         4     0.26048         3     0.64763         6     1.49152         5     4.02929         1     4.37562
Frame      73567    pt_id     1         2     0.02492         4     0.25775         3     0.64446         6     1.48692         5     4.02434         1     4.37918
Frame      73568    pt_id     1         2     0.02416         4     0.25559         3     0.64454         6     1.48345         5     4.02688         1     4.37944
Frame      73569    pt_id     1         2     0.02358         4     0.25130         3     0.64102         6     1.47356         5     4.01727         1     4.36803
Frame      73570    pt_id     1         2     0.02405         4     0.24902         3     0.63720         6     1.46884         5     4.01209         1     4.37137
Frame      73571    pt_id     1         2     0.02369         4     0.24865         3     0.63862         6     1.47203         5     4.01924         1     4.38440
Frame      73572    pt_id     1         2     0.02422         4     0.24680         3     0.63857         6     1.47341         5     4.02593         1     4.40582
Frame      73573    pt_id     1         2     0.02446         4     0.24581         3     0.64036         6     1.47740         5     4.04074         1     4.43091
Frame      73574    pt_id     1         2     0.02544         4     0.24322         3     0.64031         6     1.47899         5     4.05224         1     4.46180
Frame      73575    pt_id     1         2     0.02566         4     0.24218         3     0.64212         6     1.48587         5     4.06715         1     4.49915
Frame      73576    pt_id     1         2     0.02556         4     0.23978         3     0.64254         6     1.48758         5     4.07823         1     4.52715
Frame      73577    pt_id     1         2     0.02755         4     0.23699         3     0.64151         6     1.48922         5     4.08796         1     4.56421
Frame      73578    pt_id     1         2     0.02996         4     0.23666         3     0.64367         6     1.49651         5     4.10599         1     4.60632
Frame      73579    pt_id     1         2     0.03310         4     0.23928         3     0.65109         6     1.51200         5     4.14140         1     4.66552
Frame      73580    pt_id     1         2     0.03560         4     0.24019         3     0.65794         6     1.52343         5     4.17477         1     4.71796
Frame      73581    pt_id     1         2     0.03915         4     0.23824         3     0.66104         6     1.52793         5     4.19953         1     4.76895
Frame      73582    pt_id     1         2     0.04242         4     0.23947         3     0.66485         6     1.53741         5     4.22373         1     4.81504
Frame      73583    pt_id     1         2     0.04589         4     0.24074         3     0.66948         6     1.54638         5     4.24761         1     4.85888
Frame      73584    pt_id     1         2     0.04959         4     0.23940         3     0.67230         6     1.54955         5     4.26793         1     4.89733
Frame      73585    pt_id     1         2     0.05292         4     0.24081         3     0.67773         6     1.55748         5     4.29450         1     4.93695
Frame      73586    pt_id     1         2     0.05601         4     0.24367         3     0.68391         6     1.56843         5     4.31943         1     4.97548
Frame      73587    pt_id     1         2     0.05936         4     0.24482         3     0.69079         6     1.57623         5     4.34556         1     5.01277
Frame      73588    pt_id     1         2     0.06169         4     0.24680         3     0.69377         6     1.58322         5     4.35953         1     5.04039
Frame      73589    pt_id     1         2     0.06236         4     0.24665         3     0.69387         6     1.58415         5     4.36341         1     5.05179
Frame      73590    pt_id     1         2     0.06592         4     0.25027         3     0.69918         6     1.59418         5     4.38154         1     5.08181
Frame      73591    pt_id     1         2     0.06838         4     0.25551         3     0.70414         6     1.60564         5     4.39535         1     5.10154
Frame      73592    pt_id     1         2     0.06905         4     0.25650         3     0.70509         6     1.60772         5     4.39798         1     5.10683
Frame      73593    pt_id     1         2     0.06889         4     0.25565         3     0.70372         6     1.60519         5     4.39344         1     5.10295
Frame      73594    pt_id     1         2     0.06812         4     0.25613         3     0.70386         6     1.60555         5     4.39188         1     5.09784
Frame      73595    pt_id     1         2     0.06720         4     0.25640         3     0.70368         6     1.60516         5     4.38727         1     5.08762
Frame      73596    pt_id     1         2     0.06644         4     0.25037         3     0.69827         6     1.59115         5     4.37472         1     5.07027
Frame      73597    pt_id     1         2     0.06573         4     0.25213         3     0.69808         6     1.59302         5     4.37295         1     5.06311
Frame      73598    pt_id     1         2     0.06589         4     0.25161         3     0.69983         6     1.59222         5     4.37798         1     5.06182
Frame      73599    pt_id     1         2     0.06685         4     0.25371         3     0.70291         6     1.59735         5     4.38425         1     5.06952
Frame      73600    pt_id     1         2     0.06513         4     0.25286         3     0.70078         6     1.59381         5     4.37590         1     5.05347
Frame      73601    pt_id     1         2     0.06347         4     0.24607         3     0.69381         6     1.57833         5     4.35685         1     5.03179
Frame      73602    pt_id     1         2     0.06282         4     0.24396         3     0.69213         6     1.57371         5     4.34968         1     5.02339
Frame      73603    pt_id     1         2     0.06212         4     0.24534         3     0.69356         6     1.57685         5     4.35246         1     5.02361
Frame      73604    pt_id     1         2     0.06120         4     0.24491         3     0.69161         6     1.57540         5     4.34670         1     5.01811
Frame      73605    pt_id     1         2     0.06183         4     0.24462         3     0.69156         6     1.57549         5     4.35049         1     5.02592
Frame      73606    pt_id     1         2     0.06329         4     0.25289         3     0.69906         6     1.59395         5     4.37091         1     5.04925
Frame      73607    pt_id     1         2     0.06289         4     0.25426         3     0.70055         6     1.59686         5     4.37445         1     5.05165
Frame      73608    pt_id     1         2     0.06149         4     0.25369         3     0.69512         6     1.59305         5     4.35804         1     5.03950
Frame      73609    pt_id     1         2     0.06126         4     0.25350         3     0.69496         6     1.59302         5     4.35822         1     5.03873
Frame      73610    pt_id     1         2     0.05962         4     0.25284         3     0.69152         6     1.58938         5     4.34757         1     5.02517
Frame      73611    pt_id     1         2     0.05693         4     0.25654         3     0.69271         6     1.59476         5     4.34118         1     5.00636
Frame      73612    pt_id     1         2     0.05377         4     0.25519         3     0.68803         6     1.58816         5     4.32439         1     4.97579
Frame      73613    pt_id     1         2     0.05164         4     0.25335         3     0.68230         6     1.57988         5     4.30379         1     4.94665
Frame      73614    pt_id     1         2     0.05033         4     0.25377         3     0.68045         6     1.57714         5     4.29273         1     4.92728
Frame      73615    pt_id     1         2     0.04767         4     0.25377         3     0.67796         6     1.57344         5     4.27655         1     4.89750
Frame      73616    pt_id     1         2     0.04479         4     0.25152         3     0.67338         6     1.56402         5     4.25606         1     4.86257
Frame      73617    pt_id     1         2     0.04306         4     0.25021         3     0.66985         6     1.55790         5     4.23867         1     4.83750
Frame      73618    pt_id     1         2     0.04299         4     0.25006         3     0.67333         6     1.55822         5     4.24426         1     4.83277
Frame      73619    pt_id     1         2     0.04213         4     0.24852         3     0.67016         6     1.55256         5     4.23135         1     4.81613
Frame      73620    pt_id     1         2     0.04343         4     0.24992         3     0.67476         6     1.55886         5     4.24222         1     4.83218
Frame      73621    pt_id     1         2     0.04572         4     0.25204         3     0.67957         6     1.56704         5     4.26284         1     4.86092
Frame      73622    pt_id     1         2     0.04840         4     0.25304         3     0.68246         6     1.57271         5     4.27806         1     4.88940
Frame      73623    pt_id     1         2     0.04871         4     0.25256         3     0.68234         6     1.57256         5     4.28008         1     4.89531
Frame      73624    pt_id     1         2     0.04873         4     0.25092         3     0.68107         6     1.56977         5     4.27918         1     4.89771
Frame      73625    pt_id     1         2     0.04960         4     0.24878         3     0.67983         6     1.56662         5     4.27974         1     4.90550
Frame      73626    pt_id     1         2     0.05125         4     0.24889         3     0.67950         6     1.56818         5     4.28225         1     4.91982
Frame      73627    pt_id     1         2     0.05306         4     0.25081         3     0.68095         6     1.57290         5     4.28917         1     4.93442
Frame      73628    pt_id     1         2     0.05296         4     0.25080         3     0.68089         6     1.57245         5     4.28895         1     4.93537
Frame      73629    pt_id     1         2     0.05252         4     0.24983         3     0.68129         6     1.57051         5     4.29193         1     4.93369
Frame      73630    pt_id     1         2     0.05150         4     0.24709         3     0.67693         6     1.56236         5     4.27933         1     4.91899
Frame      73631    pt_id     1         2     0.05036         4     0.24551         3     0.67353         6     1.55648         5     4.26884         1     4.90498
Frame      73632    pt_id     1         2     0.04995         4     0.24650         3     0.67243         6     1.55669         5     4.26358         1     4.89879
Frame      73633    pt_id     1         2     0.04973         4     0.24442         3     0.67137         6     1.55432         5     4.26535         1     4.90182
Frame      73634    pt_id     1         2     0.05138         4     0.24587         3     0.67442         6     1.56005         5     4.27624         1     4.91960
Frame      73635    pt_id     1         2     0.05152         4     0.24516         3     0.67368         6     1.56030         5     4.27949         1     4.92876
Frame      73636    pt_id     1         2     0.05303         4     0.24445         3     0.67719         6     1.56340         5     4.29436         1     4.95135
Frame      73637    pt_id     1         2     0.05338         4     0.24110         3     0.67794         6     1.55991         5     4.30206         1     4.96315
Frame      73638    pt_id     1         2     0.05559         4     0.24191         3     0.68091         6     1.56512         5     4.31563         1     4.98706
Frame      73639    pt_id     1         2     0.05858         4     0.24433         3     0.68549         6     1.57382         5     4.33405         1     5.01977
Frame      73640    pt_id     1         2     0.05959         4     0.24596         3     0.68575         6     1.57857         5     4.33845         1     5.03318
Frame      73641    pt_id     1         2     0.06060         4     0.24525         3     0.68760         6     1.57966         5     4.34518         1     5.04611
Frame      73642    pt_id     1         2     0.06144         4     0.24481         3     0.69193         6     1.58183         5     4.35840         1     5.06076
Frame      73643    pt_id     1         2     0.06228         4     0.24613         3     0.69607         6     1.58679         5     4.36787         1     5.07367
Frame      73644    pt_id     1         2     0.06292         4     0.24888         3     0.70015         6     1.59411         5     4.38070         1     5.08653
Frame      73645    pt_id     1         2     0.06372         4     0.25097         3     0.70493         6     1.59948         5     4.39268         1     5.09651
Frame      73646    pt_id     1         2     0.06104         4     0.25088         3     0.70265         6     1.59668         5     4.38327         1     5.07519
Frame      73647    pt_id     1         2     0.06026         4     0.25221         3     0.70287         6     1.59819         5     4.38109         1     5.06834
Frame      73648    pt_id     1         2     0.05944         4     0.25107         3     0.70176         6     1.59492         5     4.37591         1     5.05994
Frame      73649    pt_id     1         2     0.05858         4     0.24961         3     0.69840         6     1.59040         5     4.36321         1     5.04699
Frame      73650    pt_id     1         2     0.05885         4     0.25055         3     0.70201         6     1.59327         5     4.37135         1     5.05136
Frame      73651    pt_id     1         2     0.05900         4     0.25031         3     0.70106         6     1.59268         5     4.36944         1     5.05248
Frame      73652    pt_id     1         2     0.05960         4     0.25168         3     0.70159         6     1.59573         5     4.37247         1     5.05891
Frame      73653    pt_id     1         2     0.06100         4     0.24857         3     0.69910         6     1.59012         5     4.37542         1     5.06867
Frame      73654    pt_id     1         2     0.06080         4     0.24301         3     0.69429         6     1.57855         5     4.36551         1     5.06405
Frame      73655    pt_id     1         2     0.06211         4     0.24566         3     0.69735         6     1.58539         5     4.37814         1     5.08142
Frame      73656    pt_id     1         2     0.06491         4     0.24581         3     0.70009         6     1.58850         5     4.39218         1     5.10668
Frame      73657    pt_id     1         2     0.06593         4     0.24445         3     0.69609         6     1.58529         5     4.38648         1     5.11197
Frame      73658    pt_id     1         2     0.06646         4     0.24279         3     0.68956         6     1.58025         5     4.37283         1     5.10975
Frame      73659    pt_id     1         2     0.06804         4     0.24705         3     0.69591         6     1.59092         5     4.39344         1     5.13218
Frame      73660    pt_id     1         2     0.06899         4     0.24574         3     0.69560         6     1.58903         5     4.39783         1     5.13973
Frame      73661    pt_id     1         2     0.06965         4     0.24449         3     0.69592         6     1.58705         5     4.40274         1     5.14440
Frame      73662    pt_id     1         2     0.07009         4     0.24559         3     0.69829         6     1.58998         5     4.40774         1     5.15067
Frame      73663    pt_id     1         2     0.06888         4     0.24735         3     0.69935         6     1.59322         5     4.40251         1     5.14368
Frame      73664    pt_id     1         2     0.06917         4     0.25103         3     0.70285         6     1.60136         5     4.41061         1     5.14984
Frame      73665    pt_id     1         2     0.06850         4     0.25094         3     0.70241         6     1.60102         5     4.40632         1     5.14407
Frame      73666    pt_id     1         2     0.06801         4     0.25012         3     0.70143         6     1.59936         5     4.40019         1     5.13848
Frame      73667    pt_id     1         2     0.06892         4     0.25213         3     0.70616         6     1.60542         5     4.41195         1     5.14887
Frame      73668    pt_id     1         2     0.06988         4     0.25631         3     0.71675         6     1.61736         5     4.44014         1     5.16761
Frame      73669    pt_id     1         2     0.06817         4     0.25589         3     0.71653         6     1.61619         5     4.43486         1     5.15453
Frame      73670    pt_id     1         2     0.06840         4     0.25789         3     0.71927         6     1.62071         5     4.44085         1     5.15810
Frame      73671    pt_id     1         2     0.06930         4     0.25403         3     0.71145         6     1.61126         5     4.42501         1     5.15616
Frame      73671    pt_id     2         2     0.06146         4     0.24773         3     0.64739         6     1.55420         5     4.24096         1     4.99749
Frame      73672    pt_id     1         2     0.06930         4     0.25403         3     0.71145         6     1.61126         5     4.42501         1     5.15616
Frame      73672    pt_id     2         2     0.06146         4     0.24773         3     0.64739         6     1.55420         5     4.24096         1     4.99749
Frame      73673    pt_id     1         2     0.06930         4     0.25403         3     0.71145         6     1.61126         5     4.42501         1     5.15616
Frame      73673    pt_id     2         2     0.06146         4     0.24773         3     0.64739         6     1.55420         5     4.24096         1     4.99749
Frame      73674    pt_id     1         2     0.06930         4     0.25403         3     0.71145         6     1.61126         5     4.42501         1     5.15616
Frame      73674    pt_id     2         2     0.06146         4     0.24773         3     0.64739         6     1.55420         5     4.24096         1     4.99749
