Frame      81754    pt_id     1         2     0.04738         4     0.20487         3     0.48199         6     1.29634         5     3.48858         1     4.20210
Frame      81755    pt_id     1         2     0.07094         4     0.18689         3     0.40660         6     1.12242         5     3.10178         1     3.74224
Frame      81756    pt_id     1         2     0.08332         4     0.18711         3     0.38137         6     1.07179         5     2.97912         1     3.59774
Frame      81757    pt_id     1         2     0.07744         4     0.18815         3     0.39524         6     1.09880         5     3.03842         1     3.66811
Frame      81758    pt_id     1         2     0.06824         4     0.17759         3     0.39558         6     1.10781         5     3.09340         1     3.73693
Frame      81759    pt_id     1         2     0.05947         4     0.17755         3     0.39994         6     1.12807         5     3.14828         1     3.78655
Frame      81760    pt_id     1         2     0.05712         4     0.18188         3     0.40662         6     1.15136         5     3.18022         1     3.83232
Frame      81761    pt_id     1         2     0.05432         4     0.17883         3     0.40918         6     1.15647         5     3.20648         1     3.86286
Frame      81762    pt_id     1         2     0.05141         4     0.17760         3     0.41536         6     1.16943         5     3.24236         1     3.90660
Frame      81763    pt_id     1         2     0.05033         4     0.16753         3     0.40966         6     1.15636         5     3.25546         1     3.92981
Frame      81764    pt_id     1         2     0.05103         4     0.16071         3     0.39963         6     1.13890         5     3.24120         1     3.91743
Frame      81765    pt_id     1         2     0.04621         4     0.15758         3     0.40572         6     1.16161         5     3.31919         1     4.01687
Frame      81766    pt_id     1         2     0.04397         4     0.15175         3     0.41512         6     1.17792         5     3.39588         1     4.11603
Frame      81767    pt_id     1         2     0.04458         4     0.14482         3     0.41016         6     1.17154         5     3.41807         1     4.15122
Frame      81768    pt_id     1         2     0.04479         4     0.14267         3     0.40892         6     1.17016         5     3.43213         1     4.17119
Frame      81769    pt_id     1         2     0.04747         4     0.14158         3     0.40839         6     1.16992         5     3.43062         1     4.18736
Frame      81770    pt_id     1         2     0.04733         4     0.13927         3     0.40676         6     1.16579         5     3.43588         1     4.19296
Frame      81771    pt_id     1         2     0.04878         4     0.13314         3     0.40385         6     1.15408         5     3.43401         1     4.19700
Frame      81772    pt_id     1         2     0.04875         4     0.13276         3     0.40185         6     1.15131         5     3.43339         1     4.19632
Frame      81773    pt_id     1         2     0.04765         4     0.13750         3     0.40744         6     1.16345         5     3.44102         1     4.20164
Frame      81774    pt_id     1         2     0.04697         4     0.14096         3     0.41604         6     1.17518         5     3.45309         1     4.21356
Frame      81775    pt_id     1         2     0.04727         4     0.14436         3     0.41830         6     1.17914         5     3.44055         1     4.19898
Frame      81776    pt_id     1         2     0.04527         4     0.15296         3     0.42795         6     1.19846         5     3.45145         1     4.20067
Frame      81777    pt_id     1         2     0.04425         4     0.16050         3     0.43908         6     1.21698         5     3.46317         1     4.20602
Frame      81778    pt_id     1         2     0.04398         4     0.16475         3     0.44512         6     1.22432         5     3.46074         1     4.19686
Frame      81779    pt_id     1         2     0.04236         4     0.16313         3     0.44751         6     1.22313         5     3.47156         1     4.19906
Frame      81780    pt_id     1         2     0.04292         4     0.16122         3     0.44903         6     1.22214         5     3.47624         1     4.20884
Frame      81781    pt_id     1         2     0.04184         4     0.16799         3     0.45150         6     1.23466         5     3.47954         1     4.20858
Frame      81782    pt_id     1         2     0.04371         4     0.16836         3     0.44998         6     1.23132         5     3.45922         1     4.19169
Frame      81783    pt_id     1         2     0.04407         4     0.16876         3     0.44913         6     1.22857         5     3.44786         1     4.17781
Frame      81784    pt_id     1         2     0.04385         4     0.17096         3     0.45016         6     1.23337         5     3.45143         1     4.18181
Frame      81785    pt_id     1         2     0.04319         4     0.16923         3     0.45406         6     1.23216         5     3.45952         1     4.18527
Frame      81786    pt_id     1         2     0.04372         4     0.17098         3     0.45084         6     1.23398         5     3.45343         1     4.18340
Frame      81787    pt_id     1         2     0.04475         4     0.16910         3     0.44394         6     1.22551         5     3.43740         1     4.17155
Frame      81788    pt_id     1         2     0.04619         4     0.16592         3     0.43730         6     1.21562         5     3.42270         1     4.16345
Frame      81789    pt_id     1         2     0.04643         4     0.16814         3     0.43891         6     1.22090         5     3.42348         1     4.16541
Frame      81790    pt_id     1         2     0.04640         4     0.16966         3     0.43771         6     1.22063         5     3.41462         1     4.15250
Frame      81791    pt_id     1         2     0.04649         4     0.17377         3     0.44376         6     1.23104         5     3.42307         1     4.16108
Frame      81792    pt_id     1         2     0.04454         4     0.17293         3     0.44422         6     1.23142         5     3.43663         1     4.16933
Frame      81793    pt_id     1         2     0.04419         4     0.17381         3     0.44392         6     1.23557         5     3.44465         1     4.17920
Frame      81794    pt_id     1         2     0.04463         4     0.17151         3     0.43849         6     1.22995         5     3.44097         1     4.18034
Frame      81795    pt_id     1         2     0.04575         4     0.17080         3     0.43239         6     1.22485         5     3.42760         1     4.17113
Frame      81796    pt_id     1         2     0.04769         4     0.16490         3     0.42423         6     1.20464         5     3.39924         1     4.14629
Frame      81797    pt_id     1         2     0.04712         4     0.16601         3     0.42719         6     1.20703         5     3.40368         1     4.14675
Frame      81798    pt_id     1         2     0.04570         4     0.17089         3     0.43490         6     1.22195         5     3.42285         1     4.16159
Frame      81799    pt_id     1         2     0.04763         4     0.16791         3     0.42798         6     1.20833         5     3.39815         1     4.14063
Frame      81800    pt_id     1         2     0.04813         4     0.16612         3     0.42637         6     1.20399         5     3.39311         1     4.13739
Frame      81801    pt_id     1         2     0.04927         4     0.16120         3     0.41725         6     1.19038         5     3.37910         1     4.12905
Frame      81802    pt_id     1         2     0.05061         4     0.15786         3     0.41111         6     1.18160         5     3.36929         1     4.12642
Frame      81803    pt_id     1         2     0.05225         4     0.15985         3     0.40949         6     1.18071         5     3.35557         1     4.11668
Frame      81804    pt_id     1         2     0.05203         4     0.16357         3     0.41392         6     1.18943         5     3.35930         1     4.11903
Frame      81805    pt_id     1         2     0.05199         4     0.16743         3     0.41923         6     1.19888         5     3.36913         1     4.12983
Frame      81806    pt_id     1         2     0.05115         4     0.16978         3     0.42393         6     1.20811         5     3.38309         1     4.14314
Frame      81807    pt_id     1         2     0.05168         4     0.16451         3     0.42044         6     1.19733         5     3.37544         1     4.13822
Frame      81808    pt_id     1         2     0.05457         4     0.16363         3     0.41210         6     1.18754         5     3.35069         1     4.12317
Frame      81809    pt_id     1         2     0.05584         4     0.15897         3     0.40943         6     1.17939         5     3.34762         1     4.12832
Frame      81810    pt_id     1         2     0.05731         4     0.15744         3     0.40620         6     1.17373         5     3.33802         1     4.12454
Frame      81811    pt_id     1         2     0.05986         4     0.15150         3     0.40060         6     1.15951         5     3.32211         1     4.11819
Frame      81812    pt_id     1         2     0.06037         4     0.15684         3     0.40602         6     1.17210         5     3.32707         1     4.12636
Frame      81813    pt_id     1         2     0.06023         4     0.15477         3     0.40696         6     1.17004         5     3.33172         1     4.13164
Frame      81814    pt_id     1         2     0.06241         4     0.15134         3     0.39875         6     1.15708         5     3.31087         1     4.11713
Frame      81815    pt_id     1         2     0.06482         4     0.14932         3     0.39429         6     1.14904         5     3.29492         1     4.10808
Frame      81816    pt_id     1         2     0.06502         4     0.14701         3     0.39096         6     1.14293         5     3.29098         1     4.10416
Frame      81817    pt_id     1         2     0.06493         4     0.15248         3     0.39301         6     1.15639         5     3.30062         1     4.11975
Frame      81818    pt_id     1         2     0.06420         4     0.14959         3     0.39175         6     1.15457         5     3.31214         1     4.13316
Frame      81819    pt_id     1         2     0.06269         4     0.15351         3     0.39479         6     1.16651         5     3.33062         1     4.15130
Frame      81820    pt_id     1         2     0.06188         4     0.15890         3     0.39839         6     1.17908         5     3.34250         1     4.16209
Frame      81821    pt_id     1         2     0.06006         4     0.16625         3     0.40678         6     1.19768         5     3.36437         1     4.17755
Frame      81822    pt_id     1         2     0.06162         4     0.16311         3     0.40341         6     1.19034         5     3.35381         1     4.17384
Frame      81823    pt_id     1         2     0.06183         4     0.16435         3     0.40513         6     1.19548         5     3.36433         1     4.18838
Frame      81824    pt_id     1         2     0.05959         4     0.16327         3     0.40671         6     1.19644         5     3.38036         1     4.19689
Frame      81825    pt_id     1         2     0.05864         4     0.15810         3     0.40210         6     1.18721         5     3.38774         1     4.20277
Frame      81826    pt_id     1         2     0.06000         4     0.16066         3     0.40015         6     1.18956         5     3.38175         1     4.20091
Frame      81827    pt_id     1         2     0.06241         4     0.15734         3     0.39125         6     1.17525         5     3.35231         1     4.17809
Frame      81828    pt_id     1         2     0.06304         4     0.15482         3     0.38942         6     1.16993         5     3.34610         1     4.17522
Frame      81829    pt_id     1         2     0.06433         4     0.15777         3     0.38803         6     1.17253         5     3.33565         1     4.16794
Frame      81830    pt_id     1         2     0.06577         4     0.15045         3     0.37448         6     1.14728         5     3.30484         1     4.13589
Frame      81831    pt_id     1         2     0.06726         4     0.14490         3     0.36664         6     1.13149         5     3.29091         1     4.12572
Frame      81832    pt_id     1         2     0.06682         4     0.13972         3     0.35961         6     1.11549         5     3.28168         1     4.10959
Frame      81833    pt_id     1         2     0.06832         4     0.13550         3     0.35254         6     1.10127         5     3.26175         1     4.09063
Frame      81834    pt_id     1         2     0.07238         4     0.13237         3     0.34594         6     1.08646         5     3.23248         1     4.07247
Frame      81835    pt_id     1         2     0.07608         4     0.13058         3     0.33797         6     1.07113         5     3.19808         1     4.04334
Frame      81836    pt_id     1         2     0.07624         4     0.12755         3     0.33644         6     1.06461         5     3.19457         1     4.03879
Frame      81837    pt_id     1         2     0.07483         4     0.12657         3     0.33760         6     1.06589         5     3.20731         1     4.04872
Frame      81838    pt_id     1         2     0.07793         4     0.13167         3     0.33431         6     1.06771         5     3.18348         1     4.03166
Frame      81839    pt_id     1         2     0.08273         4     0.12559         3     0.32043         6     1.04167         5     3.14265         1     3.99697
Frame      81840    pt_id     1         2     0.08337         4     0.12989         3     0.32621         6     1.05605         5     3.15126         1     4.01507
Frame      81841    pt_id     1         2     0.08817         4     0.13097         3     0.32319         6     1.04950         5     3.11828         1     3.99205
Frame      81842    pt_id     1         2     0.09500         4     0.13068         3     0.31454         6     1.03500         5     3.07502         1     3.96171
Frame      81843    pt_id     1         2     0.09899         4     0.13625         3     0.31107         6     1.03699         5     3.05134         1     3.94607
Frame      81844    pt_id     1         2     0.10005         4     0.13562         3     0.31209         6     1.03892         5     3.05482         1     3.95499
Frame      81845    pt_id     1         2     0.10038         4     0.14212         3     0.31368         6     1.05308         5     3.06093         1     3.96480
Frame      81846    pt_id     1         2     0.10760         4     0.14164         3     0.30620         6     1.03926         5     3.02357         1     3.94341
Frame      81847    pt_id     1         2     0.11471         4     0.13924         3     0.29531         6     1.01952         5     2.98319         1     3.91485
Frame      81848    pt_id     1         2     0.11367         4     0.13631         3     0.29140         6     1.01265         5     2.98363         1     3.91200
Frame      81849    pt_id     1         2     0.11767         4     0.13833         3     0.29055         6     1.00827         5     2.95907         1     3.89208
Frame      81850    pt_id     1         2     0.12046         4     0.13630         3     0.28505         6     0.99849         5     2.94512         1     3.88422
Frame      81851    pt_id     1         2     0.11919         4     0.14003         3     0.28543         6     1.00815         5     2.95529         1     3.89372
Frame      81852    pt_id     1         2     0.11429         4     0.14307         3     0.29253         6     1.02489         5     2.98616         1     3.91971
Frame      81853    pt_id     1         2     0.11334         4     0.14001         3     0.28992         6     1.01959         5     2.99133         1     3.92427
Frame      81854    pt_id     1         2     0.11784         4     0.14451         3     0.28650         6     1.01880         5     2.96755         1     3.90784
Frame      81855    pt_id     1         2     0.12094         4     0.14373         3     0.28360         6     1.01295         5     2.95517         1     3.90442
Frame      81856    pt_id     1         2     0.11975         4     0.14332         3     0.28542         6     1.01797         5     2.96988         1     3.92129
Frame      81857    pt_id     1         2     0.11825         4     0.15263         3     0.29232         6     1.03982         5     2.98387         1     3.93325
Frame      81858    pt_id     1         2     0.12039         4     0.15949         3     0.29793         6     1.05444         5     2.98693         1     3.94543
Frame      81859    pt_id     1         2     0.11864         4     0.15375         3     0.29747         6     1.05112         5     3.00514         1     3.96736
Frame      81860    pt_id     1         2     0.12036         4     0.15190         3     0.29475         6     1.04486         5     2.99644         1     3.96229
Frame      81861    pt_id     1         2     0.11932         4     0.14820         3     0.29305         6     1.04105         5     3.00765         1     3.97612
Frame      81862    pt_id     1         2     0.12408         4     0.15340         3     0.29236         6     1.04653         5     2.99488         1     3.97420
Frame      81863    pt_id     1         2     0.12835         4     0.15800         3     0.29449         6     1.05176         5     2.98163         1     3.97011
Frame      81864    pt_id     1         2     0.13160         4     0.14757         3     0.28237         6     1.02459         5     2.96280         1     3.95958
Frame      81865    pt_id     1         2     0.13236         4     0.14361         3     0.28337         6     1.01926         5     2.96414         1     3.96503
Frame      81866    pt_id     1         2     0.13534         4     0.14860         3     0.27742         6     1.01965         5     2.94837         1     3.95385
Frame      81867    pt_id     1         2     0.13983         4     0.14274         3     0.26918         6     1.00076         5     2.92915         1     3.94511
Frame      81868    pt_id     1         4     0.13381         2     0.14592         3     0.25839         6     0.97111         5     2.89551         1     3.91814
Frame      81869    pt_id     1         4     0.13588         2     0.14836         3     0.25504         6     0.97061         5     2.88734         1     3.91596
Frame      81870    pt_id     1         4     0.13490         2     0.14987         3     0.24735         6     0.96275         5     2.88102         1     3.91384
Frame      81871    pt_id     1         4     0.13879         2     0.15327         3     0.24278         6     0.95986         5     2.85957         1     3.89418
Frame      81872    pt_id     1         4     0.12975         2     0.15278         3     0.23473         6     0.93975         5     2.85879         1     3.89230
Frame      81873    pt_id     1         4     0.12667         2     0.15479         3     0.22606         6     0.92751         5     2.85404         1     3.88981
Frame      81874    pt_id     1         4     0.13424         2     0.15550         3     0.22525         6     0.93719         5     2.85421         1     3.88813
Frame      81875    pt_id     1         4     0.13679         2     0.15725         3     0.22355         6     0.93841         5     2.85390         1     3.89074
Frame      81876    pt_id     1         4     0.13132         2     0.15685         3     0.22242         6     0.92958         5     2.85377         1     3.89221
Frame      81877    pt_id     1         4     0.12856         2     0.15664         3     0.21857         6     0.92212         5     2.85148         1     3.88619
Frame      81878    pt_id     1         4     0.13364         2     0.15612         3     0.21989         6     0.93319         5     2.86414         1     3.89810
Frame      81879    pt_id     1         4     0.14401         2     0.15669         3     0.22638         6     0.95581         5     2.87935         1     3.91745
Frame      81880    pt_id     1         4     0.14075         2     0.15925         3     0.22206         6     0.94481         5     2.86537         1     3.90873
Frame      81881    pt_id     1         4     0.13420         2     0.16271         3     0.21393         6     0.92517         5     2.84852         1     3.89787
Frame      81882    pt_id     1         4     0.13337         2     0.17110         3     0.20351         6     0.90803         5     2.81579         1     3.87706
Frame      81883    pt_id     1         4     0.12555         2     0.17303         3     0.19810         6     0.88946         5     2.80911         1     3.87508
Frame      81884    pt_id     1         4     0.12202         2     0.18068         3     0.18810         6     0.86504         5     2.76945         1     3.84243
Frame      81885    pt_id     1         4     0.12244         3     0.17997         2     0.18595         6     0.85439         5     2.74843         1     3.82449
Frame      81886    pt_id     1         4     0.12071         3     0.17427         2     0.18958         6     0.84512         5     2.74646         1     3.82845
Frame      81887    pt_id     1         4     0.12281         3     0.16707         2     0.19864         6     0.83495         5     2.71945         1     3.81654
Frame      81888    pt_id     1         4     0.11476         3     0.16009         2     0.20335         6     0.81428         5     2.71051         1     3.81661
Frame      81889    pt_id     1         4     0.11129         3     0.15334         2     0.20752         6     0.79846         5     2.69943         1     3.80740
Frame      81890    pt_id     1         4     0.11384         3     0.15154         2     0.21031         6     0.80136         5     2.70175         1     3.81606
Frame      81891    pt_id     1         4     0.11955         3     0.15090         2     0.21475         6     0.80875         5     2.70069         1     3.82655
Frame      81892    pt_id     1         4     0.11959         3     0.14782         2     0.21748         6     0.80403         5     2.69833         1     3.82721
Frame      81893    pt_id     1         4     0.12581         3     0.14294         2     0.22622         6     0.80328         5     2.67441         1     3.81426
Frame      81894    pt_id     1         4     0.13544         3     0.15153         2     0.22348         6     0.83527         5     2.71125         1     3.85528
Frame      81895    pt_id     1         4     0.13084         3     0.14318         2     0.23000         6     0.81363         5     2.68947         1     3.83982
Frame      81896    pt_id     1         4     0.13696         3     0.14126         2     0.23568         6     0.81707         5     2.67430         1     3.82966
Frame      81897    pt_id     1         4     0.13462         3     0.13874         2     0.23681         6     0.81049         5     2.67583         1     3.83182
Frame      81898    pt_id     1         3     0.13541         4     0.13731         2     0.24117         6     0.80510         5     2.65528         1     3.81387
Frame      81899    pt_id     1         3     0.12545         4     0.13377         2     0.25160         6     0.77961         5     2.61819         1     3.78399
Frame      81900    pt_id     1         3     0.12159         4     0.13561         2     0.25624         6     0.77209         5     2.59978         1     3.76757
Frame      81901    pt_id     1         3     0.11047         4     0.12842         2     0.26874         6     0.73692         5     2.55503         1     3.73162
Frame      81902    pt_id     1         3     0.11035         4     0.13337         2     0.27342         6     0.74007         5     2.53935         1     3.72195
Frame      81903    pt_id     1         3     0.10813         4     0.13026         2     0.27666         6     0.73035         5     2.53251         1     3.71838
Frame      81904    pt_id     1         3     0.10232         4     0.12022         2     0.28140         6     0.70088         5     2.51053         1     3.69503
Frame      81905    pt_id     1         3     0.09992         4     0.12028         2     0.28411         6     0.69570         5     2.50408         1     3.68909
Frame      81906    pt_id     1         3     0.09690         4     0.12058         2     0.28484         6     0.69172         5     2.50179         1     3.68662
Frame      81907    pt_id     1         3     0.09478         4     0.12042         2     0.28837         6     0.68653         5     2.49730         1     3.68496
Frame      81908    pt_id     1         3     0.08999         4     0.13209         2     0.29923         6     0.69180         5     2.48331         1     3.67848
Frame      81909    pt_id     1         3     0.08851         4     0.12809         2     0.29834         6     0.68555         5     2.49125         1     3.68589
Frame      81910    pt_id     1         3     0.08457         4     0.11845         2     0.30140         6     0.66180         5     2.48229         1     3.67671
Frame      81911    pt_id     1         3     0.08211         4     0.12102         2     0.30019         6     0.66327         5     2.48874         1     3.67871
Frame      81912    pt_id     1         3     0.08205         4     0.12075         2     0.29888         6     0.66333         5     2.49481         1     3.68378
Frame      81913    pt_id     1         3     0.07384         4     0.12101         2     0.31139         6     0.64001         5     2.46019         1     3.65461
Frame      81914    pt_id     1         3     0.06805         4     0.12681         2     0.32416         6     0.63209         5     2.43988         1     3.64311
Frame      81915    pt_id     1         3     0.06914         4     0.12873         2     0.32377         6     0.63847         5     2.44706         1     3.65262
Frame      81916    pt_id     1         3     0.06114         4     0.12788         2     0.34046         6     0.60902         5     2.39498         1     3.61027
Frame      81917    pt_id     1         3     0.05687         4     0.13422         2     0.34978         6     0.60422         5     2.37706         1     3.59668
Frame      81918    pt_id     1         3     0.05406         4     0.12494         2     0.35117         6     0.58122         5     2.36922         1     3.58556
Frame      81919    pt_id     1         3     0.05047         4     0.12579         2     0.35937         6     0.56840         5     2.34746         1     3.56729
Frame      81920    pt_id     1         3     0.05049         4     0.12962         2     0.36194         6     0.57447         5     2.34810         1     3.57102
Frame      81921    pt_id     1         3     0.04607         4     0.12727         2     0.37216         6     0.55312         5     2.32528         1     3.55167
Frame      81922    pt_id     1         3     0.04324         4     0.12688         2     0.38229         6     0.53897         5     2.31212         1     3.54303
Frame      81923    pt_id     1         3     0.04494         4     0.12499         2     0.37600         6     0.54614         5     2.33266         1     3.56161
Frame      81924    pt_id     1         3     0.03983         4     0.12570         2     0.38364         6     0.52923         5     2.31773         1     3.54753
Frame      81925    pt_id     1         3     0.03250         4     0.13148         2     0.40525         6     0.50428         5     2.27487         1     3.51262
Frame      81926    pt_id     1         3     0.03365         4     0.13146         2     0.40185         6     0.51174         5     2.29516         1     3.53125
Frame      81927    pt_id     1         3     0.03366         4     0.12760         2     0.40216         6     0.50407         5     2.29204         1     3.52798
Frame      81928    pt_id     1         3     0.03204         4     0.12990         2     0.41029         6     0.49949         5     2.28909         1     3.53022
Frame      81929    pt_id     1         3     0.03316         4     0.13265         2     0.40761         6     0.51116         5     2.30776         1     3.54896
Frame      81930    pt_id     1         3     0.03168         4     0.13713         2     0.41210         6     0.51201         5     2.30951         1     3.55245
Frame      81931    pt_id     1         3     0.03143         4     0.14492         2     0.41727         6     0.52147         5     2.31426         1     3.56257
Frame      81932    pt_id     1         3     0.02906         4     0.15016         2     0.42735         6     0.51518         5     2.31197         1     3.56120
Frame      81933    pt_id     1         3     0.02858         4     0.16218         2     0.43585         6     0.52417         5     2.31358         1     3.56385
Frame      81934    pt_id     1         3     0.03232         4     0.15062         2     0.42078         6     0.52834         5     2.34635         1     3.59106
Frame      81935    pt_id     1         3     0.03496         4     0.14799         2     0.41498         6     0.53399         5     2.37104         1     3.61374
Frame      81936    pt_id     1         3     0.03414         4     0.14425         2     0.42010         6     0.51706         5     2.37329         1     3.61347
Frame      81937    pt_id     1         3     0.03606         4     0.14584         2     0.41883         6     0.52385         5     2.39387         1     3.63068
Frame      81938    pt_id     1         3     0.03518         4     0.14398         2     0.42000         6     0.51743         5     2.38622         1     3.62348
Frame      81939    pt_id     1         3     0.03210         4     0.14635         2     0.43330         6     0.49966         5     2.36786         1     3.60746
Frame      81940    pt_id     1         3     0.02846         4     0.15095         2     0.45003         6     0.47854         5     2.33335         1     3.57747
Frame      81941    pt_id     1         3     0.02629         4     0.15096         2     0.45455         6     0.47211         5     2.32370         1     3.56826
Frame      81942    pt_id     1         3     0.02714         4     0.15451         2     0.45550         6     0.47708         5     2.32610         1     3.57183
Frame      81943    pt_id     1         3     0.02569         4     0.14951         6     0.45848         2     0.46065         5     2.31109         1     3.55806
Frame      81944    pt_id     1         3     0.02071         4     0.16406         6     0.45227         2     0.48249         5     2.27529         1     3.53071
Frame      81945    pt_id     1         3     0.01936         4     0.16187         6     0.43606         2     0.49031         5     2.26249         1     3.51944
Frame      81946    pt_id     1         3     0.01883         4     0.15985         6     0.43323         2     0.49207         5     2.26441         1     3.52413
Frame      81947    pt_id     1         3     0.01804         4     0.15969         6     0.42445         2     0.49799         5     2.25456         1     3.51778
Frame      81948    pt_id     1         3     0.01771         4     0.16603         6     0.42041         2     0.50823         5     2.24870         1     3.51292
Frame      81949    pt_id     1         3     0.01598         4     0.16596         6     0.40221         2     0.51869         5     2.22438         1     3.49075
Frame      81950    pt_id     1         3     0.01636         4     0.16713         6     0.40869         2     0.51712         5     2.23315         1     3.49968
Frame      81951    pt_id     1         3     0.01944         4     0.16644         6     0.41549         2     0.51091         5     2.25620         1     3.51779
Frame      81952    pt_id     1         3     0.01634         4     0.17720         6     0.39534         2     0.53679         5     2.21694         1     3.48513
Frame      81953    pt_id     1         3     0.01409         4     0.18515         6     0.36783         2     0.56619         5     2.17997         1     3.45469
Frame      81954    pt_id     1         3     0.01420         4     0.18856         6     0.36752         2     0.57070         5     2.17867         1     3.45372
Frame      81955    pt_id     1         3     0.01514         4     0.19096         6     0.37910         2     0.56587         5     2.19346         1     3.46454
Frame      81956    pt_id     1         3     0.01425         4     0.19914         6     0.36056         2     0.58850         5     2.16255         1     3.43973
Frame      81957    pt_id     1         3     0.01466         4     0.20114         6     0.34220         2     0.60291         5     2.14399         1     3.42363
Frame      81958    pt_id     1         3     0.01654         4     0.20287         6     0.33497         2     0.60961         5     2.14178         1     3.42329
Frame      81959    pt_id     1         3     0.01842         4     0.19680         6     0.34301         2     0.59772         5     2.17068         1     3.44721
Frame      81960    pt_id     1         3     0.02105         4     0.19963         6     0.33095         2     0.61099         5     2.17056         1     3.44883
Frame      81961    pt_id     1         3     0.02236         4     0.20132         6     0.30546         2     0.63131         5     2.14627         1     3.42843
Frame      81962    pt_id     1         3     0.02622         4     0.18899         6     0.29124         2     0.62819         5     2.16466         1     3.44305
Frame      81963    pt_id     1         3     0.02947         4     0.18612         6     0.30500         2     0.61511         5     2.19843         1     3.47026
Frame      81964    pt_id     1         3     0.03245         4     0.18294         6     0.30444         2     0.61221         5     2.21113         1     3.48131
Frame      81965    pt_id     1         3     0.03421         4     0.19229         6     0.29366         2     0.63228         5     2.19449         1     3.47086
Frame      81966    pt_id     1         3     0.03944         4     0.20170         6     0.29966         2     0.63992         5     2.20507         1     3.47896
Frame      81967    pt_id     1         3     0.04561         4     0.21931         6     0.30328         2     0.66081         5     2.20794         1     3.48294
Frame      81968    pt_id     1         3     0.04775         4     0.21946         6     0.29505         2     0.66849         5     2.21361         1     3.48726
Frame      81969    pt_id     1         3     0.05093         4     0.23203         6     0.28010         2     0.69559         5     2.18595         1     3.46731
Frame      81970    pt_id     1         3     0.05168         4     0.22557         6     0.26010         2     0.70134         5     2.16930         1     3.45124
Frame      81971    pt_id     1         3     0.05051         4     0.22074         6     0.26101         2     0.69463         5     2.17231         1     3.45466
Frame      81972    pt_id     1         3     0.05146         4     0.22638         6     0.26783         2     0.69663         5     2.17451         1     3.45650
Frame      81973    pt_id     1         3     0.05129         4     0.22036         6     0.26822         2     0.68884         5     2.18049         1     3.46148
Frame      81974    pt_id     1         3     0.05583         4     0.22867         6     0.24427         2     0.71774         5     2.15347         1     3.43958
Frame      81975    pt_id     1         3     0.05777         4     0.22181         6     0.23517         2     0.71657         5     2.15470         1     3.44055
Frame      81976    pt_id     1         3     0.05467         4     0.21469         6     0.24292         2     0.70192         5     2.16809         1     3.45217
Frame      81977    pt_id     1         3     0.05778         4     0.20515         6     0.21272         2     0.71400         5     2.14743         1     3.43425
Frame      81978    pt_id     1         3     0.05774         4     0.19958         6     0.21330         2     0.70633         5     2.14976         1     3.43579
Frame      81979    pt_id     1         3     0.05771         4     0.19709         6     0.20871         2     0.70714         5     2.14762         1     3.43389
Frame      81980    pt_id     1         3     0.06059         6     0.19879         4     0.21222         2     0.73381         5     2.12521         1     3.41649
Frame      81981    pt_id     1         3     0.07262         6     0.18156         4     0.22949         2     0.77132         5     2.11277         1     3.40796
Frame      81982    pt_id     1         3     0.08246         6     0.16632         4     0.23919         2     0.79762         5     2.10016         1     3.39939
Frame      81983    pt_id     1         3     0.09038         6     0.16178         4     0.25052         2     0.81778         5     2.10321         1     3.40329
Frame      81984    pt_id     1         3     0.08996         6     0.16621         4     0.24383         2     0.80692         5     2.12487         1     3.42065
Frame      81985    pt_id     1         3     0.10384         6     0.14646         4     0.26476         2     0.85132         5     2.09448         1     3.39673
Frame      81986    pt_id     1         3     0.11906         6     0.13221         4     0.27791         2     0.88355         5     2.08995         1     3.39436
Frame      81987    pt_id     1         3     0.11802         6     0.14415         4     0.27794         2     0.87406         5     2.11302         1     3.41240
Frame      81988    pt_id     1         3     0.12666         6     0.13953         4     0.28964         2     0.89544         5     2.11573         1     3.41538
Frame      81989    pt_id     1         6     0.13198         3     0.13970         4     0.30474         2     0.92459         5     2.11403         1     3.41603
Frame      81990    pt_id     1         6     0.13293         3     0.14528         4     0.30116         2     0.92239         5     2.14051         1     3.43804
Frame      81991    pt_id     1         6     0.12661         3     0.15057         4     0.30663         2     0.93592         5     2.13589         1     3.43401
Frame      81992    pt_id     1         6     0.12966         3     0.15762         4     0.31796         2     0.94979         5     2.14129         1     3.43930
Frame      81993    pt_id     1         6     0.12039         3     0.15805         4     0.32004         2     0.95988         5     2.12218         1     3.42519
Frame      81994    pt_id     1         6     0.12508         3     0.16531         4     0.32780         2     0.96774         5     2.13245         1     3.43374
Frame      81995    pt_id     1         6     0.12978         3     0.16384         4     0.31780         2     0.95186         5     2.15871         1     3.45292
Frame      81996    pt_id     1         6     0.11168         3     0.17972         4     0.33244         2     0.98969         5     2.13729         1     3.43808
Frame      81997    pt_id     1         6     0.10983         3     0.19079         4     0.35130         2     1.01825         5     2.12840         1     3.43365
Frame      81998    pt_id     1         6     0.10258         3     0.20343         4     0.36897         2     1.05027         5     2.11624         1     3.42518
Frame      81999    pt_id     1         6     0.09602         3     0.21656         4     0.38317         2     1.07764         5     2.10639         1     3.41944
Frame      82000    pt_id     1         6     0.09841         3     0.22851         4     0.40627         2     1.10839         5     2.09684         1     3.41437
Frame      82001    pt_id     1         6     0.10458         3     0.21867         4     0.38737         2     1.07640         5     2.11180         1     3.42582
Frame      82002    pt_id     1         6     0.09060         3     0.21831         4     0.37735         2     1.07547         5     2.09922         1     3.41643
Frame      82003    pt_id     1         6     0.08310         3     0.23068         4     0.38684         2     1.09787         5     2.09788         1     3.41544
Frame      82004    pt_id     1         6     0.06570         3     0.24944         4     0.40810         2     1.14569         5     2.06552         1     3.39312
Frame      82005    pt_id     1         6     0.06699         3     0.24939         4     0.40387         2     1.13990         5     2.07510         1     3.40215
Frame      82006    pt_id     1         6     0.06187         3     0.26022         4     0.42601         2     1.17570         5     2.05783         1     3.39005
Frame      82007    pt_id     1         6     0.05532         3     0.27413         4     0.43268         2     1.19546         5     2.05866         1     3.39342
Frame      82008    pt_id     1         6     0.05075         3     0.28026         4     0.43615         2     1.20613         5     2.04997         1     3.38845
Frame      82009    pt_id     1         6     0.05170         3     0.27077         4     0.42246         2     1.18471         5     2.05643         1     3.39082
Frame      82010    pt_id     1         6     0.05170         3     0.27077         4     0.42246         2     1.18471         5     2.05643         1     3.39082
Frame      82011    pt_id     1         6     0.05170         3     0.27077         4     0.42246         2     1.18471         5     2.05643         1     3.39082
Frame      82012    pt_id     1         6     0.05170         3     0.27077         4     0.42246         2     1.18471         5     2.05643         1     3.39082
