Frame      75304    pt_id     1         2     0.09927         4     0.13962         3     0.55295         6     1.30955         5     4.10664         1     5.03492
Frame      75305    pt_id     1         4     0.07057         2     0.12423         3     0.44083         6     1.07442         5     3.80825         1     4.77296
Frame      75306    pt_id     1         4     0.06545         2     0.12458         3     0.43209         6     1.05888         5     3.77835         1     4.74387
Frame      75307    pt_id     1         4     0.07979         2     0.11617         3     0.43936         6     1.10019         5     3.80895         1     4.77301
Frame      75308    pt_id     1         4     0.08893         2     0.10796         3     0.45535         6     1.13471         5     3.84306         1     4.79146
Frame      75309    pt_id     1         4     0.08319         2     0.11039         3     0.44582         6     1.11670         5     3.81887         1     4.77342
Frame      75310    pt_id     1         4     0.08761         2     0.10960         3     0.45174         6     1.13033         5     3.83914         1     4.79387
Frame      75311    pt_id     1         4     0.08566         2     0.10991         3     0.44500         6     1.12339         5     3.82516         1     4.78293
Frame      75312    pt_id     1         4     0.05795         2     0.12642         3     0.40996         6     1.02873         5     3.71485         1     4.68691
Frame      75313    pt_id     1         4     0.04855         2     0.13572         3     0.40061         6     0.99350         5     3.67989         1     4.65745
Frame      75314    pt_id     1         4     0.01768         2     0.18594         3     0.34933         6     0.83429         5     3.47800         1     4.48264
Frame      75315    pt_id     1         4     0.01398         2     0.20656         3     0.34629         6     0.79701         5     3.43398         1     4.44428
Frame      75316    pt_id     1         4     0.01302         2     0.20751         3     0.33827         6     0.78922         5     3.41596         1     4.42993
Frame      75317    pt_id     1         4     0.00962         2     0.22037         3     0.32770         6     0.75676         5     3.37478         1     4.39360
Frame      75318    pt_id     1         4     0.00833         2     0.28366         3     0.31504         6     0.65821         5     3.25733         1     4.29989
Frame      75319    pt_id     1         4     0.01081         3     0.31102         2     0.31351         6     0.61560         5     3.19962         1     4.24922
Frame      75320    pt_id     1         4     0.02188         3     0.30690         2     0.37646         6     0.54174         5     3.09641         1     4.16228
Frame      75321    pt_id     1         4     0.02953         3     0.30998         2     0.40714         6     0.51225         5     3.05510         1     4.12694
Frame      75322    pt_id     1         4     0.02061         3     0.29805         2     0.38128         6     0.52320         5     3.06295         1     4.13083
Frame      75323    pt_id     1         4     0.02232         3     0.28611         2     0.39546         6     0.49630         5     3.01251         1     4.08717
Frame      75324    pt_id     1         4     0.01752         3     0.28486         2     0.37399         6     0.51752         5     3.04167         1     4.10897
Frame      75325    pt_id     1         4     0.01064         3     0.26422         2     0.35268         6     0.51981         5     3.02615         1     4.09245
Frame      75326    pt_id     1         4     0.01660         3     0.25760         2     0.38479         6     0.47862         5     2.96212         1     4.03867
Frame      75327    pt_id     1         4     0.02252         3     0.25950         2     0.40739         6     0.45802         5     2.93022         1     4.01175
Frame      75328    pt_id     1         4     0.02034         3     0.24695         2     0.40299         6     0.45065         5     2.91013         1     3.99374
Frame      75329    pt_id     1         4     0.02938         3     0.24148         6     0.41161         2     0.43872         5     2.84968         1     3.94596
Frame      75330    pt_id     1         4     0.04295         3     0.25027         6     0.38205         2     0.48081         5     2.80890         1     3.91423
Frame      75331    pt_id     1         4     0.05398         3     0.25148         6     0.35453         2     0.51380         5     2.76590         1     3.87983
Frame      75332    pt_id     1         4     0.05926         3     0.25884         6     0.35192         2     0.52629         5     2.76390         1     3.87864
Frame      75333    pt_id     1         4     0.07102         3     0.25749         6     0.32759         2     0.55653         5     2.71123         1     3.83310
Frame      75334    pt_id     1         4     0.05908         3     0.24434         6     0.33784         2     0.52762         5     2.72110         1     3.84074
Frame      75335    pt_id     1         4     0.06366         3     0.24637         6     0.32966         2     0.54027         5     2.70971         1     3.83320
Frame      75336    pt_id     1         4     0.08237         3     0.27062         6     0.31619         2     0.58508         5     2.69968         1     3.82862
Frame      75337    pt_id     1         4     0.09947         3     0.28109         6     0.29668         2     0.62504         5     2.66739         1     3.80423
Frame      75338    pt_id     1         4     0.07405         3     0.26023         6     0.32350         2     0.56519         5     2.70310         1     3.83134
Frame      75339    pt_id     1         4     0.07073         3     0.25667         6     0.32979         2     0.55561         5     2.71145         1     3.83586
Frame      75340    pt_id     1         4     0.03685         3     0.23651         6     0.39048         2     0.46128         5     2.79672         1     3.90202
Frame      75341    pt_id     1         4     0.02545         3     0.22985         6     0.42031         2     0.42281         5     2.83598         1     3.93087
Frame      75342    pt_id     1         4     0.03476         3     0.22814         6     0.38975         2     0.45426         5     2.78549         1     3.88752
Frame      75343    pt_id     1         4     0.02708         3     0.23429         6     0.41818         2     0.42856         5     2.84329         1     3.93693
Frame      75344    pt_id     1         4     0.02179         3     0.22261         2     0.41024         6     0.42506         5     2.83837         1     3.92953
Frame      75345    pt_id     1         4     0.01920         3     0.22859         2     0.39858         6     0.44209         5     2.86435         1     3.95140
Frame      75346    pt_id     1         4     0.01255         3     0.22005         2     0.37009         6     0.46387         5     2.88639         1     3.96603
Frame      75347    pt_id     1         4     0.01667         3     0.21983         2     0.38839         6     0.44417         5     2.85852         1     3.94178
Frame      75348    pt_id     1         4     0.01985         3     0.21849         2     0.40061         6     0.43073         5     2.83743         1     3.92236
Frame      75349    pt_id     1         4     0.01728         3     0.22530         2     0.38969         6     0.44608         5     2.86572         1     3.94548
Frame      75350    pt_id     1         4     0.02238         3     0.21789         2     0.40818         6     0.42297         5     2.81641         1     3.90128
Frame      75351    pt_id     1         4     0.02210         3     0.21613         2     0.40593         6     0.42515         5     2.81050         1     3.89742
Frame      75352    pt_id     1         4     0.01575         3     0.21196         2     0.38175         6     0.44667         5     2.83981         1     3.92457
Frame      75353    pt_id     1         4     0.01572         3     0.21225         2     0.38170         6     0.44598         5     2.83923         1     3.92178
Frame      75354    pt_id     1         4     0.01902         3     0.22351         2     0.39573         6     0.44155         5     2.85312         1     3.93621
Frame      75355    pt_id     1         4     0.02323         3     0.22255         2     0.40913         6     0.42764         5     2.81946         1     3.90396
Frame      75356    pt_id     1         4     0.02380         3     0.21761         2     0.41054         6     0.42358         5     2.80152         1     3.89014
Frame      75357    pt_id     1         4     0.01778         3     0.22005         2     0.38714         6     0.44853         5     2.84110         1     3.92413
Frame      75358    pt_id     1         4     0.02898         3     0.22828         6     0.41885         2     0.42659         5     2.79956         1     3.89252
Frame      75359    pt_id     1         4     0.03085         3     0.22541         6     0.40940         2     0.43353         5     2.78076         1     3.87504
Frame      75360    pt_id     1         4     0.03159         3     0.22709         6     0.40461         2     0.43901         5     2.78286         1     3.88025
Frame      75361    pt_id     1         4     0.04945         3     0.24483         6     0.36938         2     0.49471         5     2.75271         1     3.85954
Frame      75362    pt_id     1         4     0.06774         3     0.26092         6     0.34289         2     0.54325         5     2.72235         1     3.83549
Frame      75363    pt_id     1         4     0.04844         3     0.24692         6     0.37768         2     0.48800         5     2.75580         1     3.85905
Frame      75364    pt_id     1         4     0.03066         3     0.22720         6     0.41327         2     0.43022         5     2.77783         1     3.86899
Frame      75365    pt_id     1         4     0.02158         3     0.21620         2     0.40105         6     0.43075         5     2.79919         1     3.88607
Frame      75366    pt_id     1         4     0.01976         3     0.21679         2     0.39448         6     0.43686         5     2.81167         1     3.89450
Frame      75367    pt_id     1         4     0.01459         3     0.20478         2     0.37032         6     0.45327         5     2.81607         1     3.89387
Frame      75368    pt_id     1         4     0.00594         3     0.19558         2     0.31528         6     0.50902         5     2.86784         1     3.93236
Frame      75369    pt_id     1         4     0.00374         3     0.19374         2     0.26885         6     0.56915         5     2.93008         1     3.98194
Frame      75370    pt_id     1         4     0.00661         3     0.19715         2     0.23411         6     0.62339         5     2.97346         1     4.01162
Frame      75371    pt_id     1         4     0.01083         3     0.18292         2     0.23071         6     0.62392         5     2.94021         1     3.97928
Frame      75372    pt_id     1         4     0.02382         2     0.19265         3     0.19291         6     0.70469         5     3.00422         1     4.02854
Frame      75373    pt_id     1         4     0.02294         3     0.17392         2     0.21144         6     0.66325         5     2.93784         1     3.97253
Frame      75374    pt_id     1         4     0.02499         3     0.17636         2     0.20455         6     0.67615         5     2.94481         1     3.97305
Frame      75375    pt_id     1         4     0.02922         2     0.18723         3     0.18995         6     0.71767         5     2.99887         1     4.01711
Frame      75376    pt_id     1         4     0.04502         2     0.15658         3     0.21860         6     0.80693         5     3.10623         1     4.10602
Frame      75377    pt_id     1         4     0.05641         2     0.14483         3     0.23065         6     0.85012         5     3.14120         1     4.13395
Frame      75378    pt_id     1         4     0.06540         2     0.13089         3     0.25181         6     0.89728         5     3.19933         1     4.17807
Frame      75379    pt_id     1         4     0.07058         2     0.12487         3     0.25879         6     0.91737         5     3.20119         1     4.17585
Frame      75380    pt_id     1         4     0.07302         2     0.11995         3     0.26762         6     0.93317         5     3.22492         1     4.19263
Frame      75381    pt_id     1         4     0.09489         2     0.10605         3     0.30244         6     1.01393         5     3.32689         1     4.28196
Frame      75382    pt_id     1         4     0.09640         2     0.10394         3     0.30818         6     1.02413         5     3.34798         1     4.29965
Frame      75383    pt_id     1         2     0.09547         4     0.10440         3     0.33124         6     1.06558         5     3.40613         1     4.34813
Frame      75384    pt_id     1         2     0.09252         4     0.11084         3     0.34076         6     1.08605         5     3.42667         1     4.36385
Frame      75385    pt_id     1         2     0.08976         4     0.11299         3     0.34468         6     1.09302         5     3.42583         1     4.35558
Frame      75386    pt_id     1         2     0.09205         4     0.10824         3     0.33384         6     1.07299         5     3.38882         1     4.32058
Frame      75387    pt_id     1         2     0.08712         4     0.11498         3     0.35022         6     1.10234         5     3.43247         1     4.35582
Frame      75388    pt_id     1         2     0.09308         4     0.10623         3     0.33105         6     1.06712         5     3.38701         1     4.31948
Frame      75389    pt_id     1         2     0.08731         4     0.11096         3     0.34705         6     1.09228         5     3.42929         1     4.34909
Frame      75390    pt_id     1         2     0.09173         4     0.10757         3     0.33412         6     1.07328         5     3.40167         1     4.32899
Frame      75391    pt_id     1         2     0.08742         4     0.11872         3     0.34797         6     1.10749         5     3.43424         1     4.35422
Frame      75392    pt_id     1         2     0.08531         4     0.12857         3     0.35885         6     1.13471         5     3.45586         1     4.37352
Frame      75393    pt_id     1         2     0.08391         4     0.13700         3     0.36480         6     1.15356         5     3.46660         1     4.37838
Frame      75394    pt_id     1         2     0.08864         4     0.12538         3     0.34632         6     1.11677         5     3.42723         1     4.34796
Frame      75395    pt_id     1         2     0.09011         4     0.12739         3     0.34344         6     1.11593         5     3.41384         1     4.33794
Frame      75396    pt_id     1         2     0.09277         4     0.12270         3     0.33422         6     1.09795         5     3.39474         1     4.32183
Frame      75397    pt_id     1         2     0.09530         4     0.12153         3     0.32723         6     1.08850         5     3.37607         1     4.30861
Frame      75398    pt_id     1         2     0.09252         4     0.12703         3     0.33775         6     1.10928         5     3.40182         1     4.33094
Frame      75399    pt_id     1         2     0.09584         4     0.12292         3     0.32954         6     1.09463         5     3.39074         1     4.32645
Frame      75400    pt_id     1         2     0.09156         4     0.12282         3     0.33875         6     1.10463         5     3.41032         1     4.33774
Frame      75401    pt_id     1         2     0.09048         4     0.12443         3     0.33929         6     1.10726         5     3.40323         1     4.32730
Frame      75402    pt_id     1         2     0.09226         4     0.11517         3     0.32901         6     1.08055         5     3.37660         1     4.30175
Frame      75403    pt_id     1         2     0.09395         4     0.11120         3     0.32216         6     1.06528         5     3.35377         1     4.28028
Frame      75404    pt_id     1         2     0.09680         4     0.10395         3     0.31430         6     1.04204         5     3.33405         1     4.26298
Frame      75405    pt_id     1         4     0.08797         2     0.10450         3     0.29362         6     0.99041         5     3.28626         1     4.22223
Frame      75406    pt_id     1         4     0.08641         2     0.10371         3     0.29300         6     0.98537         5     3.27537         1     4.20688
Frame      75407    pt_id     1         4     0.07255         2     0.11126         3     0.27621         6     0.93807         5     3.21986         1     4.15550
Frame      75408    pt_id     1         4     0.06613         2     0.11464         3     0.26999         6     0.91766         5     3.20252         1     4.13894
Frame      75409    pt_id     1         4     0.06493         2     0.11690         3     0.26677         6     0.91105         5     3.19573         1     4.13573
Frame      75410    pt_id     1         4     0.06062         2     0.12938         3     0.24417         6     0.87246         5     3.13446         1     4.08895
Frame      75411    pt_id     1         4     0.05213         2     0.13729         3     0.23625         6     0.84435         5     3.11572         1     4.07896
Frame      75412    pt_id     1         4     0.05819         2     0.13499         3     0.23792         6     0.86022         5     3.13062         1     4.09403
Frame      75413    pt_id     1         4     0.05360         2     0.14077         3     0.23116         6     0.84322         5     3.11878         1     4.08964
Frame      75414    pt_id     1         4     0.05362         2     0.14357         3     0.22710         6     0.83789         5     3.10992         1     4.08545
Frame      75415    pt_id     1         4     0.06041         2     0.14008         3     0.22927         6     0.85641         5     3.11480         1     4.09063
Frame      75416    pt_id     1         4     0.06789         2     0.13406         3     0.23729         6     0.88365         5     3.13455         1     4.10831
Frame      75417    pt_id     1         4     0.07988         2     0.12522         3     0.25369         6     0.92900         5     3.18935         1     4.15692
Frame      75418    pt_id     1         4     0.09048         2     0.11747         3     0.26690         6     0.96418         5     3.21520         1     4.17317
Frame      75419    pt_id     1         4     0.09381         2     0.11635         3     0.26732         6     0.96996         5     3.20723         1     4.16270
Frame      75420    pt_id     1         2     0.10208         4     0.10675         3     0.30073         6     1.03308         5     3.29335         1     4.23199
Frame      75421    pt_id     1         2     0.10469         4     0.10780         3     0.29339         6     1.02395         5     3.26701         1     4.20706
Frame      75422    pt_id     1         2     0.09594         4     0.10938         3     0.31295         6     1.05072         5     3.32324         1     4.24852
Frame      75423    pt_id     1         2     0.09159         4     0.11634         3     0.32712         6     1.07576         5     3.35696         1     4.27535
Frame      75424    pt_id     1         2     0.08559         4     0.12634         3     0.34417         6     1.11070         5     3.38548         1     4.29447
Frame      75425    pt_id     1         2     0.08397         4     0.12733         3     0.35049         6     1.11835         5     3.40456         1     4.31066
Frame      75426    pt_id     1         2     0.08295         4     0.12393         3     0.35425         6     1.11791         5     3.42290         1     4.32852
Frame      75427    pt_id     1         2     0.08249         4     0.12432         3     0.35588         6     1.12031         5     3.42896         1     4.33370
Frame      75428    pt_id     1         2     0.09153         4     0.11115         3     0.32830         6     1.06856         5     3.36642         1     4.28692
Frame      75429    pt_id     1         2     0.09074         4     0.11320         3     0.33199         6     1.07499         5     3.37583         1     4.29473
Frame      75430    pt_id     1         4     0.08630         2     0.10345         3     0.29688         6     0.98913         5     3.28968         1     4.22477
Frame      75431    pt_id     1         2     0.08946         4     0.10096         3     0.33254         6     1.05667         5     3.38563         1     4.30022
Frame      75432    pt_id     1         2     0.09689         4     0.09866         3     0.31324         6     1.03103         5     3.32565         1     4.25609
Frame      75433    pt_id     1         2     0.09800         4     0.09846         3     0.30954         6     1.02803         5     3.31783         1     4.25040
Frame      75434    pt_id     1         4     0.09866         2     0.09899         3     0.31089         6     1.03037         5     3.33254         1     4.26846
Frame      75435    pt_id     1         4     0.09667         2     0.10273         3     0.30272         6     1.01762         5     3.31621         1     4.25790
Frame      75436    pt_id     1         4     0.09998         2     0.10428         3     0.30098         6     1.01999         5     3.31032         1     4.25507
Frame      75437    pt_id     1         4     0.09856         2     0.10512         3     0.29733         6     1.01248         5     3.30072         1     4.24380
Frame      75438    pt_id     1         2     0.09844         4     0.09939         3     0.31371         6     1.03339         5     3.34814         1     4.28001
Frame      75439    pt_id     1         4     0.08978         2     0.10353         3     0.30307         6     1.00368         5     3.32611         1     4.26414
Frame      75440    pt_id     1         2     0.09439         4     0.10841         3     0.32468         6     1.06157         5     3.37491         1     4.30120
Frame      75441    pt_id     1         4     0.08872         2     0.10688         3     0.29292         6     0.99154         5     3.29341         1     4.23839
Frame      75442    pt_id     1         4     0.08870         2     0.10621         3     0.29522         6     0.99391         5     3.30386         1     4.24732
Frame      75443    pt_id     1         4     0.09652         2     0.10029         3     0.30967         6     1.02461         5     3.33915         1     4.27535
Frame      75444    pt_id     1         4     0.09065         2     0.10829         3     0.28781         6     0.98836         5     3.27870         1     4.22311
Frame      75445    pt_id     1         4     0.09654         2     0.10312         3     0.29974         6     1.01337         5     3.30656         1     4.24544
Frame      75446    pt_id     1         4     0.09447         2     0.10214         3     0.30133         6     1.01265         5     3.31523         1     4.25195
Frame      75447    pt_id     1         4     0.08560         2     0.11108         3     0.28330         6     0.97360         5     3.26864         1     4.21734
Frame      75448    pt_id     1         4     0.09001         2     0.11089         3     0.28267         6     0.98142         5     3.26212         1     4.21300
Frame      75449    pt_id     1         4     0.09495         2     0.10915         3     0.28808         6     0.99795         5     3.27919         1     4.23102
Frame      75450    pt_id     1         4     0.09413         2     0.11103         3     0.28790         6     0.99607         5     3.28936         1     4.24549
Frame      75451    pt_id     1         2     0.10396         4     0.10896         3     0.30994         6     1.04672         5     3.35240         1     4.30040
Frame      75452    pt_id     1         4     0.10247         2     0.10565         3     0.30444         6     1.02999         5     3.34002         1     4.29033
Frame      75453    pt_id     1         4     0.09436         2     0.11249         3     0.28961         6     0.99774         5     3.30712         1     4.26613
Frame      75454    pt_id     1         4     0.09963         2     0.10369         3     0.31356         6     1.03617         5     3.37662         1     4.32625
Frame      75455    pt_id     1         4     0.07577         2     0.11704         3     0.28338         6     0.95693         5     3.30250         1     4.26475
Frame      75456    pt_id     1         4     0.07525         2     0.11867         3     0.28207         6     0.95381         5     3.30356         1     4.26817
Frame      75457    pt_id     1         4     0.09004         2     0.09988         3     0.31822         6     1.02618         5     3.38877         1     4.32795
Frame      75458    pt_id     1         4     0.09340         2     0.09696         3     0.32730         6     1.04241         5     3.41291         1     4.34921
Frame      75459    pt_id     1         4     0.09356         2     0.09868         3     0.31892         6     1.03367         5     3.38311         1     4.32123
Frame      75460    pt_id     1         2     0.09635         4     0.10101         3     0.32063         6     1.04772         5     3.37156         1     4.30581
Frame      75461    pt_id     1         4     0.09237         2     0.10414         3     0.29891         6     1.00748         5     3.31159         1     4.25572
Frame      75462    pt_id     1         2     0.09971         4     0.10247         3     0.30912         6     1.03708         5     3.33351         1     4.27157
Frame      75463    pt_id     1         2     0.09865         4     0.10654         3     0.31181         6     1.04649         5     3.33345         1     4.27025
Frame      75464    pt_id     1         4     0.09047         2     0.10765         3     0.28708         6     0.98992         5     3.26644         1     4.21390
Frame      75465    pt_id     1         2     0.09542         4     0.11168         3     0.32144         6     1.06722         5     3.35855         1     4.29163
Frame      75466    pt_id     1         2     0.10078         4     0.10844         3     0.30650         6     1.04391         5     3.30947         1     4.25098
Frame      75467    pt_id     1         2     0.10406         4     0.10729         3     0.30261         6     1.03868         5     3.30954         1     4.25978
Frame      75468    pt_id     1         2     0.10263         4     0.10776         3     0.30692         6     1.04530         5     3.32393         1     4.27231
Frame      75469    pt_id     1         2     0.09970         4     0.10705         3     0.31655         6     1.05554         5     3.36009         1     4.30506
Frame      75470    pt_id     1         4     0.08935         2     0.10909         3     0.29415         6     0.99945         5     3.31735         1     4.27352
Frame      75471    pt_id     1         4     0.09226         2     0.10783         3     0.29796         6     1.00891         5     3.32791         1     4.28352
Frame      75472    pt_id     1         4     0.09545         2     0.10121         3     0.31341         6     1.03223         5     3.36792         1     4.31280
Frame      75473    pt_id     1         4     0.08392         2     0.10728         3     0.29870         6     0.99476         5     3.33333         1     4.28345
Frame      75474    pt_id     1         4     0.09244         2     0.10406         3     0.30521         6     1.01836         5     3.34988         1     4.29625
Frame      75475    pt_id     1         4     0.09246         2     0.10606         3     0.29429         6     1.00474         5     3.30276         1     4.24943
Frame      75476    pt_id     1         4     0.09746         2     0.10160         3     0.30220         6     1.02242         5     3.31460         1     4.25361
Frame      75477    pt_id     1         4     0.09037         2     0.10842         3     0.28511         6     0.98943         5     3.26481         1     4.21235
Frame      75478    pt_id     1         4     0.08885         2     0.11345         3     0.27387         6     0.97221         5     3.23722         1     4.19002
Frame      75479    pt_id     1         4     0.08969         2     0.11451         3     0.27059         6     0.96912         5     3.22127         1     4.17511
Frame      75480    pt_id     1         4     0.10305         2     0.10592         3     0.29089         6     1.01704         5     3.26764         1     4.21241
Frame      75481    pt_id     1         2     0.09258         4     0.11685         3     0.32347         6     1.07717         5     3.34654         1     4.26831
Frame      75482    pt_id     1         2     0.10128         4     0.10435         3     0.30040         6     1.02999         5     3.28520         1     4.22215
Frame      75483    pt_id     1         2     0.09207         4     0.12674         3     0.32786         6     1.09621         5     3.34281         1     4.26426
Frame      75484    pt_id     1         2     0.08733         4     0.12289         3     0.33521         6     1.09722         5     3.36119         1     4.27009
Frame      75485    pt_id     1         2     0.08625         4     0.12027         3     0.33845         6     1.09673         5     3.38108         1     4.28759
Frame      75486    pt_id     1         2     0.09071         4     0.10200         3     0.32564         6     1.05376         5     3.36729         1     4.28146
Frame      75487    pt_id     1         2     0.08428         4     0.11305         3     0.34438         6     1.09134         5     3.41011         1     4.31243
Frame      75488    pt_id     1         2     0.08628         4     0.10964         3     0.33829         6     1.07875         5     3.39423         1     4.29968
Frame      75489    pt_id     1         2     0.09058         4     0.09860         3     0.32545         6     1.04546         5     3.36610         1     4.27667
Frame      75490    pt_id     1         2     0.08859         4     0.10029         3     0.33074         6     1.05369         5     3.38147         1     4.28701
Frame      75491    pt_id     1         4     0.08251         2     0.10055         3     0.30209         6     0.98967         5     3.31271         1     4.23563
Frame      75492    pt_id     1         2     0.09019         4     0.09430         3     0.32667         6     1.03879         5     3.37938         1     4.28561
Frame      75493    pt_id     1         2     0.09098         4     0.09111         3     0.32467         6     1.03146         5     3.37659         1     4.28306
Frame      75494    pt_id     1         2     0.08209         4     0.10740         3     0.35256         6     1.09053         5     3.44979         1     4.34513
Frame      75495    pt_id     1         2     0.08066         4     0.11099         3     0.35942         6     1.10489         5     3.46459         1     4.36046
Frame      75496    pt_id     1         2     0.07292         4     0.13302         3     0.38759         6     1.16934         5     3.52180         1     4.40206
Frame      75497    pt_id     1         2     0.07570         4     0.12160         3     0.37794         6     1.14209         5     3.50946         1     4.39712
Frame      75498    pt_id     1         2     0.07513         4     0.12137         3     0.37900         6     1.14254         5     3.50933         1     4.39561
Frame      75499    pt_id     1         2     0.07219         4     0.13437         3     0.39315         6     1.17846         5     3.54533         1     4.42525
Frame      75500    pt_id     1         2     0.07455         4     0.12351         3     0.38316         6     1.15019         5     3.52491         1     4.40973
Frame      75501    pt_id     1         2     0.06788         4     0.14512         3     0.41854         6     1.21965         5     3.60606         1     4.47673
Frame      75502    pt_id     1         2     0.07010         4     0.14520         3     0.41289         6     1.21454         5     3.59487         1     4.47293
Frame      75503    pt_id     1         2     0.07318         4     0.13347         3     0.40190         6     1.18567         5     3.58645         1     4.47252
Frame      75504    pt_id     1         2     0.07863         4     0.12385         3     0.37916         6     1.14694         5     3.52977         1     4.42803
Frame      75505    pt_id     1         2     0.07647         4     0.12836         3     0.38791         6     1.16296         5     3.55206         1     4.44583
Frame      75506    pt_id     1         2     0.07761         4     0.12994         3     0.38901         6     1.16678         5     3.56195         1     4.45867
Frame      75507    pt_id     1         2     0.07770         4     0.13974         3     0.38888         6     1.18278         5     3.55225         1     4.44784
Frame      75508    pt_id     1         2     0.07725         4     0.13615         3     0.39113         6     1.17962         5     3.56229         1     4.45809
Frame      75509    pt_id     1         2     0.07258         4     0.14219         3     0.40665         6     1.20389         5     3.58884         1     4.47408
Frame      75510    pt_id     1         2     0.07264         4     0.15118         3     0.40990         6     1.22154         5     3.58938         1     4.47506
Frame      75511    pt_id     1         2     0.07138         4     0.14922         3     0.40923         6     1.21759         5     3.58848         1     4.46791
Frame      75512    pt_id     1         2     0.06947         4     0.14706         3     0.41118         6     1.21584         5     3.58955         1     4.46266
Frame      75513    pt_id     1         2     0.06767         4     0.15659         3     0.42036         6     1.23891         5     3.59837         1     4.46575
Frame      75514    pt_id     1         2     0.06974         4     0.14900         3     0.40858         6     1.21602         5     3.56679         1     4.44119
Frame      75515    pt_id     1         2     0.07635         4     0.12935         3     0.37430         6     1.15036         5     3.48465         1     4.37290
Frame      75516    pt_id     1         2     0.07990         4     0.11708         3     0.35778         6     1.11266         5     3.44266         1     4.33650
Frame      75517    pt_id     1         2     0.08174         4     0.10534         3     0.35411         6     1.08700         5     3.43915         1     4.33512
Frame      75518    pt_id     1         2     0.08401         4     0.09937         3     0.34478         6     1.06643         5     3.41032         1     4.30847
Frame      75519    pt_id     1         4     0.08659         2     0.09033         3     0.32797         6     1.02540         5     3.36975         1     4.27556
Frame      75520    pt_id     1         4     0.08445         2     0.08930         3     0.33124         6     1.02470         5     3.38006         1     4.28127
Frame      75521    pt_id     1         4     0.07263         2     0.10360         3     0.29836         6     0.96547         5     3.29230         1     4.21826
Frame      75522    pt_id     1         4     0.05577         2     0.12490         3     0.26015         6     0.88331         5     3.19498         1     4.14342
Frame      75523    pt_id     1         4     0.05647         2     0.12364         3     0.26309         6     0.88912         5     3.20541         1     4.15399
Frame      75524    pt_id     1         4     0.05630         2     0.12595         3     0.25948         6     0.88516         5     3.20614         1     4.15854
Frame      75525    pt_id     1         4     0.06608         2     0.11559         3     0.27919         6     0.93096         5     3.26870         1     4.21414
Frame      75526    pt_id     1         4     0.06759         2     0.11762         3     0.27400         6     0.92790         5     3.25753         1     4.20646
Frame      75527    pt_id     1         4     0.07174         2     0.11824         3     0.27069         6     0.93353         5     3.25186         1     4.20447
Frame      75528    pt_id     1         4     0.08697         2     0.10823         3     0.29170         6     0.98736         5     3.31115         1     4.25416
Frame      75529    pt_id     1         4     0.09583         2     0.10640         3     0.30099         6     1.01373         5     3.33998         1     4.28595
Frame      75530    pt_id     1         4     0.08143         2     0.11623         3     0.27877         6     0.96260         5     3.28130         1     4.24153
Frame      75531    pt_id     1         4     0.08522         2     0.11102         3     0.29200         6     0.98694         5     3.32673         1     4.28147
Frame      75532    pt_id     1         4     0.09744         2     0.10028         3     0.31594         6     1.03766         5     3.38316         1     4.32465
Frame      75533    pt_id     1         4     0.09129         2     0.10015         3     0.31624         6     1.02675         5     3.38772         1     4.32612
Frame      75534    pt_id     1         4     0.08368         2     0.10069         3     0.31361         6     1.00958         5     3.37130         1     4.30958
Frame      75535    pt_id     1         4     0.07173         2     0.10778         3     0.29716         6     0.96659         5     3.32445         1     4.26738
Frame      75536    pt_id     1         4     0.07251         2     0.10434         3     0.30808         6     0.98070         5     3.35568         1     4.29447
Frame      75537    pt_id     1         4     0.06744         2     0.10847         3     0.30133         6     0.96228         5     3.34074         1     4.28399
Frame      75538    pt_id     1         4     0.02339         2     0.15727         3     0.24942         6     0.78368         5     3.16084         1     4.13450
Frame      75539    pt_id     1         4     0.01299         2     0.18465         3     0.23007         6     0.71393         5     3.08345         1     4.06962
Frame      75540    pt_id     1         4     0.02027         2     0.16312         3     0.24575         6     0.76640         5     3.14227         1     4.11688
Frame      75541    pt_id     1         4     0.02426         2     0.15598         3     0.24978         6     0.78537         5     3.15341         1     4.12587
Frame      75542    pt_id     1         4     0.02325         2     0.15874         3     0.25105         6     0.78397         5     3.16660         1     4.14632
Frame      75543    pt_id     1         4     0.00944         2     0.19924         3     0.22711         6     0.69026         5     3.06632         1     4.07159
Frame      75544    pt_id     1         4     0.01631         2     0.17717         3     0.23763         6     0.74028         5     3.12193         1     4.11771
Frame      75545    pt_id     1         4     0.01820         2     0.17493         3     0.23598         6     0.74816         5     3.12099         1     4.12148
Frame      75546    pt_id     1         4     0.01617         2     0.18477         3     0.22464         6     0.72375         5     3.08643         1     4.09526
Frame      75547    pt_id     1         4     0.01688         2     0.18385         3     0.22417         6     0.72553         5     3.08519         1     4.09358
Frame      75548    pt_id     1         4     0.04341         2     0.14506         3     0.24742         6     0.84097         5     3.19179         1     4.18269
Frame      75549    pt_id     1         4     0.06329         2     0.12341         3     0.27820         6     0.92633         5     3.28681         1     4.26183
Frame      75550    pt_id     1         4     0.06054         2     0.12649         3     0.27569         6     0.91625         5     3.28238         1     4.26103
Frame      75551    pt_id     1         4     0.05964         2     0.12144         3     0.28520         6     0.92615         5     3.30812         1     4.27588
Frame      75552    pt_id     1         4     0.06749         2     0.11180         3     0.30113         6     0.96211         5     3.34534         1     4.30122
Frame      75553    pt_id     1         4     0.08158         2     0.10465         3     0.31810         6     1.00789         5     3.39917         1     4.34882
Frame      75554    pt_id     1         4     0.08253         2     0.10223         3     0.32098         6     1.01387         5     3.40027         1     4.34659
Frame      75555    pt_id     1         4     0.09246         2     0.09397         3     0.34420         6     1.05653         5     3.46298         1     4.39637
Frame      75556    pt_id     1         4     0.06995         2     0.10465         3     0.31692         6     0.98326         5     3.38311         1     4.32500
Frame      75557    pt_id     1         4     0.05438         2     0.11506         3     0.30059         6     0.92891         5     3.32368         1     4.27183
Frame      75558    pt_id     1         4     0.04306         2     0.12529         3     0.28819         6     0.88793         5     3.28372         1     4.23915
Frame      75559    pt_id     1         4     0.04360         2     0.12369         3     0.28848         6     0.88885         5     3.27518         1     4.22629
Frame      75560    pt_id     1         4     0.03671         2     0.13367         3     0.27401         6     0.85299         5     3.23487         1     4.19248
Frame      75561    pt_id     1         4     0.03650         2     0.13434         3     0.27101         6     0.84936         5     3.22371         1     4.18191
Frame      75562    pt_id     1         4     0.03698         2     0.13498         3     0.26796         6     0.84723         5     3.21499         1     4.17549
Frame      75563    pt_id     1         4     0.03734         2     0.13715         3     0.26010         6     0.83865         5     3.19223         1     4.15445
Frame      75564    pt_id     1         4     0.03518         2     0.14242         3     0.25344         6     0.82444         5     3.17621         1     4.14455
Frame      75565    pt_id     1         4     0.02748         2     0.15610         3     0.24093         6     0.78614         5     3.13913         1     4.11816
Frame      75566    pt_id     1         4     0.04756         2     0.12710         3     0.27257         6     0.88343         5     3.24564         1     4.20844
Frame      75567    pt_id     1         4     0.06693         2     0.11087         3     0.29810         6     0.95901         5     3.33069         1     4.28367
Frame      75568    pt_id     1         4     0.09279         2     0.09592         3     0.32961         6     1.04491         5     3.41683         1     4.35402
Frame      75569    pt_id     1         4     0.08847         2     0.10198         3     0.31567         6     1.02207         5     3.38546         1     4.33311
Frame      75570    pt_id     1         2     0.09131         4     0.10360         3     0.34296         6     1.07958         5     3.45264         1     4.38354
Frame      75571    pt_id     1         2     0.09824         4     0.10119         3     0.32460         6     1.05550         5     3.40587         1     4.35045
Frame      75572    pt_id     1         4     0.08470         2     0.10830         3     0.29942         6     0.99700         5     3.34576         1     4.30163
Frame      75573    pt_id     1         2     0.09609         4     0.10992         3     0.33236         6     1.07913         5     3.42658         1     4.36827
Frame      75574    pt_id     1         4     0.09495         2     0.09969         3     0.31913         6     1.03844         5     3.39069         1     4.33590
Frame      75575    pt_id     1         4     0.08728         2     0.10445         3     0.30494         6     1.00810         5     3.34495         1     4.29693
Frame      75576    pt_id     1         4     0.06516         2     0.12064         3     0.27326         6     0.92680         5     3.26183         1     4.22958
Frame      75577    pt_id     1         4     0.03511         2     0.14812         3     0.24404         6     0.81738         5     3.16298         1     4.14758
Frame      75578    pt_id     1         4     0.02873         2     0.15697         3     0.24008         6     0.79268         5     3.14969         1     4.14074
Frame      75579    pt_id     1         4     0.01794         2     0.17440         3     0.23680         6     0.74929         5     3.13111         1     4.13081
Frame      75580    pt_id     1         4     0.00858         2     0.20674         3     0.22128         6     0.68031         5     3.06556         1     4.08679
Frame      75581    pt_id     1         4     0.00673         2     0.20923         3     0.22936         6     0.67991         5     3.08714         1     4.10759
Frame      75582    pt_id     1         4     0.00675         2     0.21040         3     0.22880         6     0.67818         5     3.08274         1     4.10651
Frame      75583    pt_id     1         4     0.00158         3     0.22009         2     0.25284         6     0.60658         5     3.01966         1     4.06295
Frame      75584    pt_id     1         4     0.00151         3     0.21441         2     0.27858         6     0.56788         5     2.98820         1     4.04216
Frame      75585    pt_id     1         4     0.00216         3     0.21587         2     0.29278         6     0.54915         5     2.97930         1     4.03482
Frame      75586    pt_id     1         4     0.00197         3     0.21617         2     0.28139         6     0.56396         5     2.98974         1     4.04158
Frame      75587    pt_id     1         4     0.00420         3     0.22212         2     0.23498         6     0.63705         5     3.06490         1     4.10190
Frame      75588    pt_id     1         4     0.00574         3     0.22202         2     0.22636         6     0.65121         5     3.07336         1     4.10788
Frame      75589    pt_id     1         4     0.00298         3     0.21725         2     0.24768         6     0.61255         5     3.03245         1     4.07284
Frame      75590    pt_id     1         4     0.00195         3     0.21344         2     0.26805         6     0.57883         5     2.99150         1     4.03728
Frame      75591    pt_id     1         4     0.00870         3     0.21421         2     0.34728         6     0.48007         5     2.88946         1     3.95668
Frame      75592    pt_id     1         4     0.00959         3     0.21815         2     0.35172         6     0.47739         5     2.88669         1     3.95081
Frame      75593    pt_id     1         4     0.01035         3     0.22188         2     0.35517         6     0.47638         5     2.88985         1     3.95262
Frame      75594    pt_id     1         4     0.01147         3     0.22608         2     0.36017         6     0.47454         5     2.88804         1     3.95251
Frame      75595    pt_id     1         4     0.00948         3     0.22722         2     0.34918         6     0.48797         5     2.90537         1     3.96679
Frame      75596    pt_id     1         4     0.00586         3     0.23252         2     0.32503         6     0.52061         5     2.95034         1     4.00390
Frame      75597    pt_id     1         4     0.01483         3     0.23965         2     0.37422         6     0.47210         5     2.90466         1     3.97037
Frame      75598    pt_id     1         4     0.03054         3     0.26000         6     0.42968         2     0.43446         5     2.87863         1     3.95663
Frame      75599    pt_id     1         4     0.01932         3     0.24890         2     0.39619         6     0.45649         5     2.91022         1     3.98125
Frame      75600    pt_id     1         4     0.01646         3     0.25047         2     0.38341         6     0.47143         5     2.93362         1     4.00027
Frame      75601    pt_id     1         4     0.00420         3     0.24438         2     0.31830         6     0.53837         5     3.00958         1     4.06086
Frame      75602    pt_id     1         4     0.00646         3     0.24812         2     0.33705         6     0.51953         5     3.00385         1     4.06278
Frame      75603    pt_id     1         4     0.00595         3     0.24686         2     0.33409         6     0.52061         5     3.00489         1     4.06233
Frame      75604    pt_id     1         4     0.00580         3     0.24270         2     0.33433         6     0.51722         5     2.99946         1     4.05913
Frame      75605    pt_id     1         4     0.00868         3     0.24132         2     0.35205         6     0.49635         5     2.97526         1     4.04029
Frame      75606    pt_id     1         4     0.02008         3     0.25579         2     0.40380         6     0.45460         5     2.94569         1     4.02100
Frame      75607    pt_id     1         4     0.01539         3     0.25555         2     0.38396         6     0.47473         5     2.97422         1     4.04412
Frame      75608    pt_id     1         4     0.01552         3     0.25346         2     0.38516         6     0.47139         5     2.96890         1     4.04024
Frame      75609    pt_id     1         4     0.02647         3     0.25926         2     0.42742         6     0.43539         5     2.91913         1     4.00233
Frame      75610    pt_id     1         4     0.01787         3     0.25286         2     0.39573         6     0.46057         5     2.95105         1     4.02850
Frame      75611    pt_id     1         4     0.02652         3     0.25708         2     0.42965         6     0.43080         5     2.91870         1     4.00527
Frame      75612    pt_id     1         4     0.02863         3     0.25109         6     0.41869         2     0.43792         5     2.89136         1     3.98234
Frame      75613    pt_id     1         4     0.02128         3     0.24883         2     0.41120         6     0.44384         5     2.92577         1     4.01245
Frame      75614    pt_id     1         4     0.02248         3     0.25333         2     0.41398         6     0.44667         5     2.93096         1     4.01775
Frame      75615    pt_id     1         4     0.01994         3     0.25583         2     0.40376         6     0.45965         5     2.95002         1     4.03670
Frame      75616    pt_id     1         4     0.01090         3     0.24826         2     0.36483         6     0.49281         5     2.98070         1     4.06082
Frame      75617    pt_id     1         4     0.00746         3     0.24791         2     0.34467         6     0.51405         5     3.00066         1     4.07413
Frame      75618    pt_id     1         4     0.00115         3     0.25431         2     0.29041         6     0.58373         5     3.08660         1     4.14323
Frame      75619    pt_id     1         4     0.00084         2     0.24460         3     0.26157         6     0.65212         5     3.16476         1     4.20596
Frame      75620    pt_id     1         4     0.00078         2     0.24789         3     0.25996         6     0.64765         5     3.15552         1     4.19934
Frame      75621    pt_id     1         4     0.00279         2     0.22585         3     0.26599         6     0.68710         5     3.20156         1     4.23998
Frame      75622    pt_id     1         4     0.00869         2     0.19757         3     0.28963         6     0.75540         5     3.30079         1     4.32671
Frame      75623    pt_id     1         4     0.00608         2     0.20843         3     0.28211         6     0.73015         5     3.26424         1     4.29636
Frame      75624    pt_id     1         4     0.00696         2     0.20426         3     0.28221         6     0.73745         5     3.26706         1     4.29937
Frame      75625    pt_id     1         4     0.01261         2     0.18454         3     0.28777         6     0.77871         5     3.31078         1     4.33587
Frame      75626    pt_id     1         4     0.01295         2     0.18343         3     0.28896         6     0.78127         5     3.31755         1     4.34046
Frame      75627    pt_id     1         4     0.01837         2     0.17090         3     0.29461         6     0.81266         5     3.35407         1     4.37138
Frame      75628    pt_id     1         4     0.01866         2     0.17125         3     0.28615         6     0.80689         5     3.33511         1     4.35427
Frame      75629    pt_id     1         4     0.01946         2     0.16919         3     0.29322         6     0.81691         5     3.35456         1     4.37266
Frame      75630    pt_id     1         4     0.02432         2     0.15975         3     0.30056         6     0.84244         5     3.38283         1     4.39586
Frame      75631    pt_id     1         4     0.03072         2     0.14788         3     0.31236         6     0.87603         5     3.41916         1     4.42161
Frame      75632    pt_id     1         4     0.03020         2     0.14878         3     0.30216         6     0.86499         5     3.38927         1     4.39229
Frame      75633    pt_id     1         4     0.04110         2     0.13354         3     0.32187         6     0.91908         5     3.45294         1     4.44427
Frame      75634    pt_id     1         4     0.06266         2     0.11653         3     0.34369         6     0.99393         5     3.52746         1     4.50842
Frame      75635    pt_id     1         4     0.06237         2     0.11834         3     0.33700         6     0.98514         5     3.50825         1     4.49149
Frame      75636    pt_id     1         4     0.04252         2     0.13510         3     0.31177         6     0.90982         5     3.42365         1     4.41932
Frame      75637    pt_id     1         4     0.02205         2     0.16325         3     0.28294         6     0.81538         5     3.31140         1     4.32568
Frame      75638    pt_id     1         4     0.00273         2     0.22603         3     0.25074         6     0.67220         5     3.14309         1     4.18519
Frame      75639    pt_id     1         4     0.00098         3     0.24371         2     0.24488         6     0.63864         5     3.10633         1     4.15532
Frame      75640    pt_id     1         4     0.00052         3     0.23267         2     0.27362         6     0.58977         5     3.04338         1     4.10437
Frame      75641    pt_id     1         4     0.00157         3     0.22389         2     0.29593         6     0.55594         5     3.00006         1     4.07211
Frame      75642    pt_id     1         4     0.00302         3     0.22473         2     0.31368         6     0.53467         5     2.98068         1     4.05867
Frame      75643    pt_id     1         4     0.00571         3     0.21626         2     0.33398         6     0.50377         5     2.94111         1     4.02790
Frame      75644    pt_id     1         4     0.01662         3     0.22733         2     0.39274         6     0.44706         5     2.88603         1     3.98131
Frame      75645    pt_id     1         4     0.01908         3     0.23794         2     0.40078         6     0.44754         5     2.89243         1     3.98691
Frame      75646    pt_id     1         4     0.00967         3     0.23049         2     0.35897         6     0.48613         5     2.93785         1     4.02423
Frame      75647    pt_id     1         4     0.00519         3     0.22319         2     0.33191         6     0.51100         5     2.96307         1     4.04338
Frame      75648    pt_id     1         4     0.00157         3     0.23135         2     0.29827         6     0.55794         5     3.03317         1     4.10138
Frame      75649    pt_id     1         4     0.00162         3     0.23080         2     0.29611         6     0.55958         5     3.03519         1     4.10266
Frame      75650    pt_id     1         4     0.00073         3     0.23722         2     0.26639         6     0.60517         5     3.09308         1     4.15146
Frame      75651    pt_id     1         4     0.00084         3     0.23389         2     0.27822         6     0.58630         5     3.06638         1     4.13048
Frame      75652    pt_id     1         4     0.00157         3     0.23615         2     0.29811         6     0.56074         5     3.03905         1     4.10623
Frame      75653    pt_id     1         4     0.00103         3     0.23895         2     0.29055         6     0.57283         5     3.05513         1     4.12005
Frame      75654    pt_id     1         4     0.00230         3     0.23627         2     0.30718         6     0.55029         5     3.02693         1     4.09982
Frame      75655    pt_id     1         4     0.00286         3     0.23864         2     0.31299         6     0.54591         5     3.02992         1     4.10407
Frame      75656    pt_id     1         4     0.00431         3     0.24005         2     0.32470         6     0.53258         5     3.01821         1     4.09410
Frame      75657    pt_id     1         4     0.00554         3     0.24273         2     0.33375         6     0.52360         5     3.01235         1     4.09070
Frame      75658    pt_id     1         4     0.00517         3     0.23543         2     0.33127         6     0.51961         5     3.00152         1     4.08065
Frame      75659    pt_id     1         4     0.00374         3     0.23912         2     0.32055         6     0.53505         5     3.02091         1     4.09544
Frame      75660    pt_id     1         4     0.01336         3     0.24106         2     0.37681         6     0.47194         5     2.94634         1     4.03454
Frame      75661    pt_id     1         4     0.01684         3     0.25519         2     0.38964         6     0.47138         5     2.96164         1     4.04822
Frame      75662    pt_id     1         4     0.01130         3     0.25023         2     0.36550         6     0.49167         5     2.98537         1     4.06784
Frame      75663    pt_id     1         4     0.01791         3     0.25757         2     0.39451         6     0.46691         5     2.96279         1     4.05032
Frame      75664    pt_id     1         4     0.01504         3     0.25812         2     0.38027         6     0.48276         5     2.97624         1     4.05958
Frame      75665    pt_id     1         4     0.01321         3     0.25664         2     0.36987         6     0.49204         5     2.97752         1     4.05573
Frame      75666    pt_id     1         4     0.00909         3     0.25440         2     0.34839         6     0.51258         5     2.99756         1     4.06878
Frame      75667    pt_id     1         4     0.00798         3     0.26198         2     0.33650         6     0.53381         5     3.02693         1     4.09364
Frame      75668    pt_id     1         4     0.00483         3     0.27357         2     0.30250         6     0.58624         5     3.10052         1     4.15513
Frame      75669    pt_id     1         4     0.00304         3     0.26945         2     0.29343         6     0.59138         5     3.10445         1     4.15689
Frame      75670    pt_id     1         4     0.00269         2     0.24035         3     0.28182         6     0.67549         5     3.20769         1     4.24272
Frame      75671    pt_id     1         4     0.00882         2     0.19561         3     0.28989         6     0.75186         5     3.28983         1     4.31079
Frame      75672    pt_id     1         4     0.01668         2     0.17245         3     0.30970         6     0.81179         5     3.36550         1     4.37488
Frame      75673    pt_id     1         4     0.02585         2     0.15393         3     0.32692         6     0.86632         5     3.43012         1     4.43082
Frame      75674    pt_id     1         4     0.04716         2     0.12776         3     0.35572         6     0.96033         5     3.54181         1     4.52883
Frame      75675    pt_id     1         4     0.04991         2     0.12535         3     0.36204         6     0.97306         5     3.55722         1     4.54440
Frame      75676    pt_id     1         4     0.05057         2     0.12552         3     0.36502         6     0.97824         5     3.56503         1     4.55598
Frame      75677    pt_id     1         4     0.06078         2     0.11802         3     0.37544         6     1.01451         5     3.60686         1     4.59376
Frame      75678    pt_id     1         4     0.06022         2     0.12104         3     0.35872         6     0.99765         5     3.56913         1     4.56372
Frame      75679    pt_id     1         4     0.05841         2     0.12201         3     0.35756         6     0.99513         5     3.56568         1     4.56406
Frame      75680    pt_id     1         4     0.04464         2     0.13336         3     0.34449         6     0.94690         5     3.51621         1     4.52128
Frame      75681    pt_id     1         4     0.02546         2     0.16002         3     0.32663         6     0.86563         5     3.43250         1     4.44986
Frame      75682    pt_id     1         4     0.02380         2     0.16298         3     0.32126         6     0.85543         5     3.41749         1     4.43837
Frame      75683    pt_id     1         4     0.02410         2     0.16297         3     0.32477         6     0.85870         5     3.42225         1     4.44171
Frame      75684    pt_id     1         4     0.01440         2     0.18403         3     0.30840         6     0.79982         5     3.36073         1     4.38888
Frame      75685    pt_id     1         4     0.01376         2     0.18635         3     0.30548         6     0.79499         5     3.36036         1     4.39147
Frame      75686    pt_id     1         4     0.01376         2     0.18635         3     0.30548         6     0.79499         5     3.36036         1     4.39147
Frame      75687    pt_id     1         4     0.01376         2     0.18635         3     0.30548         6     0.79499         5     3.36036         1     4.39147
Frame      75688    pt_id     1         4     0.01376         2     0.18635         3     0.30548         6     0.79499         5     3.36036         1     4.39147
