Frame      82291    pt_id     1         2     0.10896         4     0.25789         3     0.68312         6     1.60533         5     4.43956         1     5.36619
Frame      82292    pt_id     1         2     0.10081         4     0.14483         3     0.55309         6     1.32520         5     4.10542         1     5.05551
Frame      82293    pt_id     1         4     0.10281         2     0.11718         3     0.50781         6     1.20082         5     3.95940         1     4.92928
Frame      82294    pt_id     1         4     0.06433         2     0.14434         3     0.45270         6     1.05833         5     3.78701         1     4.78003
Frame      82295    pt_id     1         4     0.07318         2     0.13124         3     0.46123         6     1.09529         5     3.81926         1     4.80287
Frame      82296    pt_id     1         4     0.08078         2     0.12368         3     0.47085         6     1.12294         5     3.84622         1     4.81842
Frame      82297    pt_id     1         4     0.07952         2     0.11880         3     0.45490         6     1.11444         5     3.80975         1     4.78310
Frame      82298    pt_id     1         4     0.08409         2     0.11125         3     0.45014         6     1.12707         5     3.81028         1     4.77974
Frame      82299    pt_id     1         4     0.07145         2     0.11632         3     0.42863         6     1.08069         5     3.74698         1     4.72202
Frame      82300    pt_id     1         4     0.06458         2     0.11973         3     0.41119         6     1.05141         5     3.70347         1     4.68500
Frame      82301    pt_id     1         4     0.02552         2     0.17592         3     0.36044         6     0.86910         5     3.48636         1     4.49367
Frame      82302    pt_id     1         4     0.02065         2     0.18302         3     0.34534         6     0.83888         5     3.44020         1     4.45209
Frame      82303    pt_id     1         4     0.02256         2     0.16776         3     0.33885         6     0.85690         5     3.45329         1     4.46067
Frame      82304    pt_id     1         4     0.02809         2     0.15400         3     0.33735         6     0.88323         5     3.47405         1     4.47636
Frame      82305    pt_id     1         4     0.02497         2     0.15796         3     0.31855         6     0.85813         5     3.42621         1     4.43330
Frame      82306    pt_id     1         4     0.00991         2     0.19351         3     0.28693         6     0.75887         5     3.29659         1     4.32317
Frame      82307    pt_id     1         4     0.00793         2     0.20155         3     0.27429         6     0.73575         5     3.26148         1     4.29457
Frame      82308    pt_id     1         4     0.00449         2     0.21830         3     0.26682         6     0.70133         5     3.21463         1     4.25835
Frame      82309    pt_id     1         4     0.00468         2     0.21856         3     0.26240         6     0.69955         5     3.21111         1     4.25738
Frame      82310    pt_id     1         4     0.00372         2     0.22619         3     0.26630         6     0.69036         5     3.20667         1     4.25204
Frame      82311    pt_id     1         4     0.01644         2     0.17895         3     0.27565         6     0.78430         5     3.29879         1     4.32991
Frame      82312    pt_id     1         4     0.01470         2     0.18692         3     0.26154         6     0.76132         5     3.26041         1     4.29913
Frame      82313    pt_id     1         4     0.00753         2     0.21119         3     0.24364         6     0.70176         5     3.17694         1     4.22860
Frame      82314    pt_id     1         4     0.00400         2     0.22960         3     0.23345         6     0.66096         5     3.11493         1     4.17522
Frame      82315    pt_id     1         4     0.00142         3     0.22524         2     0.26433         6     0.60252         5     3.04002         1     4.11628
Frame      82316    pt_id     1         4     0.00496         3     0.22716         2     0.22836         6     0.66081         5     3.09494         1     4.16184
Frame      82317    pt_id     1         4     0.00474         3     0.21748         2     0.23625         6     0.64105         5     3.05738         1     4.12917
Frame      82318    pt_id     1         4     0.00408         3     0.21251         2     0.24367         6     0.62553         5     3.03519         1     4.10799
Frame      82319    pt_id     1         4     0.00480         3     0.20900         2     0.24377         6     0.62323         5     3.02622         1     4.10037
Frame      82320    pt_id     1         4     0.00499         3     0.18886         2     0.28690         6     0.54693         5     2.91341         1     4.00487
Frame      82321    pt_id     1         4     0.00755         3     0.18302         2     0.31994         6     0.49927         5     2.85377         1     3.95456
Frame      82322    pt_id     1         4     0.00666         3     0.18576         2     0.30884         6     0.51402         5     2.86896         1     3.96522
Frame      82323    pt_id     1         4     0.00576         3     0.18921         2     0.30406         6     0.52221         5     2.87930         1     3.97347
Frame      82324    pt_id     1         4     0.00604         3     0.18545         2     0.28017         6     0.55356         5     2.91016         1     3.99794
Frame      82325    pt_id     1         4     0.00596         3     0.18861         2     0.26942         6     0.56997         5     2.93425         1     4.01462
Frame      82326    pt_id     1         4     0.00890         3     0.17328         2     0.29975         6     0.52035         5     2.85819         1     3.95086
Frame      82327    pt_id     1         4     0.00558         3     0.18668         2     0.28197         6     0.54788         5     2.90510         1     3.98434
Frame      82328    pt_id     1         4     0.00672         3     0.18355         2     0.27058         6     0.56383         5     2.91517         1     3.99258
Frame      82329    pt_id     1         4     0.00613         3     0.18560         2     0.26423         6     0.57256         5     2.92011         1     3.99286
Frame      82330    pt_id     1         4     0.01386         3     0.20254         2     0.21136         6     0.67219         5     3.03213         1     4.08630
Frame      82331    pt_id     1         4     0.02198         2     0.19135         3     0.21159         6     0.72121         5     3.08481         1     4.13240
Frame      82332    pt_id     1         4     0.02280         2     0.19327         3     0.20852         6     0.71908         5     3.07827         1     4.13027
Frame      82333    pt_id     1         4     0.01537         3     0.19058         2     0.21921         6     0.65651         5     3.00027         1     4.06232
Frame      82334    pt_id     1         4     0.00914         3     0.18728         2     0.23997         6     0.61547         5     2.96084         1     4.03060
Frame      82335    pt_id     1         4     0.01231         3     0.19307         2     0.22368         6     0.64828         5     2.99844         1     4.06334
Frame      82336    pt_id     1         4     0.00489         3     0.18842         2     0.27516         6     0.56079         5     2.91077         1     3.99284
Frame      82337    pt_id     1         4     0.00665         3     0.17763         2     0.29936         6     0.52431         5     2.86119         1     3.95780
Frame      82338    pt_id     1         4     0.01162         3     0.19072         2     0.35399         6     0.46640         5     2.81335         1     3.91967
Frame      82339    pt_id     1         4     0.01122         3     0.18753         2     0.35057         6     0.46934         5     2.81235         1     3.91991
Frame      82340    pt_id     1         4     0.01615         3     0.19062         2     0.37713         6     0.44347         5     2.78455         1     3.89917
Frame      82341    pt_id     1         4     0.01897         3     0.18960         2     0.39239         6     0.42482         5     2.76526         1     3.88431
Frame      82342    pt_id     1         4     0.01446         3     0.19278         2     0.37180         6     0.44829         5     2.80181         1     3.91179
Frame      82343    pt_id     1         4     0.01235         3     0.17643         2     0.35410         6     0.45708         5     2.78980         1     3.90132
Frame      82344    pt_id     1         4     0.01448         3     0.17136         2     0.36236         6     0.44487         5     2.76100         1     3.87659
Frame      82345    pt_id     1         4     0.01734         3     0.17431         2     0.37971         6     0.42767         5     2.74797         1     3.86730
Frame      82346    pt_id     1         4     0.00732         3     0.17472         2     0.30081         6     0.52260         5     2.86897         1     3.96575
Frame      82347    pt_id     1         4     0.00719         3     0.17557         2     0.30355         6     0.51883         5     2.86527         1     3.96190
Frame      82348    pt_id     1         4     0.00966         3     0.17580         2     0.26542         6     0.57549         5     2.91757         1     4.00444
Frame      82349    pt_id     1         4     0.00760         3     0.17597         2     0.27808         6     0.55529         5     2.89730         1     3.98850
Frame      82350    pt_id     1         4     0.00764         3     0.17453         2     0.29685         6     0.52622         5     2.86323         1     3.95850
Frame      82351    pt_id     1         4     0.00758         3     0.17692         2     0.27655         6     0.55692         5     2.89740         1     3.98692
Frame      82352    pt_id     1         4     0.00685         3     0.17827         2     0.29735         6     0.52578         5     2.86623         1     3.95889
Frame      82353    pt_id     1         4     0.00413         3     0.19213         2     0.28556         6     0.54824         5     2.91401         1     3.99448
Frame      82354    pt_id     1         4     0.00284         3     0.20513         2     0.26616         6     0.58362         5     2.97385         1     4.04478
Frame      82355    pt_id     1         4     0.00326         3     0.20032         2     0.27075         6     0.57327         5     2.94867         1     4.02240
Frame      82356    pt_id     1         4     0.00324         3     0.20185         2     0.26709         6     0.58050         5     2.96217         1     4.03369
Frame      82357    pt_id     1         4     0.00379         3     0.21151         2     0.24389         6     0.62118         5     3.01342         1     4.07796
Frame      82358    pt_id     1         4     0.00456         3     0.19702         2     0.25572         6     0.59676         5     2.96981         1     4.04376
Frame      82359    pt_id     1         4     0.00792         3     0.17960         2     0.27632         6     0.55759         5     2.91768         1     3.99970
Frame      82360    pt_id     1         4     0.00913         3     0.17686         2     0.27857         6     0.55436         5     2.90510         1     3.99112
Frame      82361    pt_id     1         4     0.01049         3     0.18157         2     0.26009         6     0.58657         5     2.94081         1     4.02311
Frame      82362    pt_id     1         4     0.00978         3     0.17124         2     0.28095         6     0.55028         5     2.88345         1     3.97751
Frame      82363    pt_id     1         4     0.01039         3     0.16790         2     0.32351         6     0.49024         5     2.81130         1     3.92217
Frame      82364    pt_id     1         4     0.01799         3     0.16524         2     0.37649         6     0.42627         5     2.73380         1     3.85707
Frame      82365    pt_id     1         4     0.01960         3     0.16206         2     0.38456         6     0.41734         5     2.71999         1     3.84719
Frame      82366    pt_id     1         4     0.02173         3     0.16622         2     0.39635         6     0.40669         5     2.70555         1     3.83620
Frame      82367    pt_id     1         4     0.02260         3     0.16403         2     0.39937         6     0.40257         5     2.70129         1     3.83240
Frame      82368    pt_id     1         4     0.02598         3     0.17870         6     0.38983         2     0.41886         5     2.70542         1     3.83597
Frame      82369    pt_id     1         4     0.03218         3     0.20497         6     0.39398         2     0.43939         5     2.72267         1     3.85329
Frame      82370    pt_id     1         4     0.02505         3     0.20173         6     0.41301         2     0.41657         5     2.76321         1     3.88755
Frame      82371    pt_id     1         4     0.03197         3     0.21932         6     0.41088         2     0.43654         5     2.77790         1     3.90006
Frame      82372    pt_id     1         4     0.02620         3     0.21288         6     0.41771         2     0.42040         5     2.78829         1     3.90704
Frame      82373    pt_id     1         4     0.00660         3     0.20472         2     0.32867         6     0.50787         5     2.90487         1     4.00072
Frame      82374    pt_id     1         4     0.00250         3     0.20701         2     0.27234         6     0.58145         5     2.98921         1     4.07135
Frame      82375    pt_id     1         4     0.00217         3     0.21198         2     0.26603         6     0.59185         5     3.01181         1     4.09010
Frame      82376    pt_id     1         4     0.00197         3     0.21582         2     0.26229         6     0.59953         5     3.02925         1     4.10410
Frame      82377    pt_id     1         4     0.00149         3     0.22014         2     0.26591         6     0.59801         5     3.03831         1     4.11460
Frame      82378    pt_id     1         4     0.00359         3     0.21812         2     0.24610         6     0.62944         5     3.07111         1     4.14438
Frame      82379    pt_id     1         4     0.00536         3     0.21316         2     0.24385         6     0.63123         5     3.06549         1     4.14034
Frame      82380    pt_id     1         4     0.00384         3     0.22077         2     0.24279         6     0.63665         5     3.08140         1     4.15467
Frame      82381    pt_id     1         4     0.00442         3     0.20356         2     0.26378         6     0.59371         5     3.01053         1     4.09409
Frame      82382    pt_id     1         4     0.00296         3     0.20495         2     0.27457         6     0.57819         5     2.99888         1     4.08517
Frame      82383    pt_id     1         4     0.00366         3     0.20070         2     0.30559         6     0.53356         5     2.94502         1     4.04122
Frame      82384    pt_id     1         4     0.00414         3     0.19855         2     0.30987         6     0.52737         5     2.93673         1     4.03458
Frame      82385    pt_id     1         4     0.00318         3     0.20375         2     0.30127         6     0.54246         5     2.95903         1     4.05332
Frame      82386    pt_id     1         4     0.00367         3     0.19894         2     0.30323         6     0.53751         5     2.94724         1     4.04485
Frame      82387    pt_id     1         4     0.00411         3     0.19761         2     0.30834         6     0.52861         5     2.93311         1     4.02868
Frame      82388    pt_id     1         4     0.00993         3     0.19699         2     0.35238         6     0.47507         5     2.85602         1     3.96266
Frame      82389    pt_id     1         4     0.00811         3     0.19290         2     0.34068         6     0.48543         5     2.86866         1     3.97349
Frame      82390    pt_id     1         4     0.00725         3     0.18508         2     0.32814         6     0.49468         5     2.87191         1     3.97404
Frame      82391    pt_id     1         4     0.00734         3     0.18945         2     0.33340         6     0.49125         5     2.87380         1     3.97677
Frame      82392    pt_id     1         4     0.00747         3     0.18664         2     0.33087         6     0.49145         5     2.87517         1     3.97492
Frame      82393    pt_id     1         4     0.00714         3     0.19013         2     0.32931         6     0.49327         5     2.88238         1     3.97752
Frame      82394    pt_id     1         4     0.01195         3     0.19273         2     0.36389         6     0.45493         5     2.83903         1     3.94423
Frame      82395    pt_id     1         4     0.01990         3     0.19467         2     0.40216         6     0.41579         5     2.79212         1     3.90593
Frame      82396    pt_id     1         4     0.03693         3     0.20224         6     0.36263         2     0.46348         5     2.71605         1     3.84283
Frame      82397    pt_id     1         4     0.04540         3     0.20719         6     0.34197         2     0.49124         5     2.69335         1     3.82812
Frame      82398    pt_id     1         4     0.03994         3     0.20709         6     0.35438         2     0.47545         5     2.72490         1     3.85399
Frame      82399    pt_id     1         4     0.03051         3     0.20610         6     0.38175         2     0.44432         5     2.76405         1     3.88485
Frame      82400    pt_id     1         4     0.03217         3     0.21216         6     0.38120         2     0.45041         5     2.76560         1     3.88741
Frame      82401    pt_id     1         4     0.02733         3     0.20168         6     0.39005         2     0.43257         5     2.77166         1     3.89031
Frame      82402    pt_id     1         4     0.02790         3     0.20099         6     0.38801         2     0.43489         5     2.76739         1     3.89006
Frame      82403    pt_id     1         4     0.03975         3     0.20608         6     0.35545         2     0.47609         5     2.72436         1     3.85843
Frame      82404    pt_id     1         4     0.03388         3     0.19818         6     0.36770         2     0.45568         5     2.73714         1     3.86531
Frame      82405    pt_id     1         4     0.03094         3     0.18684         6     0.37216         2     0.44256         5     2.72966         1     3.85634
Frame      82406    pt_id     1         4     0.01547         3     0.17879         2     0.37375         6     0.43791         5     2.81391         1     3.92490
Frame      82407    pt_id     1         4     0.01718         3     0.17948         2     0.38337         6     0.42750         5     2.79935         1     3.91271
Frame      82408    pt_id     1         4     0.01468         3     0.18447         2     0.37398         6     0.44034         5     2.82245         1     3.93266
Frame      82409    pt_id     1         4     0.01259         3     0.19225         2     0.36725         6     0.45233         5     2.85317         1     3.95881
Frame      82410    pt_id     1         4     0.02140         3     0.18952         2     0.40717         6     0.40827         5     2.79326         1     3.90956
Frame      82411    pt_id     1         4     0.02778         3     0.20499         6     0.39024         2     0.43623         5     2.78653         1     3.90647
Frame      82412    pt_id     1         4     0.02983         3     0.19879         6     0.38000         2     0.44206         5     2.76400         1     3.88525
Frame      82413    pt_id     1         4     0.01810         3     0.19052         2     0.39128         6     0.42490         5     2.82012         1     3.93083
Frame      82414    pt_id     1         4     0.01577         3     0.19365         2     0.38389         6     0.43504         5     2.83326         1     3.94250
Frame      82415    pt_id     1         4     0.01211         3     0.20333         2     0.36908         6     0.45738         5     2.87796         1     3.98119
Frame      82416    pt_id     1         4     0.01069         3     0.21124         2     0.36415         6     0.46779         5     2.90221         1     4.00124
Frame      82417    pt_id     1         4     0.00903         3     0.21190         2     0.35510         6     0.47819         5     2.91474         1     4.01040
Frame      82418    pt_id     1         4     0.00693         3     0.20758         2     0.33964         6     0.49276         5     2.92576         1     4.01712
Frame      82419    pt_id     1         4     0.01408         3     0.20086         2     0.37766         6     0.44515         5     2.85752         1     3.95989
Frame      82420    pt_id     1         4     0.00773         3     0.20810         2     0.34553         6     0.48625         5     2.92145         1     4.01312
Frame      82421    pt_id     1         4     0.00863         3     0.20732         2     0.34977         6     0.48031         5     2.91020         1     4.00310
Frame      82422    pt_id     1         4     0.00867         3     0.22353         2     0.35514         6     0.48608         5     2.93527         1     4.02590
Frame      82423    pt_id     1         4     0.01790         3     0.23270         2     0.39796         6     0.44695         5     2.89061         1     3.98832
Frame      82424    pt_id     1         4     0.02291         3     0.23368         2     0.41769         6     0.42769         5     2.86838         1     3.96842
Frame      82425    pt_id     1         4     0.01993         3     0.22668         2     0.40666         6     0.43277         5     2.86846         1     3.96644
Frame      82426    pt_id     1         4     0.03568         3     0.22483         6     0.37886         2     0.46298         5     2.78759         1     3.90152
Frame      82427    pt_id     1         4     0.04305         3     0.22794         6     0.36054         2     0.48592         5     2.76384         1     3.88161
Frame      82428    pt_id     1         4     0.03476         3     0.22264         6     0.38084         2     0.45955         5     2.78770         1     3.89977
Frame      82429    pt_id     1         4     0.03132         3     0.22646         6     0.39773         2     0.44567         5     2.80950         1     3.91524
Frame      82430    pt_id     1         4     0.04107         3     0.22807         6     0.36793         2     0.47813         5     2.76461         1     3.87819
Frame      82431    pt_id     1         4     0.04192         3     0.22852         6     0.36753         2     0.47987         5     2.76335         1     3.87574
Frame      82432    pt_id     1         4     0.03651         3     0.21427         6     0.36990         2     0.46357         5     2.75509         1     3.86620
Frame      82433    pt_id     1         4     0.02416         3     0.20202         6     0.40156         2     0.42043         5     2.79109         1     3.89415
Frame      82434    pt_id     1         4     0.02275         3     0.19749         6     0.40414         2     0.41441         5     2.78920         1     3.89289
Frame      82435    pt_id     1         4     0.02588         3     0.19894         6     0.39307         2     0.42622         5     2.77456         1     3.88130
Frame      82436    pt_id     1         4     0.01468         3     0.20620         2     0.38097         6     0.44308         5     2.85356         1     3.94437
Frame      82437    pt_id     1         4     0.01725         3     0.21268         2     0.39367         6     0.43455         5     2.84886         1     3.94111
Frame      82438    pt_id     1         4     0.02326         3     0.21982         6     0.41568         2     0.41796         5     2.82725         1     3.92412
Frame      82439    pt_id     1         4     0.01825         3     0.21206         2     0.39760         6     0.42964         5     2.84033         1     3.93555
Frame      82440    pt_id     1         4     0.02079         3     0.20819         2     0.40781         6     0.41720         5     2.81609         1     3.91512
Frame      82441    pt_id     1         4     0.01480         3     0.20571         2     0.38067         6     0.44272         5     2.85229         1     3.94408
Frame      82442    pt_id     1         4     0.01299         3     0.21365         2     0.37501         6     0.45511         5     2.87667         1     3.96598
Frame      82443    pt_id     1         4     0.01513         3     0.21354         2     0.38496         6     0.44489         5     2.85798         1     3.95095
Frame      82444    pt_id     1         4     0.02139         3     0.22067         2     0.41100         6     0.42263         5     2.83645         1     3.93265
Frame      82445    pt_id     1         4     0.02792         3     0.23280         6     0.41182         2     0.43394         5     2.83193         1     3.93025
Frame      82446    pt_id     1         4     0.02203         3     0.21373         2     0.41171         6     0.41865         5     2.81050         1     3.90884
Frame      82447    pt_id     1         4     0.01020         3     0.20391         2     0.35716         6     0.46680         5     2.86175         1     3.94749
Frame      82448    pt_id     1         4     0.00915         3     0.19264         2     0.34574         6     0.47304         5     2.85595         1     3.94255
Frame      82449    pt_id     1         4     0.02110         3     0.20525         2     0.40775         6     0.41536         5     2.79543         1     3.89477
Frame      82450    pt_id     1         4     0.01142         3     0.21026         2     0.36516         6     0.46186         5     2.86764         1     3.95180
Frame      82451    pt_id     1         4     0.01202         3     0.20675         2     0.36748         6     0.45677         5     2.85563         1     3.94191
Frame      82452    pt_id     1         4     0.01146         3     0.19845         2     0.35957         6     0.45869         5     2.84068         1     3.92534
Frame      82453    pt_id     1         4     0.01570         3     0.20581         2     0.38241         6     0.43759         5     2.82514         1     3.90999
Frame      82454    pt_id     1         4     0.01010         3     0.20312         2     0.35223         6     0.46780         5     2.85454         1     3.93159
Frame      82455    pt_id     1         4     0.00438         3     0.19967         2     0.29458         6     0.53509         5     2.91167         1     3.97450
Frame      82456    pt_id     1         4     0.00683         3     0.20167         2     0.32607         6     0.49652         5     2.87705         1     3.94699
Frame      82457    pt_id     1         4     0.00949         3     0.18900         2     0.33644         6     0.47769         5     2.83447         1     3.91269
Frame      82458    pt_id     1         4     0.00508         3     0.19525         2     0.30222         6     0.52168         5     2.88913         1     3.95187
Frame      82459    pt_id     1         4     0.00718         3     0.18502         2     0.27586         6     0.55333         5     2.90253         1     3.95773
Frame      82460    pt_id     1         4     0.00888         3     0.18774         2     0.24680         6     0.59789         5     2.93777         1     3.98146
Frame      82461    pt_id     1         4     0.00879         3     0.18066         2     0.25297         6     0.58412         5     2.91004         1     3.95524
Frame      82462    pt_id     1         4     0.00701         3     0.17832         2     0.28745         6     0.53029         5     2.86168         1     3.91430
Frame      82463    pt_id     1         4     0.01131         3     0.16596         2     0.28535         6     0.53046         5     2.83683         1     3.89278
Frame      82464    pt_id     1         4     0.01246         3     0.16378         2     0.28282         6     0.53484         5     2.83595         1     3.89319
Frame      82465    pt_id     1         4     0.01178         3     0.17057         2     0.27371         6     0.54913         5     2.86361         1     3.91218
Frame      82466    pt_id     1         4     0.01331         3     0.19006         2     0.22910         6     0.62491         5     2.95538         1     3.98040
Frame      82467    pt_id     1         4     0.01634         2     0.20015         3     0.20500         6     0.68131         5     3.01848         1     4.02843
Frame      82468    pt_id     1         4     0.00973         3     0.17598         2     0.25603         6     0.57048         5     2.87208         1     3.90555
Frame      82469    pt_id     1         4     0.01420         3     0.18880         2     0.21595         6     0.64314         5     2.94975         1     3.96677
Frame      82470    pt_id     1         4     0.01718         3     0.17675         2     0.22030         6     0.63393         5     2.91908         1     3.93950
Frame      82471    pt_id     1         4     0.02512         2     0.18792         3     0.19447         6     0.70393         5     2.98900         1     3.99396
Frame      82472    pt_id     1         4     0.04121         2     0.17165         3     0.19706         6     0.75621         5     3.01365         1     4.01435
Frame      82473    pt_id     1         4     0.05987         2     0.14061         3     0.23056         6     0.85693         5     3.12732         1     4.10792
Frame      82474    pt_id     1         4     0.07308         2     0.12697         3     0.24946         6     0.91080         5     3.17941         1     4.14726
Frame      82475    pt_id     1         4     0.06890         2     0.14212         3     0.22395         6     0.86618         5     3.10895         1     4.09020
Frame      82476    pt_id     1         4     0.06772         2     0.15462         3     0.20611         6     0.83543         5     3.05788         1     4.05034
Frame      82477    pt_id     1         4     0.06534         2     0.15513         3     0.20551         6     0.83066         5     3.05816         1     4.04949
Frame      82478    pt_id     1         4     0.08844         2     0.13819         3     0.23406         6     0.91403         5     3.14789         1     4.12677
Frame      82479    pt_id     1         4     0.08848         2     0.13893         3     0.23153         6     0.91151         5     3.12988         1     4.11263
Frame      82480    pt_id     1         4     0.04872         2     0.17486         3     0.18388         6     0.75904         5     2.96614         1     3.97290
Frame      82481    pt_id     1         4     0.04898         2     0.17239         3     0.18611         6     0.76345         5     2.96668         1     3.97112
Frame      82482    pt_id     1         4     0.06249         2     0.13445         3     0.23638         6     0.87176         5     3.12742         1     4.09672
Frame      82483    pt_id     1         4     0.05336         2     0.15186         3     0.21188         6     0.81299         5     3.05213         1     4.03288
Frame      82484    pt_id     1         4     0.04921         2     0.16457         3     0.19826         6     0.77807         5     3.01701         1     4.00442
Frame      82485    pt_id     1         4     0.04957         2     0.16361         3     0.19805         6     0.77767         5     3.00724         1     3.99152
Frame      82486    pt_id     1         4     0.05198         2     0.15153         3     0.21164         6     0.80678         5     3.04688         1     4.01922
Frame      82487    pt_id     1         4     0.05732         2     0.15117         3     0.20961         6     0.81455         5     3.04691         1     4.01749
Frame      82488    pt_id     1         4     0.06374         2     0.13058         3     0.23872         6     0.87109         5     3.12855         1     4.07745
Frame      82489    pt_id     1         4     0.06549         2     0.12286         3     0.25256         6     0.89345         5     3.17254         1     4.11110
Frame      82490    pt_id     1         2     0.08933         4     0.12065         3     0.32999         6     1.08486         5     3.37801         1     4.27841
Frame      82491    pt_id     1         2     0.09088         4     0.12296         3     0.32644         6     1.08412         5     3.36475         1     4.26643
Frame      82492    pt_id     1         2     0.09228         4     0.12468         3     0.32250         6     1.08035         5     3.34408         1     4.24658
Frame      82493    pt_id     1         2     0.07968         4     0.14214         3     0.36049         6     1.15059         5     3.43385         1     4.31282
Frame      82494    pt_id     1         2     0.07869         4     0.14017         3     0.35746         6     1.14435         5     3.40773         1     4.28453
Frame      82495    pt_id     1         2     0.07290         4     0.15489         3     0.38204         6     1.19088         5     3.44580         1     4.31084
Frame      82496    pt_id     1         2     0.07702         4     0.15627         3     0.36919         6     1.17817         5     3.40423         1     4.27468
Frame      82497    pt_id     1         2     0.07553         4     0.15319         3     0.37199         6     1.17426         5     3.39700         1     4.26577
Frame      82498    pt_id     1         2     0.08099         4     0.15022         3     0.35355         6     1.15059         5     3.35259         1     4.23026
Frame      82499    pt_id     1         2     0.08478         4     0.14849         3     0.33998         6     1.13212         5     3.31894         1     4.19873
Frame      82500    pt_id     1         2     0.08129         4     0.14212         3     0.34358         6     1.12895         5     3.33772         1     4.21315
Frame      82501    pt_id     1         2     0.08318         4     0.13604         3     0.33255         6     1.10703         5     3.31415         1     4.18926
Frame      82502    pt_id     1         2     0.08692         4     0.14091         3     0.32625         6     1.10501         5     3.27390         1     4.15486
Frame      82503    pt_id     1         2     0.08748         4     0.14369         3     0.32870         6     1.11285         5     3.27973         1     4.16399
Frame      82504    pt_id     1         2     0.08291         4     0.16705         3     0.35858         6     1.18152         5     3.36117         1     4.23560
Frame      82505    pt_id     1         2     0.08215         4     0.16371         3     0.35885         6     1.17885         5     3.36836         1     4.24366
Frame      82506    pt_id     1         2     0.08807         4     0.14032         3     0.32586         6     1.10703         5     3.29188         1     4.17693
Frame      82507    pt_id     1         2     0.08542         4     0.14218         3     0.33119         6     1.11509         5     3.29792         1     4.17564
Frame      82508    pt_id     1         2     0.08538         4     0.13799         3     0.32946         6     1.10560         5     3.28929         1     4.16756
Frame      82509    pt_id     1         2     0.08200         4     0.14080         3     0.33958         6     1.11970         5     3.30013         1     4.17265
Frame      82510    pt_id     1         2     0.08900         4     0.14361         3     0.32455         6     1.10428         5     3.24865         1     4.13064
Frame      82511    pt_id     1         2     0.08610         4     0.14596         3     0.33337         6     1.11625         5     3.25956         1     4.13502
Frame      82512    pt_id     1         2     0.08593         4     0.13563         3     0.32638         6     1.09553         5     3.26328         1     4.13869
Frame      82513    pt_id     1         2     0.08794         4     0.13478         3     0.32001         6     1.08410         5     3.22973         1     4.10543
Frame      82514    pt_id     1         2     0.08647         4     0.13655         3     0.32485         6     1.08917         5     3.22216         1     4.09330
Frame      82515    pt_id     1         2     0.09564         4     0.12450         3     0.29403         6     1.03418         5     3.14841         1     4.02757
Frame      82516    pt_id     1         2     0.08449         4     0.14370         3     0.33089         6     1.10603         5     3.23108         1     4.09417
Frame      82517    pt_id     1         2     0.08283         4     0.14686         3     0.33580         6     1.11683         5     3.24643         1     4.10614
Frame      82518    pt_id     1         2     0.08117         4     0.15503         3     0.34548         6     1.13905         5     3.26314         1     4.11808
Frame      82519    pt_id     1         2     0.08848         4     0.15484         3     0.32677         6     1.11654         5     3.21081         1     4.07561
Frame      82520    pt_id     1         2     0.09151         4     0.14750         3     0.31261         6     1.09101         5     3.18747         1     4.05608
Frame      82521    pt_id     1         2     0.09221         4     0.14898         3     0.31228         6     1.09374         5     3.18945         1     4.05940
Frame      82522    pt_id     1         2     0.10055         4     0.14536         3     0.29243         6     1.06353         5     3.13458         1     4.01573
Frame      82523    pt_id     1         2     0.10281         4     0.14157         3     0.28474         6     1.05058         5     3.12925         1     4.01362
Frame      82524    pt_id     1         2     0.10572         4     0.13647         3     0.27596         6     1.03342         5     3.11959         1     4.00722
Frame      82525    pt_id     1         2     0.10312         4     0.14522         3     0.28608         6     1.05769         5     3.13954         1     4.02271
Frame      82526    pt_id     1         2     0.10813         4     0.14483         3     0.27559         6     1.04192         5     3.10064         1     3.98808
Frame      82527    pt_id     1         2     0.12472         4     0.13285         3     0.23957         6     0.97494         5     3.00062         1     3.90468
Frame      82528    pt_id     1         2     0.12535         4     0.13037         3     0.23646         6     0.96621         5     2.99160         1     3.89507
Frame      82529    pt_id     1         2     0.11788         4     0.12583         3     0.24543         6     0.97433         5     3.03020         1     3.92404
Frame      82530    pt_id     1         2     0.12132         4     0.12186         3     0.23877         6     0.95768         5     2.99937         1     3.89748
Frame      82531    pt_id     1         2     0.11818         4     0.12019         3     0.24261         6     0.96062         5     3.01299         1     3.90737
Frame      82532    pt_id     1         2     0.12484         4     0.12817         3     0.23327         6     0.95668         5     2.98147         1     3.87715
Frame      82533    pt_id     1         2     0.12484         4     0.12817         3     0.23327         6     0.95668         5     2.98147         1     3.87715
Frame      82534    pt_id     1         2     0.12484         4     0.12817         3     0.23327         6     0.95668         5     2.98147         1     3.87715
Frame      82535    pt_id     1         2     0.12484         4     0.12817         3     0.23327         6     0.95668         5     2.98147         1     3.87715
